2.353393321243117120e-01
-8.890282516609007146e-01
6.143785172053717325e-01
6.191585813050005660e-01
-3.184180316750189199e-01
1.469810125399343692e-01
-9.001231961253250979e-01
-3.487287875834763629e-01
8.146237112541443448e-02
1.000000000000000000e+00
-8.156330258124937505e-01
1.000000000000000000e+00
-1.000000000000000000e+00
-2.370407027127944266e-01
8.364673293066993143e-01
-4.725598606031652937e-01
-3.028374216110889527e-01
7.262799937955735086e-01
-3.156581869109195693e-01
6.306362013564693891e-02
-1.618113460349390187e-01
5.922108177835263554e-01
1.389898488162448764e-01
8.550515326884332301e-02
-5.340366648388695792e-01
-1.000000000000000000e+00
-4.784974146511367099e-01
1.640991538489366963e-01
-8.655165756749932937e-01
-1.683515709824588147e-01
-6.006543044004213350e-01
-4.913095099961010126e-01
5.224743333265267076e-01
-1.017603498686962676e-01
-6.885475916066606805e-01
7.051563849478433843e-01
8.443586329980927729e-01
-7.193476310333422052e-01
3.921898203527262594e-01
2.201427519984418546e-01
1.769818894109904950e-01
-1.000000000000000000e+00
-4.632393329424704942e-01
4.904718301015582038e-01
-1.615346802132659396e-02
5.029515858499662428e-01
1.000000000000000000e+00
2.879408942826011120e-01
8.536151215285215921e-01
-1.000000000000000000e+00
-7.112138276535416581e-02
-9.817014904873629100e-02
7.249134508208662231e-01
-7.742694055171672751e-01
5.011397113793750746e-01
6.553573655071559534e-03
2.702956252947422144e-01
9.838481764371115323e-02
-1.000000000000000000e+00
-7.123441415362812279e-01
-3.297167588908952451e-01
-9.290620575983111751e-01
2.625873167382192230e-01
4.573302391954019441e-01
1.827786170575267377e-01
4.624701516783399913e-01
-8.723852061416970116e-01
2.158818221953049399e-01
1.642878737842704828e-01
4.716434865304998114e-01
9.583312403529296031e-01
-4.658254279573698087e-01
5.423135621918870886e-01
1.000000000000000000e+00
4.885446168286645130e-01
7.760492420869993246e-01
-9.069681798983885157e-01
-7.985927315977354723e-01
7.163299074598692417e-01
3.425221681389521988e-01
1.200011486696571789e-01
-2.581513913048437692e-01
2.495381719159431300e-01
5.760816853602560572e-01
-1.000000000000000000e+00
9.472911867159029553e-01
1.000000000000000000e+00
2.451918567412239292e-01
-6.701978092214344596e-01
-5.581275589298689832e-01
-5.261711913004926133e-01
1.000000000000000000e+00
1.209121932980782299e-01
-3.900531415015783265e-01
3.563477531089691563e-01
-6.606812867833650182e-01
-5.468143885185791087e-01
7.222484592383560109e-01
2.587871336776222941e-01
-8.434687664918888439e-01
-2.309845505855327996e-01
6.055179993985628784e-01
6.235291872384197687e-01
6.121310925689938953e-01
4.029529170086446621e-01
5.087797731798680001e-01
2.888623028046357066e-01
2.380337840261224081e-01
-7.614443988256043294e-01
1.341057185269585172e-01
-1.764290409032908125e-01
4.336062553327892088e-02
9.760817668014419857e-01
-3.107222523757032229e-01
2.127504394808364396e-01
2.068680588100511586e-01
-1.000000000000000000e+00
-6.902921021381321076e-02
4.387131301857462584e-01
4.120031318833152767e-01
2.991017258493963160e-01
-1.000000000000000000e+00
-6.364148706091481422e-01
1.000000000000000000e+00
-5.543666110960948634e-02
4.018989877428997270e-01
-6.585375133891666621e-01
-1.944485609675161986e-01
-9.004450938622324818e-01
5.647309575343673060e-01
4.839507590342002064e-01
1.000000000000000000e+00
-1.000000000000000000e+00
-1.637146926073821673e-01
5.461428531640916129e-01
-5.043120877681142034e-01
-3.575860167406191836e-01
4.599677767399889539e-01
-7.610053246563451834e-01
-6.163844252048200634e-01
6.223883415982398581e-01
1.701097275455760172e-01
-6.925807137816304415e-01
8.399262795174518015e-01
3.328247410317921040e-01
-4.043544210548486451e-01
6.726148831858018706e-01
-1.522708934274460968e-01
3.754496426661889652e-01
2.231117364765099476e-01
1.000000000000000000e+00
8.319101770433316723e-02
-6.779503562949189543e-01
-2.780727267130236879e-02
-5.308894482178951879e-01
4.667983695086633800e-01
-2.016085511784053708e-01
-1.000000000000000000e+00
7.104170563148645146e-01
-7.928224080544269414e-01
-5.268953880684539293e-01
-8.687635323974546298e-01
-5.886082993103751715e-01
-6.924178963323561753e-01
-2.139702305620928280e-01
7.934678225698048593e-01
8.069637686798567522e-01
6.891573875128554905e-01
-1.000000000000000000e+00
1.025216598085417798e-02
-1.933511521625557728e-01
6.130663791448248690e-01
8.413531700193566110e-01
-1.577733206228013330e-01
-1.976559314408581070e-01
-4.893276222555364985e-01
-4.260024074396874805e-01
1.880640105467996093e-01
7.476037813543559007e-01
2.395094707249069144e-01
1.939912930008132752e-01
-6.566932768192892400e-01
-2.773990584133256831e-01
1.406890886733631607e-01
-5.257088506680086537e-01
-6.815312409452672915e-01
-8.228299817074652411e-01
3.695856771916534722e-01
7.829696581748016304e-02
-4.716864655247706706e-01
7.990320931961735207e-01
-5.631001765462542163e-01
-6.631150634954673384e-01
-1.066936748696025311e-01
2.553581100976473062e-01
1.307080085271910413e-02
2.091147564638330680e-01
2.415521571190055450e-01
4.882261483065938878e-01
4.024677444408245597e-01
-8.845699994443304570e-01
-6.420048872808858942e-01
7.616054402653353872e-01
-6.764337746227039316e-01
8.487935964527824062e-01
-5.008144002491672353e-01
4.025263306934070973e-02
-2.057793544936502017e-01
-2.244488721098899242e-01
7.833741404405963893e-01
1.350697121148847213e-01
9.054510302305973646e-01
2.598264085700596748e-02
1.694884049124187331e-01
1.000000000000000000e+00
-3.751568132168695002e-01
4.986950106844957598e-02
3.364191956115724080e-01
-3.845687706016249208e-01
1.000000000000000000e+00
-4.994466810348330288e-01
-2.115887688062453031e-01
6.998117469488767117e-01
5.776910153515002477e-01
-1.684501561808353365e-01
4.845290857414034924e-02
-3.000152605734279776e-01
5.065485820387990445e-01
3.806570277976853989e-01
1.088789204378357196e-02
-5.620171288348562166e-01
9.041375545337946296e-01
-1.832785834742939324e-02
-2.171901904542364314e-02
-5.113070177425192708e-02
7.922606767375568459e-01
2.281525646371933835e-01
-5.507476136670425015e-01
9.340519575817098907e-01
7.456978863870663554e-01
-2.374128830075689922e-01
2.874443181588376972e-01
2.915024432582634106e-01
8.829167998283139474e-01
9.127914168645859805e-01
-1.755187411277042697e-01
-1.000000000000000000e+00
-8.170808665442074181e-01
-3.307277414451263997e-01
-1.000000000000000000e+00
-8.266283621646457191e-02
-3.057545683919413171e-01
3.033884627893366215e-01
1.210077875647504464e-01
-3.241936467417423917e-01
4.086243958103706886e-01
-1.656522381524869192e-02
-8.743675113384652420e-01
-3.590226389338843083e-01
2.749151229946895647e-01
5.478989083069042004e-02
-9.205747446897549757e-01
-7.192617459165820404e-02
-7.651258434562883126e-01
2.453473499429450755e-01
