6.487658809905232360e+00
-1.834239358031775069e+00
-5.314243184662067465e-01
-7.342170988462989101e+00
2.260620211387757372e+00
-5.177048828167579941e+00
-2.793896207873640236e+00
1.256934711407587724e+00
1.788411608231460725e+00
3.609542545050139051e+00
2.573059327102179772e+00
1.260797981712203919e+00
2.693647211167167654e+00
-2.135260270209669298e-01
7.672126969930295193e-01
-3.117082903265921523e+00
-2.401757724928952342e+00
-4.852813695945116024e+00
-1.064585989931494669e+00
-2.739650870322348997e+00
9.360998109919022037e-01
1.245782121986084068e+00
-2.734304334930719449e-01
-3.837546291810559840e+00
1.631877708036998664e-01
6.607734927827532800e+00
-1.124315017817995255e+00
2.483949078837026647e+00
-1.299350161536968251e+00
-7.606845296702150705e+00
2.961603080635197838e-01
7.071341726201639588e+00
4.862125845001798119e+00
-2.259976950986113398e+00
1.674148523582541070e+00
7.485064804326407861e-01
2.068983573323116554e-01
-1.398658162222212953e+00
-3.061158081021192467e-01
3.043291703579477758e+00
-3.301361798702604489e+00
6.576142059854928057e-02
-4.931152602660498374e+00
3.442378572834708716e+00
-2.951223228610969862e+00
5.921011023618443225e-01
2.024926568014480122e+00
-3.766402532702624928e+00
-2.680763935411484944e+00
1.642935585312104152e-01
-3.884022787262386256e+00
6.167303650945287430e+00
1.995272954615652683e+00
1.178347164105111977e+00
-2.820264973217389670e+00
4.150216735738672114e+00
3.866077971561604487e-01
-4.224474263490151316e+00
-1.469849421116488752e+00
8.400961736898511223e-01
5.072314968179231442e+00
1.548209244789265249e+00
-7.204519709284541662e+00
3.173697153014820582e+00
3.231730762695118386e+00
4.874657610057778534e+00
-3.200779766776842727e+00
7.747560321120361415e+00
3.434855720384028643e+00
-6.270539960872489438e+00
3.535469508749094825e+00
-3.175129330071071898e+00
-9.824359394842421822e-02
5.088902030180292968e+00
4.759938133541838923e-01
-1.490208875083883555e+00
-2.940862650035345638e+00
-2.394069644961275056e+00
5.809730985476656784e+00
1.269544721088250228e+00
-1.672279084115876113e+00
-5.196432638071646792e+00
3.042000295919638830e+00
5.421767010953158383e+00
-3.294247779528137965e+00
-4.671354953345575045e-01
1.952935666593696329e+00
4.619531239102992792e+00
-5.650032245213337134e+00
2.908899985885624151e+00
-8.544802369194198777e-01
-1.179106885281766326e+00
6.222800506391114039e-01
5.427429612083113142e+00
-1.953119359801237964e+00
-7.195014259031212722e-01
1.160791777346690812e-01
-9.627409907031492242e-02
-2.160685807628364707e-01
-8.433995038125981836e+00
7.477450889193942629e+00
-3.182598149341734128e+00
6.172568836979285933e+00
6.353305333856678949e+00
-5.171459247143265436e+00
-4.734413086238605572e+00
-6.899039911788986679e-01
-6.915166456250013916e+00
-9.819737287456616670e+00
-3.140154092645897954e+00
-2.869317336111657291e+00
2.410495911745009323e+00
-8.698280764609657822e+00
-2.983344517640048377e+00
-4.208038645138592493e+00
7.229410864211582854e+00
-3.307422654967357101e+00
1.692849123590082439e+00
1.765523915759535045e+00
2.134546481372144200e+00
-6.945983674533716901e+00
-8.613705900904395918e-01
3.394553282119374238e+00
1.529652606916917790e-01
-4.794681227634690401e+00
-2.300720798786611621e+00
6.517040067621957533e+00
2.610145019541195155e-01
3.607301915983677443e+00
-7.703369066538749976e-01
1.704866025455797462e+00
7.401387504120982896e+00
1.291371536453971069e+00
-1.893568059165628981e+00
1.446639957708159896e+00
-1.751326318838690943e+00
1.206133890905568551e-01
-1.042391030782827466e+00
-2.990983230523118763e-01
6.037101643702251330e+00
1.149935319635421033e-01
3.168591531354878033e+00
3.765099637071124050e+00
-1.507957940804162345e+00
-2.905257100054394748e+00
2.412956665495781472e+00
5.089285221761858935e+00
1.054249439945033062e-01
-2.917242416449119524e-01
4.144124109985820148e+00
8.598716079455493988e-01
-5.781597972803195873e+00
2.002838635221952934e+00
5.267413016559697070e+00
-6.279033277939670477e+00
-3.801319697853160040e+00
-2.581618842582488860e+00
2.746578657481435037e+00
-3.746527090996440990e+00
-3.929596835748130346e+00
-1.905109783441545357e+00
7.210660898751440895e-01
3.228957977785486211e+00
-1.050794481931982549e+00
-7.792259553114839754e+00
4.848971471533018551e+00
3.321217183174510090e+00
9.882191142605649681e-01
-1.540438101191510256e+00
-5.165854163403621691e+00
6.924663272746646170e-01
-3.729628480460763118e+00
-1.238118178334017383e+00
4.736190386238884997e+00
-4.663370502888594116e-01
1.535324163162545164e+00
-1.610490725137487811e-01
3.991067037965596143e+00
-5.783701320105811838e+00
4.023425626271150968e+00
4.646232140748446149e+00
-4.911661581015227540e+00
3.344157102082247590e+00
-1.255315473653490832e+00
-5.045218720549438984e+00
7.952614398622815273e+00
-5.853375097614774702e+00
-3.785875712261274728e+00
2.463930340974632927e+00
2.249844047092228183e-01
4.891780661040069589e+00
-2.710832717721968876e+00
2.503554178772922523e+00
5.070990059601689914e+00
-1.449214856032521315e+00
-1.711877576554402980e+00
5.819088983680973826e+00
1.950039350680821570e+00
-1.029689056224860177e+00
-4.865377769114696882e+00
3.118954438318102707e+00
-3.446916511793660209e+00
-4.724667954097786726e+00
-3.994756425967065816e+00
9.280450015258084662e+00
-8.380061526005885497e+00
5.283961826989060029e+00
-8.267725973358776015e-01
3.741918030598054834e+00
-2.224721799492615393e+00
-3.547711885806896337e+00
-5.055919238976239960e+00
1.511015767108069729e+00
5.541902911500423912e+00
1.406413497510733968e-01
1.550135579895303595e+00
-4.373653800827239202e+00
1.335085445460712172e+00
1.337753969127830622e-01
-9.393984934555602573e-01
2.471015015176616370e+00
6.813598353601285851e+00
-2.813873635412755814e-01
2.387741347897511357e+00
-9.628681888200463224e-01
1.626724400805532378e+00
7.663118040281688970e+00
4.939382401205614670e+00
1.114396737780362079e+00
-1.043876516112144381e-01
-1.501093875876350126e+00
4.608602997616655372e+00
-1.962442614474537161e-01
-2.139401908820717235e+00
2.270042050203667117e+00
-5.619826857827187716e+00
5.080900728739671024e+00
-5.154753953471692185e+00
1.695268418589931381e+00
-9.447094266649833649e-01
-1.127412434139641739e+01
-5.527650746759595002e+00
9.591134348417071909e-01
2.564457012820467341e+00
5.378792017121766023e+00
-1.467397518527327360e+00
1.088974440907700680e+00
2.459800318044959688e+00
4.170878747733305580e+00
5.319242530760688759e+00
2.476775982905779827e+00
-3.323538156582641623e+00
1.183837664920166066e+00
-1.065810585099253860e+00
-6.292457796968982997e+00
1.525655228877152436e-01
-1.627933471698468804e+00
8.453006009002483889e-01
-9.220635042606541987e-01
-2.832623108365254438e+00
1.064756212985106210e+01
4.784101856833839150e+00
-4.944090392160560121e+00
-2.513724292669721194e+00
2.519520508946080817e+00
