1.326860091054400392e-01
1.457939310946938072e+00
-4.083858605170739842e-01
1.576102175082479961e+00
-1.242680063273849389e-01
1.780061466398939807e+00
8.404392030963943050e-01
-1.473201027377463168e+00
-5.329266509007168917e-01
8.619798928279870376e-01
3.549681550909228323e-01
3.831621542180793094e-01
7.866466617375333925e-01
-1.910319113626197440e+00
-2.708816621093830257e+00
-1.118370208716777725e+00
3.983699596039567692e-01
1.838270757318068993e+00
1.915744397813186062e-01
8.572458360589495507e-01
-1.036416074828145906e+00
-1.433677280775958573e+00
-1.027583736982675411e-01
-1.905887793791997353e+00
1.412330676225382220e+00
-1.890113569153203610e+00
4.884989108970700378e-01
-7.802225104480242646e-01
-4.573205972660219776e-01
2.502094303255295582e+00
9.989093116981236919e-01
-7.955999758605418748e-01
3.666863293597827367e-02
1.678786034879582889e+00
4.144882971484853407e-01
-1.981963555061491689e-01
-1.630018068508628737e+00
1.333581762614518329e+00
6.881972746298701260e-01
2.291816530041449695e+00
1.582273247116832815e+00
2.614577145716171280e+00
-1.454781327042934613e+00
-1.935920527003154090e+00
1.112673221636731880e+00
1.973149562455759787e+00
-2.709316879405633038e+00
-1.615389475749344550e+00
4.423287213548364738e-01
1.402939512762895413e+00
7.154326946458937631e-01
-1.164498599238965149e+00
2.174153360248328504e+00
1.258995755462965382e+00
1.222180513696802917e+00
9.078203375928800556e-01
-1.075058992486805254e+00
-4.560219886875777617e-01
1.837253651305657431e+00
-2.241555572281280995e+00
-2.449864454972440875e+00
1.354582838828451541e+00
-4.050752052141354254e-02
-2.850431242508155716e+00
-1.619198899809259906e+00
-1.280492587344991273e-01
-5.536460924923117810e-01
1.113214483388987652e+00
-4.117429762714981401e-01
-8.034544767146911681e-01
1.212990954945408983e+00
6.193060574612668789e-01
9.802143871399676689e-01
3.282319790513760882e+00
2.448147836507185371e+00
2.035340520024228717e+00
3.581168404435591590e+00
-2.024876034881284870e+00
-1.896897373854626867e-01
-2.251808457094857108e+00
-1.035328602402922904e+00
-8.237303300522390570e-01
2.999216630289792018e+00
-5.480436910218308144e-01
-8.615923375909361193e-01
-2.612699749010320094e+00
-9.394992869843842298e-01
-2.462254548049486180e-01
-4.236133237772710114e-01
-9.418089242078997447e-01
-2.079373517192304455e+00
-6.759477840224629164e-01
-5.029979971623160795e-01
1.500051553723517506e+00
8.129644619889611068e-01
-3.301771569827772979e+00
3.636419406264122856e+00
-2.093418144852752238e+00
-4.132794574329305970e-01
-4.340669101991641021e-01
-5.202994403487921637e-01
7.555207082089405723e-01
1.322504130601301453e+00
2.689053974937933855e+00
1.844257745305571738e+00
-5.399127746430256725e-01
-1.847170988843252371e+00
-6.492757683481804598e-01
-1.943220207318603787e+00
1.044187716406172806e+00
8.949528977569375376e-01
-2.006761642263951817e+00
2.276937192565544610e+00
-1.061792128942115276e+00
3.339317549054402479e-01
-1.717425146001868352e+00
1.118415475679381821e-01
1.150633164279615483e+00
-1.749111324318205263e+00
1.244374590310858064e+00
-5.207118003112362614e-02
-1.718653172002052809e+00
-6.193514904779361396e-01
1.753503458241410407e+00
-1.360436289395046350e+00
1.064142036171155659e-01
-1.565905637630556235e+00
1.742370735109955993e+00
-7.106953098327769558e-01
-4.806314509592749529e-01
8.173455940574335665e-01
-9.387210229066069722e-01
-1.242303220466820290e+00
1.755942725729266130e+00
1.603579746783931892e-01
1.835912947036638876e+00
-5.216504937276416065e-01
1.642265159175060996e+00
1.112272871688984921e+00
-1.086208737342199360e+00
-1.154881372962682118e+00
2.934224106599435666e-01
-6.661387923199881822e-01
-1.765500465689028964e+00
-4.259439128102611605e+00
4.298262875757463686e-02
-3.004453549831687997e+00
-2.332462907268556762e+00
1.451535105611083676e+00
2.711840205526835135e+00
1.586112749771699582e+00
-2.572060658754907525e+00
1.158476649778661827e+00
1.124548549093279171e+00
-4.849305878883971577e-01
-4.998041634908288455e-01
-4.136971257465811291e-01
-8.392351656116756597e-01
-3.961459717327970420e+00
8.957986649175516680e-01
1.414780062942715411e+00
-2.326852046936059626e+00
1.642756672972286447e-01
-2.479084416278014125e+00
-1.017964747021933514e+00
-3.006218753873679095e+00
1.586098643972379874e+00
4.692533397746934676e-01
-2.058586794816550380e-01
-1.448597720422615476e+00
7.595118932847311211e-01
-2.943469973899776271e+00
3.390850875616155391e-01
-1.511245694120909144e+00
1.921903142893366390e-02
-3.808143180961477414e-01
1.364147369266356380e+00
4.374825278225991099e+00
-1.669708555776872938e+00
-6.536494019213109352e-01
-1.665108312855124950e+00
-2.675425699820572767e-01
-2.505057093427395909e+00
9.426145800971261757e-01
1.978860876466753682e-02
4.570591603246847434e-01
3.083040795810717327e+00
-3.768905516999808691e-01
5.104730466240978703e-01
-5.972766245126492901e-01
-1.636983937859106897e+00
-3.739338789275302721e-01
-1.526994170733065648e+00
1.924365112425677482e-01
6.108877967808877818e-01
-4.818229625866646271e-01
2.486182122825722818e+00
1.423968792316008702e+00
1.613528602135076540e+00
1.045692139475340898e+00
1.557329914361876400e+00
-7.475838231486916508e-01
7.965925622813507800e-01
7.027037107448274034e-01
-2.314669380106423313e-01
-8.900054527985026276e-01
1.679513888887496531e+00
1.878092157622163416e+00
2.439820150133231724e-01
-4.074732116865075859e+00
-3.119904323473218222e-01
2.723900191401735782e+00
2.136310530210095759e+00
5.903419405839331890e-01
-1.286669954945056427e+00
-3.949862462009615660e-01
-1.854233563740470103e+00
3.853789771264054531e-01
-3.779917972831487449e-01
-1.305160409339196859e+00
-1.681762296328148665e+00
-3.899254437175648791e-01
1.392870544281401335e+00
-1.602448845840708014e+00
1.460373750229913226e+00
-1.737737265001529474e+00
1.486345382541228166e-01
-7.328790005816729347e-02
1.528193775221224904e+00
6.014829195329142175e-01
-5.613048531535949071e-01
-2.339708530167566192e+00
-7.698716105777932972e-01
1.095826273734533007e+00
1.464663224421339782e+00
-7.687946473510034462e-01
-1.280839860376931538e+00
7.032668784782186711e-02
1.088915114486167512e+00
1.917682028270191852e+00
7.557823511100507652e-01
-1.310881529308686622e+00
-9.758394599760070731e-01
-1.393944113638493132e+00
-5.430274142656906777e-01
-6.784347506966268426e-01
-7.370129275385197687e-01
1.820416764620563121e+00
-6.042995178433092640e-01
1.758281721241261586e-02
-7.778462305713104152e-01
1.865121153185594682e+00
-1.173924777263219532e+00
2.662880794733978318e-01
2.462665852686440893e-01
-1.170706136032494848e+00
-2.506842837361596299e+00
1.025890182211093293e+00
-8.529769167123266715e-01
1.370960941014410128e+00
1.832099448015479082e+00
-1.080453120181380733e+00
1.545065558636290692e+00
-3.758306882252188119e-01
1.060083458044481119e+00
