-1.942748195318692472e+00
2.067674160676704176e+00
-2.116513061629051062e+00
-3.739873001037126610e+00
1.695332518386001963e+00
1.701676708208015976e+00
4.505414314723125813e+00
-7.284757509276381660e-01
1.669151223600746636e+00
-1.769093786360453890e-01
8.495553926087209273e-01
5.235588655087146215e+00
-1.540453095890840229e+00
-1.592915777404932953e+00
6.955729392607301609e-04
2.829650969594021515e+00
1.533557808983381232e-01
2.853180690072383840e-01
7.022810842613803617e-01
6.751272820527106644e-01
1.352300336318091878e+00
5.187105907295466167e-01
-3.474643397946248324e+00
4.226661713106042662e+00
-2.648473059067375068e+00
2.953328738384097818e+00
-6.269191276397784840e+00
2.132120251114253962e-01
-6.074124479621014316e+00
3.122895875572806901e+00
-2.566873823074150796e+00
-2.750098894100654334e-01
2.121454571610217332e+00
1.282071611616418583e+00
-3.427657980883846989e+00
-2.227951691481373953e+00
-5.929464147738725543e+00
3.414858335613478069e+00
6.621350450155415679e+00
3.602944688683623831e+00
1.082545898711603449e+00
-1.964010746773100724e+00
2.792275672349002757e+00
3.150046604677590345e+00
6.210022826355030556e-01
2.155125867370606407e+00
-4.256502302640949864e+00
3.730427028302145676e+00
-2.627846793694993632e+00
2.561951780127547540e+00
-2.747883162249268096e+00
-3.484927400085698235e+00
-5.486952330570431968e+00
-1.196448876819348417e+00
6.770742048790230783e+00
-2.135045921390791968e+00
4.765443951344976448e-01
3.821926630916087753e+00
1.269121118711501017e+00
-2.254810746847283998e+00
-1.543456542986449742e+00
6.205358138027124992e-01
-1.787378957889579345e+00
5.075379081324250530e-01
-4.431947416109162319e+00
-2.111833418373207483e+00
-1.022150228516180315e+00
-3.353425119551062927e+00
-9.717250082396933220e-01
-5.887496327168437737e-01
1.236039792099663526e+00
-3.447223498820423782e+00
2.556323847655521675e+00
-5.253575359101526621e-01
3.681275798429565427e+00
5.626830661527049138e+00
-3.009821074236485927e+00
1.017882189655454184e+00
1.417529835117690595e+00
-3.958420023078317307e+00
-8.362753803238051620e-02
5.505057311630560335e+00
5.482076013630241995e+00
4.134253855526874410e+00
7.411033316691112427e-01
-6.815294607341947142e+00
1.600782386963835124e+00
-8.637318369320357014e-02
-2.267425446186596805e+00
-2.470503586531418438e-01
1.046856419239438951e+00
3.001309874671517441e+00
-2.001642935339463580e+00
1.798349219008562039e-01
6.116602647868190523e+00
-5.608153825623081623e+00
-8.583035270903716096e-02
-2.850350732396081277e+00
3.436049957809370170e+00
5.122871503317248276e+00
1.934833771904833855e+00
5.140011335717779239e+00
9.606839236406898852e-01
1.679070613743802731e+00
-1.129892707955585163e+00
-2.522121019032945277e+00
-4.333260452762980108e+00
-7.854401041168048714e-01
-8.095441735061651656e+00
6.714219750587099078e+00
1.538181525507585912e+00
3.369930586124056049e+00
-5.016317517234970325e+00
3.337629789818374881e+00
-5.972996723244029527e-01
-4.597978563297719923e+00
1.046445457219881359e+00
-5.370233220447048206e-01
-3.253632251021448596e+00
3.400415695115140746e+00
5.076288888493603046e+00
2.306140649012327515e+00
-5.921103950143156602e+00
-2.105612352652756147e+00
1.105971978381315335e+00
7.853914783776027031e-01
-2.854330501393125274e+00
-2.053610215696933583e+00
2.244922543284002536e+00
7.271490455641373973e-01
-4.637723414795378307e-01
1.606692138493814648e+00
-6.598707318817171874e+00
2.355830791768124488e+00
-4.265030360226802486e-01
2.906311205367376749e-01
-8.880268992448447918e-01
1.843699901712147371e+00
-1.800985033850404760e+00
1.696971229868037279e+00
5.577906865086521560e-01
-9.304777033624067606e-01
1.298281102752122829e+00
4.703595408916820375e+00
9.429377867804579205e-01
-3.780418288483674782e+00
1.897118639799078910e+00
-2.504221364928195026e+00
5.674754865731301834e-01
2.412622508967288137e+00
-3.307193252993576582e+00
-4.221803038565129285e+00
2.831816521411376186e+00
-5.512892853793561088e+00
-2.420647371024514660e-02
1.529483749614142241e+00
-7.976275455665183811e-01
3.311813922990705095e+00
1.365020404533962839e-01
-2.307335643503568567e-01
3.331741336286991650e+00
-1.495265023711028096e+00
-1.902004825070272798e+00
-4.700238100724675405e+00
2.670278381830520242e+00
-4.009577608611226474e+00
2.706003061459567594e+00
-3.686571666161138960e+00
-2.116962547515158999e+00
4.877243790626670794e+00
-3.582664197526782557e-01
8.439037915510687604e-01
2.589256958925567620e+00
1.033415025492587236e-01
-3.747172952467792140e-02
1.145936933535146363e+00
4.173174349652331472e+00
-2.707456317937476875e+00
5.113433116191161254e+00
-3.989440228397356680e+00
-4.635422300730265732e+00
-2.682371185982998174e+00
1.810134953254034951e+00
-5.219225097579137662e-01
-1.518062062942189705e+00
9.640179980290747297e-01
-2.106326056213605913e+00
-2.370899603383747500e+00
-1.890375532470530695e+00
8.213143795877492437e+00
7.133082768744053448e-03
-5.635147313618965592e-02
-1.928899459158580632e+00
-6.114563377167411495e+00
9.291277594467783896e-02
-2.516107291648968847e+00
-1.761776488695308673e+00
4.807243157508716003e-01
-4.267904692082106877e+00
5.295660310370214674e+00
5.979330730785894499e-01
1.205700381173520963e+00
1.321847704027611314e+00
-7.875736950006657633e-01
-1.435599675677435183e+00
1.840133873821513832e+00
-6.562987761829423006e-01
-1.411858098189792354e+00
-1.401197511597630729e+00
-4.543756561816859052e-01
-3.106790376044857638e+00
1.984428201602563835e+00
-1.291912347190203647e+00
-1.483325245145592719e+00
6.708111585619491279e+00
-1.941131894537929448e+00
4.029177149332731744e+00
2.030423942312428842e+00
3.878158385588590829e+00
3.902519589641790798e+00
-1.765665302592244856e+00
9.738624657856365108e-02
3.113169892491451485e+00
1.363404103452656058e+00
4.191789950681274135e+00
1.393763521557566332e+00
2.101759801354883272e+00
-4.731731306678212512e+00
1.818578855116076198e+00
3.391150866026741539e+00
-3.861748136660359876e+00
-6.565138241917377604e-01
1.847204614689729629e+00
-2.120192216654105621e+00
2.666649725698158946e+00
4.084576129561757085e+00
4.082356038430609679e+00
2.224560905576856484e+00
1.371325066779667701e+00
-4.556420405532837781e-02
3.165400917730148755e+00
2.706825580345516791e+00
-3.294765856122750525e-01
1.307500295808264434e+00
5.348110178334328779e+00
3.470780719568744122e+00
-1.583425866591902764e+00
3.421545911557015707e+00
-1.030771249901077269e+00
3.025597249077740969e+00
-3.477642678639585760e+00
1.587886762991792544e+00
3.119042570455805574e-01
-3.452764561862121440e+00
-2.311331690616551082e+00
5.063868291682259937e+00
3.935118633955088541e+00
-3.217514679379199549e+00
-2.700965491354407444e+00
1.232513774392031802e+00
-1.744256365311885215e+00
-3.820687486647370790e+00
-1.857693542779452756e+00
3.615693139609146733e+00
6.064329376863632604e+00
