-1.340956437526245493e+00
-2.514671600540190344e+00
-2.166889950927415875e-01
2.506807595895634400e+00
1.128678541842914163e+00
-3.115597250445666599e+00
-8.204401523560096443e-01
3.843535680870395321e+00
8.874588263761035156e-01
-4.325009755633902331e-01
-1.304304858456999949e-01
1.186387160936072771e+00
-1.318041206904979834e+00
-3.879566934546861745e+00
-2.092299042970837242e+00
1.007007554622955992e+00
1.498646673430520160e+00
1.731358722924037696e+00
-1.589631260779689415e+00
-2.909991402685675466e-01
3.235173737020796692e-01
2.290197437832101279e+00
6.652699566365489758e-01
7.459154261446854228e-01
8.525243555522366012e-01
-1.315271642846838729e+00
6.538123559612157853e-01
-1.696493736734838276e+00
1.783780089232716248e+00
-1.241076321481416889e+00
-2.354749610659223169e+00
-2.726302654346293708e-01
2.877170901134077141e+00
3.210009719204482970e-01
1.593924053890944048e+00
-4.687139139087792561e-01
8.743486706528461605e-01
3.200695589140201136e-01
-3.256243351320385671e+00
-3.019191862100109258e+00
-1.258824657246591094e+00
-1.819650258227731854e-01
1.292359688170242882e-02
3.141017678649538625e-01
7.886968609464080071e-01
-1.993489295325461264e+00
-5.766216513846100788e-01
8.255291919794266464e-02
6.072414434346062873e-01
2.368292180433366312e+00
2.783487646744177368e+00
1.312895494323123913e+00
6.781921557103419707e-01
-9.735703676140317064e-02
-5.139708593636794776e-01
-2.310028899880254283e+00
-2.017114891593314585e+00
5.698320546893191896e-01
4.468080727492954596e-01
3.060994129580965617e-02
-3.320153202798250547e+00
2.126018976962414708e+00
-1.489603712864311591e+00
-2.275570198609664363e+00
8.293041077311529286e-01
3.120528413006164570e+00
1.623908387778230544e+00
1.787445346270203350e-01
1.510963619292213567e+00
-4.126188801478452461e+00
-8.518985238387837278e-01
-4.600658249236647124e-01
-3.695656881329495991e-01
1.400896325852254876e+00
-1.995262542403486217e+00
2.411043828622046470e-01
-1.449704863951628342e+00
2.006346777124242031e+00
-7.200001629674838144e-01
-6.712845535235487660e-01
-2.250104136361522400e+00
-3.515747049432820792e-01
2.600207041209835479e-01
3.900152542254763932e-01
2.471599145228632555e+00
-1.205855607088223147e-01
5.595356805503072239e-01
-1.218567717217405200e+00
-2.137450321426950683e+00
2.963981850876643565e-01
4.615042304213878288e-01
1.291942860618455757e+00
1.425233769569906439e+00
-1.921826162175632735e+00
2.398744331868217228e-01
-1.998936788384304997e+00
-1.211135271011375192e+00
-1.114868476536789110e+00
5.665322760895759036e-01
3.973320539243884175e-01
2.272322788727684451e+00
3.422891701326463698e-01
-3.222962758939049710e-01
3.487535630749500459e+00
-5.607470768712021769e-01
6.486080666853972776e-01
2.139686890752799275e+00
-1.123951384853949798e-01
2.046544464926699280e+00
-1.663070858529496654e+00
-1.145302197957368318e+00
1.635856004486917703e+00
-6.872095957118143916e-01
-1.231410658781260770e+00
8.679120327286954373e-01
2.123831157549408211e+00
-1.083148446167295109e+00
6.181578052667540124e-01
1.049458513065323562e+00
-1.342065694883536997e+00
-9.502681218324128543e-02
-7.400057242172930483e-01
-4.825878020487088249e-01
4.063082672666850081e-01
-1.384203233537074862e+00
2.001135167412050109e+00
-1.273415186566689394e+00
-1.086940644651683829e+00
2.353091039905573112e+00
-1.145825346120291854e+00
1.318600561109039004e+00
2.539658140604449610e+00
-4.901970724013866576e-01
-1.050139938868312806e+00
-1.206957495080135168e+00
-1.390328978380166225e+00
4.002084039296225804e+00
-1.777887880936525056e+00
2.139486503333349443e+00
-1.642170901665784388e+00
3.098174950298568930e+00
1.943854459153772307e+00
-2.073801858858087765e+00
-2.416059738787393218e+00
-3.062604483654541188e+00
1.095886608270359108e+00
-2.125993225201402215e+00
6.220508988797843752e-01
-1.481497521499545611e+00
-5.434954530233673253e-01
8.799189301994166934e-01
4.648495774209901454e-01
1.953225948670290535e+00
-1.489836967437200954e+00
3.252103594087146110e+00
-2.945749427200778925e+00
-2.402804826563211815e-01
-1.308802868430134048e+00
1.917519025001674704e+00
-1.949167043810038358e+00
1.272634213546294024e+00
-1.434038043987923450e+00
1.744887605643232753e+00
-2.282854695552929858e+00
5.258755397733670955e-01
2.925900899281356216e-01
-1.722520155920692631e+00
-1.083399265656001420e+00
1.620931242036702136e+00
7.022498045201258643e-01
2.542214994314131005e+00
6.350039265642642983e-01
-1.277495510788494659e+00
3.698346507973907515e-01
-7.057594463160590803e-02
9.717440582491591039e-01
-1.281106531741768029e+00
9.061894736591471489e-01
6.817558012316392579e-01
-4.109403763894553530e-01
-1.160885443869312583e+00
1.802642158542855366e-01
1.139110919790706777e+00
2.312274206392753051e+00
-3.554311010224520673e-01
-1.204948851641729046e+00
3.681552623678989722e-01
-8.355115689591690042e-01
1.174619294762159427e+00
4.142330296615763241e-01
-8.306238045222454902e-01
1.349575686646476536e+00
8.943606609127519036e-01
3.230635257322010290e+00
-9.711403833428337018e-01
-2.234188959528194407e-01
1.296635564003118191e+00
1.214606533021635570e+00
-9.938281235554273507e-02
7.973636862808300974e-01
1.866116454601251196e+00
-1.697154251283743420e-01
1.079852198557874177e+00
3.669842402036471718e-02
1.368270008263815507e+00
1.696629786450711164e+00
2.346045921041619575e+00
-2.509875283176752347e+00
-2.023262973766266348e-01
-4.066558450227680810e-02
4.743492630371500818e-01
-5.408054950455562504e-02
-3.769955972468602701e-01
-1.505876516603287918e+00
1.970112794066342321e+00
8.753608024818428923e-01
-2.403005168711233708e+00
3.713029925879580140e-01
1.694344185206742015e+00
3.170425484754656464e-01
-2.670563289597131629e+00
4.062712676738525763e-01
1.284008200493827800e+00
1.270449008777938538e+00
1.460257567564722692e+00
1.558040627623955787e+00
7.937710095285620548e-01
2.638882895656330607e+00
4.986342826730773004e-01
2.980329758957465103e+00
-4.040925517781998044e-01
3.416522822216454536e-01
-6.373753442020798632e-01
1.109741469619527632e-01
2.791423587649775051e-01
-1.528217066364360388e+00
2.646003183285734472e-01
1.571462193138966068e+00
-9.634287293697979537e-01
-1.503852282579030364e+00
1.608508033546614202e+00
-1.149722493661367306e-01
1.921531026150824495e+00
-1.455321121393406081e+00
8.047163867410380700e-01
-1.711037434420311421e+00
2.235759563462708321e+00
-3.939576695697267761e-01
1.542523488499283335e+00
-1.843944454069313510e+00
7.739235856603756680e-01
-2.394287591011648786e+00
-2.076004189052775839e+00
8.920580268256624867e-01
1.198715314512397878e+00
-2.340234075453431761e-01
-1.518880618262284266e+00
5.683673010599528119e-01
-2.747562332797425788e-01
1.024854155263593469e+00
6.118277754661789747e-03
-1.790016105420018766e+00
3.281793126336731703e-01
2.418857284713510358e-01
-1.756483428700624794e-01
