-3.589599354723428171e+00
-4.006785826284785301e+00
1.897432632007326481e-01
4.619402539183876222e+00
-3.940186002221952588e+00
7.823107799611544344e+00
-1.795164276086079314e+00
3.182626933990849061e+00
5.040860768510252221e+00
-1.112666159265809362e+01
-1.738568581776836153e+00
-3.143625690027956665e+00
-7.124573783959242679e-01
-8.004348829261090259e+00
-9.066700815387688905e+00
1.022249128342429980e+00
1.843325464331649677e+00
-6.736739605303130318e-01
-8.618433778821263935e-01
8.427275575411824482e-01
-7.605565929694773075e-01
-5.425311608310856570e+00
-3.233097354832581427e+00
-2.586164448482486833e+00
3.195516901045591940e+00
-4.911921880871862101e+00
-6.162557034837615966e+00
-6.799647209383581803e+00
3.253297501396804403e+00
-4.004545703199038797e+00
2.493975983224993254e+00
-4.349558759303068456e+00
1.106038055611382465e+00
9.993078824612375843e-01
-3.531319915723204694e+00
1.203098780000849022e+00
-1.758178296259926610e+00
4.346821702192809944e+00
-1.371179820740211497e+00
-3.290394743837877778e-01
-6.134323286496089267e+00
-5.641362118904239331e+00
-3.878913542493760414e+00
2.600052005043785641e+00
-4.623427259324891736e+00
1.237109163493271380e+00
1.784265271348987048e+00
3.154503661621428368e+00
1.052210165606943360e+00
1.243413606386672088e+00
-2.481291064071761809e+00
-4.069082920660951896e-01
-1.986556915523954858e-01
4.399364473907620976e+00
-4.279563597851092638e+00
2.585326682219545535e+00
1.327693284758036274e+00
2.278301777435657982e+00
-7.055962380650489862e+00
-1.086470508602230156e+00
2.053984820375521547e+00
1.149687772364865967e+00
1.819630934754380425e+00
2.172524346232573400e+00
-2.853485482953480368e+00
-8.219862046413315415e-01
8.256010687713487561e-01
-1.661740809479431036e+00
3.800391084888510740e+00
1.663927453601442119e+00
3.713974083614623556e+00
-4.005544111747521896e+00
3.181568330421047364e+00
-4.025667078711620661e+00
-2.898217244257881298e+00
-3.224437331954135288e+00
-3.820433514241718065e+00
2.968560588566747649e-01
8.128022882360168566e-01
1.675172994912964564e+00
-1.880298303261614734e+00
9.395687056397310499e+00
1.711942741169333093e+00
-4.659842858290443424e+00
5.108423722381243870e+00
-6.808304679992061459e+00
-7.721594091385530767e-01
-6.739977667487076829e+00
2.392976333947268941e+00
-5.945572022221270458e-01
7.535290428606651325e-01
-2.386024469785470448e-01
-2.749942354786836685e+00
1.834743791704142035e+00
-1.140087365597005586e+01
1.935485224562282003e+00
5.812077821962545743e-01
-4.020786928539339833e+00
2.915310237834143336e+00
-2.393700773196998366e+00
-8.321787295278854302e+00
-1.029592394307006359e-01
4.152520271031265864e+00
-2.531495069570267598e-01
-9.268349605478050091e-01
1.958121266192543342e+00
-1.211439869352663790e+00
5.388263043537568464e+00
1.183849691067350385e+01
4.526371874445010768e+00
-4.687332377724453991e+00
-8.331656801000258739e+00
-4.720783999500546280e-01
-2.918102421181106187e+00
-2.497882479053526339e+00
2.504759944629951551e+00
-2.054993466166408211e+00
3.700905193877569666e+00
-3.099493179479198002e+00
-1.969929451240308715e+00
-1.949501990750753255e-01
7.525272081669228674e-01
2.456058693585384756e+00
-6.637868561484543406e+00
-1.121005160719893201e+00
2.822131257652214398e+00
-2.069122023973921642e+00
2.546658285112687992e+00
-2.468013459536098964e+00
-3.119606530033657066e+00
1.818485597409787990e+00
6.311858340931844502e+00
1.342243727773375861e+00
4.173194852132122712e+00
1.365412930145023296e+00
1.386528113155499842e+00
2.752454622520870142e+00
1.609971178553341042e-01
6.503218370467426901e+00
2.328171146826770510e+00
-2.660437340480044988e+00
-3.275370047255533601e-01
6.170762716916760038e-01
1.419625007668875005e+00
1.631162295163684828e+00
-6.249898138060289376e+00
-2.101746297590417090e+00
-5.764334216600389915e+00
-4.204963222255208022e-01
4.188740436051816118e+00
-5.577247020713413939e+00
-5.207166960832350533e+00
2.355696234696087021e+00
6.800448649110020227e+00
9.481896774164428887e-01
-5.348397991887726022e+00
-7.133999064514500166e-01
-6.293728300118316410e-01
-9.621677726370245209e-02
6.753742481646408891e+00
-2.150876896826901863e+00
4.988978250360104560e+00
-6.522869909319370940e-01
4.608222060590924651e-01
-1.947212069382631805e+00
3.955180456634595831e+00
-3.498180195315710339e+00
-6.517823422518410625e-01
-7.832606821153125232e-01
-8.127325165461092293e-01
-3.061655073052665932e-02
-6.975706207254245284e-01
-4.994643279691332260e+00
-1.412578923195320968e+00
4.208853347683838564e+00
6.148696970992283184e+00
-4.383268053415797283e+00
-5.101598145177968391e+00
-1.603278013360263099e+00
4.857140402601253903e+00
3.016760438504165975e+00
6.803014163024732497e+00
9.264713642254946979e-01
-1.914950889646674037e+00
-9.047034839226197889e+00
4.830076212692768323e+00
-6.561989001465748039e+00
-4.715023680888045798e-01
3.692729030459214634e+00
3.866478512247840671e-01
-5.644145004593120518e+00
-3.706864493637210600e+00
-6.301072466360086111e+00
-6.718253265097581028e+00
2.171732666409009749e-01
-8.881480457171562648e+00
5.452539748566742617e-02
-3.092811302388749350e-01
-6.294792511446533290e+00
-9.430563031792728035e-01
4.821673124232726537e-01
1.228247371924207521e+00
-4.809161169587658158e+00
-1.474241466217927066e+00
2.901895052197611236e+00
-3.487950827993196334e+00
-3.693258679652384746e+00
3.008416069198130760e+00
5.994006170710737269e-01
3.722387883541854237e+00
-6.614060761985677495e+00
3.162048633364292538e+00
-6.127799682354495570e-01
5.410768369490260632e+00
-8.379562531186752761e-01
8.822118295838286883e+00
-8.697921389217648791e-01
4.758482357997704248e-01
-9.784248311173058710e+00
5.371354748954757952e+00
-4.594993236841070861e+00
-7.083529949061841968e-01
-1.227431486208284017e+00
-3.895787643499786235e-01
2.195427142707514712e+00
-8.559853806176755953e+00
-2.847163946033155035e+00
4.536618644957961521e+00
2.504175802735467915e+00
-3.166376536747038450e+00
2.803883794766692805e+00
2.010159529665382028e+00
-2.547486921350241573e+00
4.779020945588426938e-01
2.412229635582080256e+00
2.654212108056302810e+00
-1.559772799459642867e+00
-3.017988365432042741e+00
6.053516892993534348e+00
2.744742614690629967e+00
7.705295173360770633e+00
-9.461821105136449361e+00
9.253066223319271089e+00
1.490687822959390729e+00
7.495461027460097903e+00
7.447852504600777079e-02
2.042959669566969616e+00
1.165315600394420725e+00
-4.374412876214634593e+00
-7.147176826604860089e+00
1.831822484244958860e+00
-1.161788726123156756e+00
4.495314715809318074e+00
-3.221503425812634713e+00
4.842465640170173558e+00
-6.756824802672860564e+00
-2.784068814039867501e+00
-8.633747092412333846e-01
-1.451428433511438687e+00
-1.117248946351329542e+00
-2.074380550760118957e+00
3.895503762698016015e+00
3.650562526589554713e-01
7.124767739411033141e+00
-5.912987832173580705e-01
