3.078166020940377834e+00
-7.032235302810746269e+00
4.255705357921048204e+00
-3.124679225973798324e+00
1.950793861742972979e+00
-6.372877023200002711e+00
4.078960576768090540e+00
4.371749827088711626e+00
6.037443301527192219e+00
-1.227967241368338680e+00
-9.890072762807643469e-01
-9.501229694275892257e+00
2.756456016103469242e+00
-1.790894333631913415e+00
-2.765079385817429625e+00
-7.218989460296858507e-01
3.925480979485607147e-02
9.749018244070335015e+00
-2.637998390309242769e+00
-7.650829452737706315e-01
-7.572248675996742229e-01
9.021070092090818449e+00
-8.376925222858184750e-01
-7.970627282849894968e+00
-1.029598171276477636e+01
-9.850058713360333229e+00
2.394736144671554823e-01
-6.226474189191695707e+00
-4.067822101125020851e+00
2.122765945077170979e+00
5.847464131276962185e+00
-6.079438906671144949e+00
1.740924144479404079e-01
-1.733734961641161920e+00
-2.740105837238244746e+00
1.822254961698124065e+00
3.315878212707548567e+00
1.000305370604012367e+01
-5.662684449547680465e+00
-1.038606869245647601e+01
-1.974128465465678772e+00
-2.416458212672146999e+00
-3.227571780203814189e+00
2.208839717979116934e-01
1.590977282856444130e+00
3.586650295069309990e+00
-5.452881368029192544e+00
5.029834862812769813e+00
-3.528841278308648022e+00
1.424805693455251987e+00
1.638972692778008389e+00
-9.206553891847565896e-02
8.976238178069335660e+00
3.868476990914603064e+00
1.193438846278686860e+01
-2.659588369931751295e-01
-2.158167414394855044e+00
-8.693841863522020930e+00
1.805478778811673735e+00
4.491373930231888245e+00
-1.001184395323440279e+00
-4.896577999603363374e+00
3.559132147112797906e+00
-4.508215827486669269e+00
8.087324594305670411e-01
-2.656075153031821845e+00
1.555134533988618006e+00
7.391011260978944009e+00
-3.132247906347390476e+00
3.938686192839113254e+00
-1.381062735743400771e-01
4.116841743502630102e+00
-6.010617231529697513e+00
-2.213010975127462920e+00
8.131266341935816655e+00
1.081793769955918805e-01
-5.898419986119913361e+00
2.957559126999121268e+00
1.715355674886189341e+00
-6.429515848669167255e-01
3.002005014216321932e+00
7.970134251321123742e+00
6.395474483839590496e-01
-7.093872787651154255e-01
1.597003564781985352e+00
4.232245941228279129e+00
-1.360202130888658267e+00
-9.036483759642326419e+00
3.473581994798535355e+00
3.410584835086897026e+00
-4.181776769578553932e+00
2.475570619897759617e+00
-3.007972251846296796e+00
-2.565129677080294712e+00
-1.044395513382705865e+01
-2.325805668416634830e+00
1.468721828563226861e+00
-3.410528230934997129e+00
2.288729161744000873e+00
7.200284921737048371e+00
-1.174828590656062666e+01
-8.699209499609599661e+00
1.488167346189744000e+00
-3.410089246127612661e+00
3.538214320060746876e-01
4.442512485417247636e-01
1.583174493360551605e+00
8.300267416171779544e+00
3.858032810506367927e+00
-1.390677798540476795e+00
3.163103259644487242e+00
-1.478976278608315154e+00
-2.045045461527604580e+00
-5.424833713720491168e+00
3.103300297960109866e+00
-1.744096743402207217e+00
-3.406102165913046598e+00
2.776543434705103230e+00
1.032278261197542069e+00
-1.148304070502054230e+01
4.338472754941565812e-01
4.119489793353947604e+00
3.854842499398842826e+00
1.388492734846777932e-01
-6.507437191521602493e+00
1.630748512512441017e+00
-5.385781528162709719e+00
6.691977692176733328e+00
1.145397658215750791e+00
-6.618368573114064901e+00
-2.180672179720599679e-01
1.775820438723211936e+00
8.341895075763725131e+00
4.258532537030533582e+00
-9.043451233268378076e+00
2.167179150347533056e+00
1.474397182449216581e+00
-8.421530713265667600e+00
-4.323606184892408777e+00
-1.478678934453497851e-01
4.762158785548564310e+00
3.225124246347857770e+00
2.456842372553289522e+00
2.595222126903610871e+00
5.495074838063070288e+00
3.710183893836999314e+00
7.339199014554639078e+00
-1.887188571661223335e+00
6.489743729428146812e-01
1.616544093790847292e+00
2.637764377316079489e+00
-6.536293363302476678e-01
3.584457683154128382e+00
-1.353588278173679660e-01
-1.409296770530990561e-01
-9.993137497013783843e+00
-4.175853483871018845e+00
6.809958072557751763e+00
4.856798166226462321e+00
-1.592141081963759808e+00
9.377620100211204957e+00
1.190176955195200392e+01
-1.403495784323946172e+00
3.427342004507948570e+00
2.445145729925104039e+00
-5.450791670381060605e+00
-1.392976778103342417e+00
-8.568486136816172660e+00
3.611385884584813466e-01
-2.663432723794329604e+00
4.734208626268257447e+00
8.330595486031757702e-01
2.028347674231347320e+00
3.430263337864702944e+00
-3.742866213700061007e+00
9.545105309162509322e-01
-1.996874291896352238e+00
5.573216509229466098e+00
8.108756434510883793e+00
8.263585989318404046e+00
5.262959305635800611e+00
4.547518590255701376e+00
-8.053428343380413246e-01
-4.255597857617048341e+00
-4.705819141143887663e-01
1.749192750254876749e+00
2.864343048162819816e+00
-1.913360566831356913e-02
1.149593134826916874e+01
-9.943303268045129428e-01
7.999860543378927602e+00
-6.592551622159954050e+00
-2.242204842681106758e+00
3.040633038467416949e+00
1.478857705037403658e+00
1.521067282232062112e+00
-2.237217251445337673e+00
3.739610063081822311e+00
4.198665469052317079e+00
5.178602240342423890e+00
-1.279132978194991166e-02
-1.399973932442884283e+01
4.264482690611329119e+00
-8.741708442014633818e+00
-1.905344488338772457e+00
-6.715706080339900019e+00
5.627256194409866463e-01
2.082745453182714979e+00
-2.559978140987174910e+00
4.981319454303110739e+00
-7.162139814360394041e+00
7.742820124035731943e+00
7.782468439228370727e+00
-2.351193366249795247e+00
-6.470821111509746260e+00
7.576630747273362054e+00
1.023514248502168833e+01
4.239384449786830267e+00
-3.432501286480692526e-01
-3.095288440204827740e+00
-6.868330209686379639e-02
-1.503165534265490244e+01
-6.944770503385380600e+00
-1.501181622726362797e+00
6.783497251837503628e-01
2.874529073167003457e+00
-5.693592230571152157e+00
2.668501198819478670e+00
2.628649280160258339e+00
6.877071420821619929e-01
9.876340943290898622e+00
2.748976149799647883e-02
7.906638403082094868e+00
-2.648678543018848419e+00
4.011216787263365835e-01
6.983076966230401972e+00
-2.271875367648865662e+00
-2.703849697856924639e+00
-1.033105387481497495e+01
2.013043076979854185e+00
-3.610689948802944471e+00
4.727434891170868347e+00
8.770213223085717713e-01
1.900633299701271373e+00
1.686070497142722946e+00
9.047468419913057502e+00
9.510778069935948986e-01
-5.784740624814656229e+00
7.741314950079962287e+00
-3.073940434622037365e+00
-9.851630541155360632e+00
-1.104215313921718344e+00
7.970101838513759418e+00
2.369364633475765203e+00
4.808117703218623085e+00
2.673191978155394111e+00
2.667454782130115998e+00
7.492195119290501193e-01
-4.445846943047266353e-01
7.674819448137201183e-01
6.964169658537620045e-01
1.205066743140281060e+00
-5.648332754168026604e+00
2.762743197219829305e+00
-6.616256668891249415e-01
