-1.314085847545649610e-01
4.869465810879283652e+00
4.407657936272321386e+00
1.582786769668691029e+00
-4.911262972756116341e+00
-3.561449691347990942e+00
-5.354948042091773885e-01
4.213887911552347987e+00
-5.168859490995468597e+00
1.365298696295344172e+00
-1.942127272876311039e+00
4.222209851212086029e+00
1.011690485079226764e+00
4.886130193121338561e-01
5.362710497277581645e+00
1.911012019799519734e+00
3.741458579451068189e+00
6.307888653489603037e+00
4.930902299102832842e+00
5.009908574420681937e+00
-7.106014039526185044e+00
7.249469838967547153e-01
-2.393690493382201634e+00
-3.573067218801170064e+00
-2.682642613378195762e+00
8.274545834220072393e+00
7.445065205615104098e+00
-5.363517039401507702e+00
-5.456718729683279756e-01
8.514905113711316531e+00
-4.641626642434258265e+00
4.988225723710818293e+00
-4.334392829524539081e+00
-1.347953183248805420e+00
-5.345363503833219454e+00
-1.460985425197183663e+00
2.001324987048763937e+00
-4.346466173429413438e+00
-1.480188177607361100e+00
1.232856274932979224e+00
-7.185052762254249714e+00
-4.602464906296081182e+00
7.228522772421575482e+00
-7.645970970811043266e+00
-9.007647851698497021e-03
-6.465961152802377487e-01
-2.152080245610566767e+00
4.734992833055127193e+00
-7.986351375834191968e-01
-3.027923500517960775e+00
3.944409558592238962e-01
-1.758600631822064608e+00
6.119553786900743475e+00
8.818714675481738041e-01
-2.982423889390292793e+00
1.528593705135486980e+00
-3.982218525339248361e-01
-7.205500329528387038e-01
-6.659487206105350943e+00
1.481464527115926799e+00
4.465699248555456080e+00
3.990288192500942799e+00
4.977595253429644151e-01
5.320777927704056776e-01
3.175438806925533264e+00
-6.021326529021872709e+00
-3.602953175220295012e+00
3.673141053313809801e-01
3.406736217605916384e+00
-1.018083521314449902e+00
4.917636524951670474e+00
4.562787871558358965e+00
-5.711520909889478137e-01
-1.199301626364061679e+00
-1.947897468311482916e+00
-3.228189488757839953e+00
3.225776943545495712e+00
-3.855332428525586330e+00
1.367546012785592069e-02
-1.998482518947497955e+00
3.679780349633908987e+00
-3.992729932508841895e+00
5.884822181998265123e+00
-1.743880778034877954e+00
-4.160224514332045764e+00
-2.776688487270830841e+00
8.300344429628241372e+00
5.952780761890135164e-01
1.750829904886300747e+00
-3.408594522671198668e+00
4.976134515579919260e+00
-1.489599818485285221e+00
2.821808840227775672e+00
5.141923369906866270e+00
1.068818292654036384e+00
-4.721109391500752039e+00
3.290778774815014796e+00
-8.074695531409277205e-01
8.683845229956524969e-01
-4.426677593813766798e+00
7.172865659830763185e+00
-2.711883078813154491e+00
5.896924111613881969e+00
-1.909029371806742814e+00
-3.090266107729996659e+00
-4.269957291035949787e+00
5.228245162592944695e+00
2.973978415859392932e+00
2.969078741299351343e+00
-2.647604391207345920e+00
-2.341407565476685271e+00
-2.127980733990143314e+00
-1.274683073502411501e+00
-6.786926568420488692e+00
7.389330614484450610e-01
-8.469423389064854035e-01
-5.606917030632047050e-02
3.488935174989315158e+00
-8.059136126937124445e+00
3.989882627881630173e-01
-1.234212588759763474e+00
7.552809590057015798e-01
-2.781035467712513198e-01
4.026767290499574381e-01
-4.564350244649748589e+00
4.970420404835252270e+00
-6.487123212146637119e-01
-2.134550060650612924e+00
8.319039864771217152e-01
-5.109027782227489212e+00
-5.025522575478897025e+00
5.465085625828034921e+00
1.749875754269529349e+00
3.648203578291288718e+00
-2.128913572328800630e+00
-5.636963164762173184e-01
-2.906338421754709689e+00
-2.437836919950594261e+00
7.693856423063905936e+00
-6.467754188385206326e+00
-1.046955340582835126e+00
-3.376230576867306765e-01
5.247127602759251719e-01
3.956236497394301499e-01
9.717831158915761769e-01
1.904128173432855231e+00
-1.390501295836379825e+00
3.415257467605033348e+00
3.696420443323325422e+00
2.442772811873525907e+00
7.447035926192483224e+00
-1.738726511948459175e+00
-6.518311211584297382e+00
2.545889469157081919e+00
-1.321533705374557055e+00
2.348329967424311882e+00
2.163966862702439986e+00
2.737710322761435222e+00
4.311821245800170566e+00
1.419637215409007336e+00
7.986634463390213101e-02
-4.537692226194501299e-01
3.377002191065245906e+00
4.037154932568141064e+00
3.998716223704039230e+00
7.711123082420467956e-01
4.802928488587558498e+00
-2.909754607398182369e+00
-5.549839424448297365e-01
4.607555035485117578e+00
9.942780406119899883e-01
5.528398194389728459e+00
-1.719262216675355059e+00
3.322941500854117880e+00
1.418357464280687763e+00
2.592235591243399639e+00
2.324710781023868300e+00
3.324613537751018200e+00
-1.457642788767852249e+00
3.372378626856190054e-01
-3.081349487887158567e+00
-1.924652215004598599e-01
-1.539817337744759040e+00
-1.306296367691397009e+00
-6.791473333469152385e-01
-5.404495790422183532e+00
-3.283669587046722516e-01
1.374381229332606313e-01
-1.395804170274005607e+00
-6.320861269200846344e+00
3.742800211863093196e+00
1.071678116790281798e+00
-1.746431511929438241e+00
-2.402891969869619171e+00
-2.487501586164637235e+00
-1.301864016361928389e+00
-8.433384313595054804e-02
-3.929793926327660447e+00
-4.490281563159895128e+00
1.669581845483930849e+00
-2.204007930495061718e+00
5.521652899316852547e+00
-1.810472742264032764e+00
1.545410543571987816e+00
-2.359636348773768155e+00
9.719148870037135346e-01
-3.138658668059370327e-01
-8.607818920271028684e-01
2.888148323460521194e+00
8.748777333539941026e+00
3.093488008244647536e-01
-3.209218751221589283e+00
4.998492055529980327e+00
1.347594058986149257e+00
3.535301992683826278e+00
-1.682879746392761167e+00
-3.977063192078725162e+00
-2.514673477621738318e+00
-5.532984194032762870e-01
-4.473029396167834015e+00
-5.916275109204549576e-01
-6.838247138763031696e-02
6.361480072530329544e+00
-1.206203767280235706e+00
3.584771006876159127e+00
-5.911051860684113812e+00
-5.110107751456955505e+00
-5.858908998547128100e+00
3.578115554612257387e+00
3.713074694931289166e+00
1.088266452164057485e+00
-8.467094092469558575e+00
-5.847520136670506297e+00
4.405314270797552112e+00
-2.562014440009139360e+00
7.480846295490599651e-01
7.202123289103252723e+00
-6.070327354675060683e+00
1.991473531598884072e+00
-3.016747195247146962e-01
-8.091227591199922742e+00
-3.946129310155443104e+00
-2.979027982140451503e+00
-3.138407251421439614e+00
-6.704512950208262545e+00
-3.755689982926688764e+00
9.249461015437937306e+00
-3.038749496339330669e+00
7.890523632942568533e+00
1.208996413159453276e+00
-2.072436284670263085e+00
-3.109720360359066404e+00
1.884102947660653449e+00
1.164062239299524570e+00
-3.564532656029815172e+00
6.555121825814250514e+00
8.220834489006648482e+00
3.348578412665685011e+00
2.403372429287153444e+00
-1.756367457982929592e+00
-1.637939277365097590e+00
-3.144661600091808840e+00
7.520172113196244013e-01
1.285706089804742991e+00
9.349673178261118656e-01
