2.548179802188859089e+00
4.512545864658579653e+00
-7.095653103604056433e+00
4.155324717994951733e+00
-5.782581211015659584e+00
-2.825701864744442293e+00
1.513226093527912264e+00
-1.090672248466982186e+00
-5.633213771800134051e-01
4.461309494210986548e-01
3.036294050492394536e+00
-4.738500279103923241e+00
-1.857373216490519230e+00
-3.983861733521440573e+00
-1.609842176497028321e+00
-1.293539514047316930e+00
3.450095335834963084e+00
6.430013869391990600e-01
1.734654180236537169e+00
-6.414233135697104515e+00
4.265235293229803659e+00
4.035210340790589711e+00
2.277234999018330264e+00
-5.419441042731469871e+00
-2.273581084752380743e+00
2.362470674236428536e+00
-2.726779259490111240e+00
-2.633626203926139997e+00
1.552978187982984482e+00
3.617264420740565090e+00
-2.517476034364935611e+00
3.410217110339117230e+00
3.454018049214911734e+00
-1.933981266683534983e+00
9.147535875981019915e-01
3.257455816914222257e+00
-3.567662760124462373e+00
-5.767792718742187574e+00
9.897914156924341178e-01
-2.441758974374045099e+00
1.048568442950943425e+00
-8.143023400927883459e-01
1.607104713832399723e+00
-5.413790933460953525e+00
2.935886760672455686e+00
6.364237048023290377e+00
-4.290725456718816888e-01
6.079615271007235977e-01
-1.614368850333756322e+00
-1.444650602011543938e+00
-1.813324129121192563e+00
-7.871534882722184268e-01
-5.064632116599920852e-01
2.639749552026659174e+00
3.339301605881226820e+00
-4.955659019492020256e+00
-5.813719188365542578e-01
-2.030079320851259972e+00
-3.418005741628513228e+00
3.361316172412123215e+00
9.568204053346012206e-01
-2.074411662351230756e+00
-3.980628987466427127e+00
-6.019523969399762642e+00
-1.117686876005074881e+00
-3.313135355388453718e+00
8.697524004387674479e-01
-1.001651706727612945e+00
9.264955159270935603e-01
7.739704587969532534e-01
5.428313185399358254e+00
2.486932993298426986e+00
3.274579051301520938e+00
5.709093848004980210e-01
2.659702561063965298e+00
9.692652227845552915e-01
4.725628756229270699e+00
3.894780846602642566e+00
9.355446810140540803e-01
-2.415887559895235626e+00
-1.247961631069487654e+00
-6.287287902258958949e-02
-1.379963821802274726e+00
-4.472611767547463479e+00
-5.144587335532589734e+00
3.344759767061597611e+00
-1.821676423482749607e+00
9.807092939977119173e+00
1.205445052675322870e+00
-9.245644099743735023e-01
-2.174105026330558132e+00
-2.054110307754557913e-02
-2.374920192466307256e+00
-2.617861563844476436e+00
-1.127697169700064284e-01
-2.852928896425396044e+00
-3.540731861384295964e+00
-1.984274029549808027e+00
-2.992440731757452621e+00
1.975503590039542567e+00
-5.651181148404585741e+00
1.544837568735061062e+00
2.242442759072040825e+00
2.375141960798082597e+00
8.743930509992230427e-01
-2.629236940403467226e+00
-6.958026181391033127e+00
1.624612467946026095e-01
-5.288382592457945286e+00
2.946177873031059047e+00
-3.800036887181375445e+00
-1.560588720820370146e+00
4.237255696782326275e+00
-6.759383610986755553e-01
-4.442192242832967430e+00
-3.640128766183644560e-01
2.711299603830862104e+00
4.023598341384009736e+00
7.350565522947434260e-01
-8.899398968889263850e-01
-6.786410008143893613e+00
-1.627666433467438001e+00
-2.070576902338983505e+00
3.098431770432047649e+00
-4.455829350936673983e+00
4.196125771142701133e+00
2.616334624140018938e+00
6.329930247911858210e+00
6.078730645010037570e+00
9.077699330789273935e-01
1.149190552528903453e+00
3.027319348263209919e-01
-5.958732663050092526e-02
5.064570727052338128e+00
-7.531784953496587498e+00
-1.331040362351759043e+00
1.912713079047277720e+00
3.952689922122918809e+00
-8.209241359444707786e-01
-1.103360859822204720e-01
-1.928925136931668227e+00
-3.701373459483815687e+00
2.770230664303358736e+00
2.353195633764574080e+00
1.329124995096947037e+00
3.430158747549648446e+00
-4.009398964384424668e-01
8.994593643755414147e-01
2.641565247923914228e+00
3.337168131313530850e+00
2.339813341600918140e-01
1.529904250865420146e+00
-1.071406268167422349e+00
4.537954321093594423e+00
-2.645363461882000777e+00
2.334470160449209963e+00
3.049402108259156918e+00
-4.655291009942613911e+00
1.911159291367684032e+00
-3.595426119868117887e+00
2.405788906573342434e+00
4.600505648008464732e+00
-2.169985111427735092e+00
1.574195728849830056e+00
-5.384594257014745367e+00
-3.511870817381827603e+00
-5.255299294696221146e+00
4.329005431484400646e-01
-2.802597927487197271e+00
-3.806995069248013674e-01
1.776778605913412523e+00
3.677402163034847682e+00
-4.188550381291451075e+00
-1.243659250135970229e+00
1.087917083595344891e+00
7.613334591126312390e+00
2.046179152448763805e+00
3.032681705957449125e+00
4.306310901333080254e-01
6.468259644638159500e+00
3.463139854105230508e+00
1.878737806164123558e+00
-5.562971772519980096e-01
-2.563460394177398349e+00
-1.714179305198400893e+00
-2.555823107845552222e+00
7.281042024034848126e+00
-1.679928051653825083e+00
6.692427704890260287e-01
-1.246952996463787766e+00
5.839891847883443177e+00
-2.260246525435327669e-03
1.738912704263259501e+00
1.780708804869146178e+00
-1.834006431769611867e+00
-3.820712428664362559e+00
7.664297047912411731e-01
4.770429634245227923e+00
1.233727854000433943e+00
-3.067337602476673641e+00
-1.054795893810637875e+00
2.399626194174936167e+00
6.074152761307344939e+00
3.543607169041060434e+00
1.878612791515882563e+00
6.609439975884134899e-01
-8.626277267645260372e-02
3.237915481966751496e+00
-2.496879066779868150e+00
-3.490427901983656156e+00
-6.994878954858574360e-01
-3.692177354401871447e+00
-1.355814248655065279e+00
2.717401232202320216e+00
3.301642828438011268e+00
-3.970363002758534599e-01
-1.873533621596402909e+00
3.231736947029271612e+00
5.679114459381930047e+00
5.310195922794064494e+00
-9.770994530787640020e-01
-1.978943551434034775e+00
6.441823112342697222e+00
1.377531839242180922e+00
-6.306408984877243995e+00
-1.457597793967995381e+00
3.777322570750377917e+00
-1.210983761053173957e+00
7.959909370860167588e-01
-6.068835326685501075e-01
1.287743292070086532e-01
-4.638409147680493838e+00
-1.864871198493984972e+00
-3.401530591413258531e+00
3.978636771637551472e+00
7.266420248716104480e-01
3.865285846552905635e+00
-5.845350008908496431e-01
5.249843671319231575e+00
4.109951452723013432e+00
-2.173486254255609929e+00
8.300827373305045498e+00
1.579766186755870994e+00
9.682104217288157955e+00
-2.303581520645264114e+00
-1.192212427313170675e-01
-9.468867038906839118e-02
-9.871026486495089181e-01
1.358722695887324639e+00
-1.646033550093271458e+00
-1.065916378285999055e+00
-6.209555215083465640e+00
1.643097973894173558e+00
4.147000418870607774e+00
4.865487410979699945e+00
-4.289782521513078706e+00
7.091497443147338764e+00
4.865736745434107169e-01
-1.594516474068394807e-01
-3.416308616541364529e+00
3.096725224373152230e+00
-2.532583386683919802e+00
4.945301439789227871e+00
-3.404359999277487336e+00
-2.843326138562740635e+00
