-2.561077060749687107e+00
-2.532440611315073031e+00
-4.644470763949276049e-01
2.770516214745168515e+00
-5.287703840500456387e+00
1.247797306302537379e+01
1.200406881088125655e+00
3.109787333373321694e+00
2.784312526310672276e+00
-1.102858834423231293e+01
-1.599491119658256189e+00
-1.975340976491889444e+00
1.896757400444845754e+00
-6.496220514472780039e+00
-9.177966429416500205e+00
-2.194646582802131540e+00
1.067675608049633018e+00
-1.461299190227806299e+00
-1.247523191738987736e+00
2.927241521632176546e+00
-2.363531777238908393e+00
-5.259318393690236348e+00
-1.559009810112306438e+00
-4.995105580221427921e+00
2.191101393763734251e+00
-5.917408896821028108e+00
-4.668338003498990751e+00
-7.419027168040527975e+00
2.673970478371941351e+00
-3.700540988648818530e+00
1.706401203132301925e+00
-3.605230668528128124e+00
5.498528566082816482e-01
1.871670171359348656e-01
-1.873740209473223617e+00
2.653332037719033032e+00
-2.203517212522398072e+00
2.512345966151081189e+00
-1.473565285724768303e+00
-6.285627425022324299e-01
-2.996472534063580273e+00
-2.909042554679988069e+00
-2.630374544474882725e+00
3.545497350327139863e+00
-7.421575913262360658e+00
1.043256149833529545e+00
2.332565276992422554e+00
3.134628104754160205e+00
-8.335628378476345191e-04
1.680990161413602024e+00
-4.037100137541744793e+00
8.094297902808356149e-03
-4.565605942262175532e+00
6.220244387057967117e+00
-1.339873491249557125e+00
-4.802537048412185428e-01
-3.158000927986747697e-01
-6.095971575510794604e-01
-8.033744832486211962e+00
-1.161890480937901593e+00
1.677861430980264412e+00
2.373619945777867279e+00
1.379918161597158743e+00
2.137543408732619721e+00
-2.658237839474437259e+00
-7.660910937324435510e-01
2.285250288182897993e+00
-2.758842093074936330e-01
6.235869639826163713e+00
9.856055801141651029e-01
4.237848661661304028e+00
-6.032694434084326929e+00
2.167835840724162910e+00
-1.588951635377401583e+00
-3.762455884301497466e+00
-4.200574354300550262e+00
-5.289900331295334546e+00
-9.475284523392065728e-01
1.244323128366112252e+00
3.942452225040372404e+00
-2.330495316403093931e+00
1.109004527109208915e+01
2.895859642869098138e+00
-5.915400117504957755e+00
6.414330319807554304e+00
-9.743974876893892301e+00
-1.549593072346761691e+00
-8.010674256765014434e+00
8.402934346653202491e-01
1.989520457760527439e-01
-6.192472696356154938e-01
1.391791741893271928e+00
-4.409110517899968329e+00
-8.541493293090051120e-01
-1.161932142405554913e+01
9.495661810851365736e-01
2.579501925316962208e+00
-7.058380255470739773e-01
3.041319793616429124e+00
-1.391965621701447997e+00
-7.269947657946753239e+00
-2.005866453386658588e+00
3.819717402309405152e+00
-2.479348954967259377e+00
2.363022963766583828e+00
-1.442939638896001409e-02
-2.766879832786927729e+00
5.535270636308410985e+00
1.130563675870522111e+01
6.031510371363409284e+00
-4.670514935887263852e-01
-6.959720429446288215e+00
-9.133010700220034472e-01
-2.207963972847376777e+00
-3.875012847248925141e+00
2.274741881422145173e+00
-3.209840775826521497e+00
2.225568321440513087e-01
-4.493817295925373045e+00
-8.349543787921047677e-01
1.329338948252784203e+00
2.093216061649828763e+00
1.236272591701300438e+00
-6.406927637766464123e+00
-2.090339878372431404e+00
8.487504706200436067e-01
-8.315893537004447333e-01
3.011055825940026409e+00
-5.197761186155798185e+00
-1.469436713140830131e+00
1.125058305710519901e+00
8.746738013199209405e+00
2.649571042966207379e+00
6.621926267404984578e+00
6.703555858088354746e-01
1.420958316074298011e+00
4.395724095502890449e+00
7.856657710850579734e-01
6.277928661563971779e+00
1.751697373068445529e+00
-4.470949237340233751e+00
6.323482266697330045e-01
-1.290130397740009371e+00
1.639526249028662619e+00
1.852974231055191989e+00
-4.654838326227938694e+00
-2.451569101815918028e+00
-7.050164974550797936e+00
2.574539439639695892e+00
6.337111587538043267e+00
-5.267817292861314726e+00
-4.050056884200364138e+00
3.139983751620979646e+00
2.222009036725093978e+00
1.554315675709324829e+00
-6.695719488409243247e+00
5.251047964672723722e-01
-5.182485972265816754e-01
7.327050767630521877e-02
5.111336263271522462e+00
4.902367990337482828e-01
4.053678218514927600e+00
-1.999438427209147884e+00
1.580469780406950353e-01
-6.696784006035978454e-01
2.153372896609298870e+00
-6.182948545793871098e+00
-1.243861204398019726e+00
-2.480848716827814382e+00
-1.301194663511396232e+00
-8.196400492202695620e-01
-2.918756856258882149e+00
-2.965631411143228480e+00
-1.633561496637013555e+00
4.271429081757617041e+00
7.728756196389473310e+00
-8.517852787127138114e-01
-6.593794178518035842e+00
-1.706655172131193554e+00
3.541384363810852864e+00
1.408749104926833251e+00
6.910651586253373502e+00
-9.197950784348634112e-01
-2.388882065740576710e+00
-9.182173591889554842e+00
4.531345036448279018e+00
-8.530660420640877817e+00
1.715597274161986041e+00
3.612055178030591396e+00
1.495054086601796950e+00
-5.908029326628619238e+00
-1.883376233691355983e+00
-4.284495466379186546e+00
-8.629307348025468727e+00
5.544469502365072522e+00
-5.885558679056059894e+00
-3.567565737660678415e-01
2.140850030076760557e+00
-8.135054996548376494e+00
1.363334123237775586e+00
2.385009615049920928e+00
4.742449735884091133e-01
-3.038356153966110806e+00
-2.121444414474914719e+00
2.872741560481270717e+00
-4.068816744258864304e+00
-3.595677373952479883e+00
-1.465055189027314186e-01
2.382045809380564982e+00
7.752399095083201130e-01
-6.757204056935078640e+00
2.500260888607106491e-01
1.790204049733503888e+00
4.572948536982682555e+00
3.282733645692481605e-02
7.078235425145620319e+00
-1.953665965918140790e+00
-1.490767522109299192e-01
-9.453654344148027633e+00
5.042828077662858455e+00
-5.406271459366394971e+00
-1.156371242015037160e+00
-5.504549088960986047e-02
-5.807102397859176257e-02
-1.022627271776391122e+00
-7.984259755173508388e+00
-3.763262090791547276e+00
1.213905912207660531e+00
-3.837343544660246630e-01
-1.918799261627125663e+00
2.904938058937711176e+00
7.115535333235007975e-01
-2.496058962506160661e+00
-9.399361825695853323e-01
1.462885060268837467e+00
2.706475240817850736e+00
2.038618299876192808e+00
-1.587033122011848763e+00
5.820821024543124445e+00
2.177075515910669612e+00
8.208738268213494393e+00
-8.709145358171511475e+00
1.209359730097560082e+01
2.057501273340998971e+00
7.954205344360782526e+00
-1.469891758807801985e+00
2.541362270203428864e-02
-2.873691467920479470e-01
-3.514018340499426518e+00
-9.941257666574747631e+00
2.516526993302732329e+00
-2.715122895962693406e+00
1.677633790234516864e+00
-2.358858125359553082e+00
5.581993748466719474e+00
-7.655271933382603144e+00
-3.653079741103679723e+00
1.292076223195447682e+00
-2.351808919254120500e+00
-2.937510298363438244e-02
-2.924165810526247355e+00
4.056171652080394097e+00
7.506206120966248951e-01
6.963087505670675803e+00
-3.074485700991664849e+00
