1.213317459679422283e+00
6.144065562630108834e-01
-4.277253358793442928e+00
3.801729930767104193e+00
-1.210223519578705886e+00
5.283097180117444225e-01
4.938129410306766331e-01
1.611464282888065203e+00
-2.153434061643931585e+00
1.058818317579190982e-01
4.074463751001524692e+00
-6.518722403736883386e+00
-3.928124326783663633e+00
-2.072715386640224366e+00
-1.021708648075666526e+00
2.399356978770374127e+00
-2.301463157744780275e-01
1.190066733057001613e+00
9.087090322543117660e-01
-2.270061773247392001e+00
2.215435211860618647e+00
9.443521181008343035e-01
1.408151045582924699e+00
-2.951916038229334127e+00
4.744856986096286366e-01
3.006525517784858881e+00
-2.917201605902617345e+00
-1.758835964949583719e+00
1.950923683428636757e+00
4.835995473517738397e+00
-1.728053633855121340e+00
1.076938602130144584e+00
2.880359361371582771e+00
-9.528556705359485512e-01
6.475879639140771360e-01
1.967007569030828851e+00
-1.645173183267114148e+00
-6.663171642068739686e+00
-1.619660850372498961e+00
-2.490035624284533622e+00
-2.878874715215962610e+00
2.031330479381314169e-01
1.544501200109147154e+00
-3.544302568514269058e+00
3.858044066872818423e+00
5.681634590936726958e+00
1.323130508726199306e+00
2.929510759449928337e+00
2.239874757191157251e+00
-1.888798434141831351e+00
-4.105725628738294830e-01
-1.171265611308493160e+00
9.576930013151604415e-01
2.036610101018031305e+00
5.667770804306877519e-01
-3.426999287263500449e+00
-3.550082650190308220e-01
-1.163556385232261459e+00
-4.593531301468471995e+00
2.833924053507185459e+00
-1.991280125230255049e-01
7.932876005334812408e-01
-7.387506059600694730e-01
-4.992326515813642729e+00
-4.018539876169984204e+00
-2.803254408198024628e+00
2.021379993045632872e+00
-5.341437238942199350e-01
8.755931157092897710e-01
3.671541497405522159e-01
6.349379700467164156e+00
2.733905456033729919e+00
4.904822565253319944e+00
3.780624352597816151e-01
1.847595257157834236e+00
-1.466011640654111492e+00
1.234885559997467741e+00
1.138393209246442606e+00
-1.798131657976893116e+00
-2.881285126696051080e+00
-3.599443075388770730e+00
4.142869483942172582e-01
3.100062395304423735e-01
-2.575203664249830382e+00
-2.423059291331688403e+00
1.818987146215826245e+00
-2.319420528190620612e+00
5.390271007415698534e+00
3.519133768677430441e-01
1.722506068220241549e+00
-2.182594417410757437e+00
9.570566143053091945e-01
-2.523740707058371058e+00
-3.671854401269957435e+00
-2.011084069167044852e+00
-1.416908997224484601e+00
-4.612180004119101895e+00
-6.709472889166518961e-01
-2.332961531492378615e+00
2.195329916571916673e+00
-1.395448261480415786e+00
2.483757754819502672e+00
2.037050733753678067e-01
1.104342695440659883e-01
-9.027971931224054725e-01
7.513108315645489199e-02
-3.059392015416543043e+00
-1.913831189425472923e+00
1.265400281102938562e-01
-1.637143248197568957e+00
-2.438441227726284577e-01
1.354796566665471547e+00
1.776523349761191195e+00
-2.027710257379261582e-02
-2.204403519752099250e+00
-1.111773214073031202e+00
5.277743692364535999e-01
2.912290661143198456e+00
-4.655099788382346393e-01
-3.149491094601856389e+00
-2.648417483450626886e+00
1.631478737390791856e-01
-2.104893391137812486e+00
5.169424618765716239e+00
-2.461532155751946060e+00
1.210683497944368803e+00
7.696488199675499686e-01
3.139292501896461030e+00
4.312772795761337541e+00
1.419471252017488139e+00
8.077058042338282062e-01
-1.718254406429379877e+00
2.902774525612076051e+00
1.692583627065005647e+00
-4.450468652640013012e+00
3.365361512116542553e-01
1.295820707732616039e+00
3.003351257688904763e+00
9.250722237913190371e-01
2.500767209176544270e+00
-1.393008232051129891e+00
-2.600666102659148216e+00
1.116689488530038021e+00
-6.983769474115064657e-01
8.460281876588811034e-01
2.611994834996441028e+00
-1.205734401324923377e+00
-1.443630016226047363e+00
2.101286068719449673e+00
1.414789571768417131e+00
-4.666137356373150080e-01
1.464316098871200289e+00
-3.391302481846673711e+00
9.745738835965405134e-01
-2.411471377967676410e+00
3.873501693559498804e+00
1.288777310256927766e+00
-6.255491671215290816e-01
1.397090753228931836e+00
-3.063933247140141258e+00
1.064945574181721311e+00
-4.469612086630475600e-01
-8.926660313585724760e-01
-7.437241821498505878e-01
-1.351778167094658478e+00
-1.465427079579350478e+00
-4.395964286494276507e+00
-3.501127852940384422e-01
-2.250306551425806489e+00
-3.067007587894786669e-01
3.934313484002509576e+00
8.140941132872054897e-01
-1.554440702406474806e+00
9.177203186727576067e-01
1.696419536683778428e+00
4.688759297333829679e+00
-5.241795767082684243e-01
-3.056381094425791867e-02
-5.266056876434869194e-01
2.490639967251819353e+00
3.972842892835720896e+00
2.893041150463928624e+00
-8.674146035464050941e-01
-3.739643200303736759e+00
-2.948062527006504396e+00
-2.581269709305154425e+00
3.067357866994202098e+00
-1.355589295295350105e+00
8.237581757304750230e-02
2.124020576410252381e-01
2.902244328552769037e+00
-7.563939343973957730e-01
2.635926600802517950e+00
2.053314250639703520e+00
-3.188960270929328100e+00
-5.314345693297580553e+00
-3.231298693847330039e+00
2.134679900270989084e+00
-2.342702895205637237e-01
-3.017239289632078769e+00
-3.599376513753311801e+00
2.319005893963010045e+00
4.090925352579482421e+00
3.930497126687696685e+00
2.202982427866161164e+00
-1.860333151801559115e+00
3.267342449482868449e-02
3.054617968787487481e+00
3.428967053008102339e-01
-2.094297337361415767e+00
1.757023930277185064e-01
-1.114326977583771416e+00
-9.569069614817504732e-01
4.110997976659282571e+00
2.887603903602828037e+00
1.105527649749926677e+00
-6.413363291981379888e-01
4.837851612095092069e-01
3.587006541860533027e+00
5.537209808555672907e+00
-2.359237643902395654e+00
-3.142829543240355794e-01
3.451138734102681127e+00
2.154803409058485997e+00
-2.759396163894930698e+00
-9.062426409393222748e-01
1.891412742098682820e+00
-2.273634482132400603e+00
9.991916743742934592e-01
1.546850522045876808e+00
-1.400154860662382594e+00
-4.459254595289358747e+00
5.755479221819694846e-01
-3.228165026107316926e+00
2.999864768839343387e+00
-7.700311000689352703e-01
3.101568834723404944e+00
1.480053893113792318e+00
3.739322211060834178e+00
4.861005005593284523e+00
-1.737634315842797594e+00
4.847368195544103031e+00
2.579705689849158823e+00
5.868336445494111153e+00
-8.143308775991524584e-01
-7.191962657373871526e-01
-2.727814868973003626e-01
-1.633946670131386780e-01
1.026000490421183464e+00
-1.734535286924320241e-01
1.023587724562399215e+00
-4.828883439040528636e+00
-9.813895643638005373e-01
2.282442441543457878e+00
9.640008766288704622e-02
-4.494992694671076983e+00
3.761586328943063329e+00
-2.033297164200984941e+00
-5.216869121485834260e-02
-2.344353034090516541e+00
2.451568920841481258e+00
-3.705506254347177286e+00
2.002884196287472829e+00
-4.915212412726734925e+00
6.425757680497327096e-01
