2.514119711392182599e-01
-7.828930184582586493e-01
-4.816165287967255182e+00
-3.118699030936287642e+00
4.177817330997134704e+00
2.422641510948956078e+00
-6.755847644135188013e+00
1.855427540474669845e+00
1.365201395225462466e+00
3.254439459926497857e+00
-9.791158063317588756e+00
3.533301792388608753e+00
9.750136957106564362e-01
-1.003701854312686548e+00
-4.711004569435001121e-01
1.311844990593162485e+01
2.789245792154995129e-01
-4.178001242532167758e+00
-4.804366711593850425e+00
-3.866909519628114467e+00
-6.841121720335547884e+00
-5.848143203652774069e+00
5.428293464543521019e+00
-7.540765198341246034e+00
-1.637122103121368522e+00
-8.338805812933799189e+00
-6.331801730558445307e+00
-5.927866776429984164e+00
-8.212548413082830123e+00
1.129656151792236329e+00
-5.472324645902277851e+00
9.802691205662677376e+00
1.433001515607473308e+01
-6.658590666511985390e-01
-3.806835954401559974e+00
-3.871649650618233629e+00
-1.392340346691918196e+00
-5.907904297462632570e+00
-2.178219165327789142e+00
-3.376666789407577252e+00
-9.843906969403685148e-01
-7.001512451162342998e+00
-4.479031305872561930e+00
2.079311754388141864e+00
-5.482778721980269943e+00
-7.069645222263835072e-01
3.689907225254546397e+00
-1.797451910329457725e+00
-4.512722953129731929e-01
-1.050988071589520345e+01
2.473463160028761987e+00
8.505252808749541593e-01
1.844740248791516324e+00
5.889927403747396983e-01
-2.488951278339447626e+00
4.797382608348870647e+00
9.785580484599716300e+00
1.600326480992053879e+00
2.248520000999999269e+00
-1.068700922161900935e-01
3.668134032787454313e+00
-4.542173075817205197e-01
-5.441314758395398243e+00
5.298084445406706422e+00
-2.552401458774256948e+00
-5.405648424648514805e+00
-6.211062860693078669e+00
-4.686826890458233308e-01
-1.251962917893175131e+01
9.940942549390477945e-01
1.005910913227072889e+01
-5.179756124589719235e+00
-2.035004493560107264e+00
-3.162001882773726180e+00
1.458927075257872019e+00
-6.144745207817264188e+00
8.281923772081666968e+00
-5.857320527544977118e+00
-8.898176918968419002e-01
4.344042017224668761e+00
-5.138322726821972886e+00
-2.536572583100479505e+00
1.255576656196842666e+00
-5.569978167747581921e+00
-4.643609781125197067e+00
1.449978903739758795e+00
-3.175266947310932508e+00
2.409692949411902596e+00
4.168839409004479357e+00
3.075314973767009796e+00
-1.635172720235290367e+00
4.750739417802151143e-01
6.917222774021264620e+00
8.288852117249639662e+00
3.876498240868919698e+00
-8.022191018834483600e+00
-2.382356654689128383e+00
-2.457812465634335641e+00
1.505684367541302304e+00
9.449514964779323734e+00
4.841294712906039521e+00
-5.678578719752180426e+00
-1.169935283788194447e+01
-7.754943417377319292e+00
-7.864761659237291980e+00
5.256296874665258301e+00
3.459904393930365307e-01
7.236991719912255761e-01
-4.894660204403495030e+00
-6.031827850235591093e+00
7.086615954778558546e+00
1.598576457743119850e+00
-9.606927877751122224e+00
-4.666685255591720427e+00
6.377359829650406375e+00
-6.508753942485808963e+00
5.890786167398355921e+00
-4.359089022376330114e+00
3.158522559181653033e+00
-7.580615529949531251e+00
5.002281703031562721e+00
-6.648091354629017680e-01
-3.834075780010828716e+00
5.634040954342273144e-01
-7.963841931033138088e+00
-9.636963317564667397e-02
9.034941343512937095e+00
-1.411210616004899387e+00
2.150850050392372204e+00
-8.242434697460906179e+00
5.476643655373396591e+00
-7.299909097392545121e-01
5.840591271974792109e-01
3.363541304829088308e+00
-8.170466369189922640e-01
3.025260816549373732e+00
-3.005151787995324897e-02
-9.377766602325900980e-01
1.141070285967225928e+01
-1.000180284017112697e+01
-1.956169707251649514e+00
-2.464409046607625720e-01
1.402066878306905462e+00
-2.296360382509810893e+00
-7.204605836986792688e+00
4.143289868353588368e+00
-4.962887978309609593e+00
-3.099905440096443421e+00
-3.507023737710145639e+00
5.789874045965984983e+00
-3.555384810162114384e+00
3.813120904174578829e+00
-3.270115259781574690e-01
5.579118854418855911e+00
6.402633438264691890e+00
-5.368574451305191175e+00
7.588417036471798660e+00
-6.599603536526172043e+00
1.071099536800459795e+01
-6.627090098438542576e+00
1.247884835657001723e+01
-4.379860930715643086e+00
6.591597953414939148e+00
-9.224766531312869944e+00
-1.636872791775602964e+00
2.577177084871667745e+00
8.724876289305303345e-01
5.919565975882854936e+00
-1.936876000392265595e+00
2.661476945107819958e+00
-1.365826546626919491e+00
3.699841572737845752e+00
1.042718676639267539e+00
5.816883014820098730e+00
4.670351518304101113e+00
-2.890297035430288819e+00
8.327502582814965137e+00
-1.992082610279306998e+00
-3.128426816966138890e+00
1.998981376302407131e+00
-7.743313479194604554e+00
-2.213960798133955077e+00
-6.453014704575319449e+00
1.551672152804149385e-01
3.349993521892491444e+00
9.054254728163235733e-02
4.381809783222825772e+00
-5.263555917832311692e+00
6.089091043786004853e+00
-3.631459829135787132e+00
1.065610655207566593e+00
3.961602768515300466e-01
5.279819899830537899e+00
-1.218698911309177646e+01
4.880836509956391289e+00
1.182539903600232911e+01
-7.987218381502166231e+00
7.759331601597103667e-01
1.069746244418928249e+01
1.121255726486015902e+01
4.905504066856434697e+00
2.004428003828473415e+00
1.626983556876087755e+00
-5.293542804131407209e+00
-3.145920593523265474e+00
7.355305911478666747e-01
-4.201179680840599673e+00
5.910242770502971865e+00
-5.979177173411814650e+00
-9.259300206772405062e+00
-1.783892882712849959e+00
-3.367276730702449594e+00
1.110436827840034191e+01
2.675084339901235619e+00
-7.594130752066807766e-01
-4.318724461876164433e+00
6.276585281393655791e+00
-1.616143737010543813e+00
5.560145377801744004e+00
3.613720189495897017e+00
2.380678177531744044e+00
1.701792034979909118e+01
3.890360694012917619e-02
-6.470235628147067430e+00
-3.689015511987635776e+00
1.090414405345516791e+01
3.244340793266174749e+00
-2.690225448806925712e+00
9.034197629600210888e+00
-1.660792980764891347e-01
4.459195756863234550e+00
-2.992186318912500198e+00
1.045249951687626799e+00
4.235073374965302229e+00
8.165565832659378742e+00
2.346274176852990223e+00
-5.539346175555814877e-01
4.247700461996245735e+00
-7.915706052768801904e+00
3.398003332580242564e+00
-1.002517410285927779e+00
9.252231061988947403e+00
3.035450193222255955e+00
1.054213559757294361e+00
-5.197878322152669206e+00
-8.502522642458623992e+00
1.227867414409989255e+00
8.014556132594906401e+00
2.843038810833085517e+00
6.250297306307021294e+00
-7.265469979578558224e+00
-9.187225654471374625e+00
-1.132166793115763292e+00
8.868568340238263126e-01
7.104291697872381128e+00
-7.397050368275541743e+00
-1.889284030184394680e+01
1.056210649488692255e+01
7.408122923667884940e+00
-2.266329650240688665e+00
-1.567609843433341310e-01
-5.739948735960799908e+00
5.894626796152163450e+00
6.613582688854680036e-01
7.534785046694011612e+00
