1.405838227222619530e+00
1.945276052255672905e+00
-4.177571998300047440e+00
3.931528862259671797e+00
-2.045151381305834182e+00
-8.749018635637713093e-01
-1.043068632692145670e-01
-5.491565011517476336e-01
-1.878776260524768871e+00
1.928727884475356591e+00
4.079486143657106823e+00
-3.729316074975505657e+00
-3.816711382974674827e+00
-2.940942244398783600e+00
6.254038015208647217e-01
1.323812714399638990e+00
1.112578162735002318e-01
2.488352443868148800e+00
3.478549564777587033e+00
-4.460696598379715994e+00
2.130323158962420749e+00
2.565757667306304057e+00
2.270684928250797263e+00
-3.798378758095049434e+00
3.686253494095445005e-01
3.239605041644650463e+00
-1.383604282257519191e+00
-2.145281663561041885e+00
8.777087786895573229e-01
5.122018228181824284e+00
-3.739263206795179428e+00
6.132356953946165312e-01
4.278008332355162757e+00
-4.841520355667021658e-01
9.995289632636968902e-01
2.354155427675988399e+00
-2.615517926002484117e+00
-5.423742539285965947e+00
-1.314445534277016270e+00
-2.661827473035284441e+00
-1.481885430663804293e+00
3.055741317657761358e-01
4.094775728879032073e+00
-6.592462067933778869e+00
1.487838539694255946e+00
4.603270080958830945e+00
1.349698639098722841e-01
1.912876614544928078e+00
-6.692540274028598857e-01
-2.652710809313697737e+00
-6.288447499497692439e-01
-9.352219340650116397e-01
6.621635588789043236e-01
3.706759128813623683e+00
1.231609177032629177e+00
-5.150106085756373631e+00
-6.218282536039385633e-01
-2.413785504589987418e+00
-3.359963920404585913e+00
4.286203292010103638e+00
-1.753162499235351723e-01
-3.437432195698706394e-01
-2.975603064453674840e+00
-5.263483048270613196e+00
-3.880394205172295496e+00
-2.587818994366437586e+00
9.365949668560697994e-01
-2.930019363319795289e+00
1.434018011041424678e+00
1.087320885039648299e+00
4.082918889741768531e+00
3.809234474304495688e+00
3.986784546444528843e+00
4.891407806719998974e-01
1.244321971514170233e+00
-1.556052538065717084e+00
2.933553119449455959e+00
1.490781033993196170e+00
-2.132644984731252968e+00
-2.362620374417361280e+00
-1.325226951702729083e+00
-2.956418539083041641e-01
-1.903582171298480452e-02
-2.988168974565456271e+00
-3.587585263678609415e+00
1.831777304176730459e+00
-2.897982193115150373e+00
5.501549570823636159e+00
-2.534773339850304730e-01
-4.527585592516060742e-01
-8.773802749752701580e-01
-4.916708023999025734e-01
-4.050877554245330359e+00
-4.648682826651915789e+00
2.338683759800191109e-01
-1.713762532406882810e+00
-5.655670373227920322e+00
-7.159532238668454562e-01
-2.880926811334273641e+00
1.463321189816471524e+00
-2.654416302467676569e+00
1.663614645920110435e+00
1.843393208956148221e+00
1.773053597686592209e+00
3.728664041884555136e-01
-1.548875157964576754e+00
-5.008359910548946914e+00
-6.716229362741785724e-01
-1.774376718670667374e+00
1.552345081223925893e-01
-2.177791577319585503e+00
-3.812148566798281291e-01
1.927036619296012221e+00
-2.026902915185541776e+00
-3.145649816261371079e+00
-1.151906316375608474e+00
1.963936443702438028e+00
4.714218626781065957e+00
1.051887240500527065e+00
-2.671711490786418786e+00
-3.976904736570484822e+00
-1.771121615648517889e+00
-2.566614823106741827e+00
4.506376062994579712e+00
-5.548485755808148845e+00
2.793038241982231273e+00
1.020183334675524689e+00
5.367629635904697771e+00
6.718755763276694992e+00
2.742453140578021031e+00
2.650510812118056059e+00
-2.477781454200738975e-01
5.348947277808536738e-01
2.728785773158020955e+00
-4.994492157173654689e+00
-1.264511745976953705e+00
-1.232775685749984418e-01
1.716525540074657519e+00
1.359005410814651427e+00
1.902723609718290465e+00
-1.856580067823652591e+00
-1.451594013096618285e+00
1.540587814738930028e+00
-9.580782057508473448e-01
1.767559482778585211e+00
2.822021653174427769e+00
-1.501481280602106949e+00
-5.309637827450022218e-01
2.904445135159145597e+00
3.397231823036932052e+00
-1.111480584837214014e+00
1.746752846521931746e+00
-9.267319108603474520e-01
3.365245055628862114e-01
-3.521866140136169943e+00
3.398528302811019142e+00
3.444202263274564579e+00
-4.955191525527732566e+00
1.244221935566943049e+00
-2.075214195162077502e+00
2.845684330544157259e+00
1.557251924412147659e+00
-1.267304560234693289e+00
2.225614232389726332e+00
-2.821509623087872232e+00
-2.036253478660196681e+00
-5.203089849725105687e+00
5.855776435557606963e-01
-1.974236382292053449e+00
1.140006762440032517e+00
1.491458790887908226e+00
5.983245297516686101e-01
-1.029519780199712464e+00
1.547117901660416850e+00
1.673157305601115308e+00
4.104039981931737913e+00
-3.567883879385036483e+00
1.703993183498539565e+00
-1.362488896722312548e+00
3.128265240023654137e+00
3.039597788463951566e+00
4.055000571838969670e+00
-1.678862789471934125e+00
-3.592582900951155622e+00
-5.407293558825920776e-02
-3.141438079563571240e+00
4.083928162591943689e+00
-1.688457937285590127e+00
2.796659334289991472e-02
2.616733585066954859e-01
4.981950066051497927e+00
7.742727027051072852e-01
2.758709854613955681e+00
8.498501021067952355e-01
-2.290627728588120693e+00
-5.252241856839740208e+00
-1.014173759228350402e+00
4.452449574559922851e+00
-1.837919899650862110e+00
-4.299350519452495689e+00
-2.984581432935631717e+00
3.715253106089199342e+00
5.784420872752543019e+00
5.192945100581975559e+00
1.809657324967344438e+00
-2.168312625157733375e+00
9.191274115318768256e-01
5.765956323907822423e+00
7.985305051910129848e-01
-1.254005180159195820e+00
-1.913692346981367365e+00
-3.998473343006324843e+00
-1.082613191812370701e+00
4.580319780220766468e+00
2.201945269551696782e+00
-1.596815684070375663e-01
3.341507790986649185e-01
9.776456394073187450e-01
4.627096008859967746e+00
5.469148909613119613e+00
-4.413716991377810928e+00
-9.755584347170400683e-01
4.833816081360690298e+00
2.654569073529895462e+00
-5.156314959431802514e+00
-2.300600340926923337e+00
2.064248192441612062e+00
-1.308409563264216091e+00
2.141978714159791242e-01
1.725077702639558730e+00
-2.904089436766370991e+00
-2.249612185390319485e+00
-1.879236813586343535e-01
-3.768437247127256473e+00
4.574550543167399397e+00
-3.320683715362860999e-01
2.584081377588754780e+00
1.196088900055461757e+00
6.320112688969643955e+00
4.407787443078486689e+00
-1.863590755630228468e+00
6.118036058003515798e+00
2.649164657832136616e+00
7.797176005373215091e+00
-3.334255826850969662e+00
7.998450858584357781e-02
-5.741055776991601522e-01
-4.890696490453863010e-01
7.399097962388334615e-01
-2.018790682935199254e-01
9.059336428694877430e-01
-3.273407871710705130e+00
-5.233612762910466731e-02
2.458175055098280826e+00
2.178600516657910102e+00
-6.193048685504826345e+00
5.882996170304903849e+00
-1.702439434153370401e+00
-1.513522051563209958e+00
-3.989825260212428226e+00
2.565507780461235399e+00
-3.132567113522551683e+00
2.088784378133731856e+00
-4.243902737108816048e+00
2.791831646231101582e-01
