7.194864302342233175e-01
-3.845444368132054258e+00
4.994887129397109327e+00
-1.858984693936819532e+00
-1.002345679180197680e+00
-5.702921975952281564e+00
5.070638339996693666e+00
7.711469556492859034e+00
4.129825260318757074e+00
3.006607608114834740e+00
2.256392194102543325e+00
-8.649021789043311870e+00
5.703430591066378952e+00
-4.526965775838227124e+00
-6.437040439855384655e+00
9.911378079506545369e-01
3.323094519059707430e+00
6.542043228758011253e+00
-2.035077600327587444e+00
-3.487278257010080651e+00
-3.584781757580202122e-02
7.267637050152385036e+00
-1.040260647341852085e+01
-7.049837751561810251e+00
-1.009106892506207842e+01
-3.467558090130590909e+00
-2.823835309803064852e+00
-6.375202836941899598e+00
-5.647200776238724629e+00
2.596723951925134166e+00
2.613122911891704092e+00
-9.958202820617925610e+00
-4.139281700822508903e+00
-1.760079601656286741e+00
-9.103286873690923375e-01
4.865929420016184892e+00
3.029538725214617312e+00
1.146980302968269605e+01
-7.194926455556569955e+00
-7.941613475157470958e+00
-1.388696925803003968e+00
4.058781857032525142e-01
-5.172292736327263718e+00
6.110977741181562450e-01
2.004550450749956081e+00
2.886618178643778343e+00
-2.707775522866178619e+00
3.533713049083857527e+00
4.135761323815012602e-01
3.465932485212990688e+00
-2.518114977818364242e-02
-3.632040444716833516e+00
1.262452020419780752e+01
3.140768805942582009e+00
1.459671254597708234e+01
-4.825297785717173049e+00
-9.057837244643930363e-01
-6.184484221871183962e+00
5.532391109117884120e+00
4.413901854277136216e+00
1.405700412384470743e-01
-5.194710935168234123e+00
4.213745287640040971e+00
-1.456077499435949774e+00
-1.545140555000179550e+00
-8.730850381379122727e-01
8.386560574147887692e-01
8.640177781054127593e+00
-3.256095377853644557e+00
2.941433160006686531e+00
2.126462774883029816e+00
3.303259024169033609e+00
-1.450623896820862457e+00
-3.903376877955051949e+00
9.214110086357685248e+00
5.490691638024994825e-01
-4.729445975509644740e+00
1.671157071169468322e+00
3.198756072810580164e+00
-2.775514480136878515e+00
2.653306773455316403e+00
7.665859794247510628e+00
1.308746344317374799e+00
1.328229364226598541e-01
-3.202057467702583260e+00
8.784388746072363530e-01
-7.238133081931823476e-01
-8.613671599657839906e+00
2.081360570605676585e+00
3.738672485958897340e+00
-3.238595844470537610e+00
1.265586557941754897e+00
-1.595944927800539981e+00
3.109006581934392610e+00
-7.592441655912289811e+00
-7.336946334826500937e+00
-3.357908265609218734e+00
-3.250789832863678175e+00
-1.164443911755304928e+00
1.114860918212792029e+01
-1.224437044328677082e+01
-7.248387764576802006e+00
1.630716261269708478e-01
-3.116858284063022566e+00
-1.248354198566844486e-01
4.169257623505120414e+00
7.082764890718399320e-01
1.035745281407683827e+01
-2.370651911670822010e+00
-4.992879686607988310e-01
2.332529106004574082e+00
-3.776938697339498052e-01
-2.052014369881351108e+00
-1.231885376096457740e+01
-5.339452855736359638e-01
-5.409636257368111156e-01
-6.171387899880162564e+00
1.911997368699025923e+00
-5.138587250985491295e-01
-1.211738006311211358e+01
2.001546885087004402e+00
4.018825615000388041e+00
6.480078585594561957e+00
4.006834966374781537e+00
-3.804483965553584035e+00
5.753539906780101632e+00
-1.807299380464886474e+00
2.765048711663748993e+00
8.682755422339948348e-01
-1.146012576710823971e+01
-2.228987806391109938e+00
2.356001488090534224e+00
1.050801545191194641e+01
3.595541992472812254e+00
-1.178205312926505854e+01
5.118094520995559726e+00
1.903901540957537497e+00
-9.982709251265124095e+00
-4.546838863897388450e+00
-6.846983730165130400e-01
5.301416188691827180e+00
-3.274386235083569519e-01
2.418039519847987151e+00
2.866438761501505228e-01
7.732993529033124425e+00
-8.546107251538898053e-01
6.558982078830783102e+00
-3.321871593679006196e+00
5.146277025846378805e+00
1.026410079186184099e+00
5.074711049720135314e+00
-1.862085950786079191e+00
3.815662284351044153e+00
-1.125875707816754029e-01
-1.458488152122577652e+00
-7.752486697030422924e+00
-1.796974419661556022e+00
4.300109319228227811e+00
9.219118803739464241e+00
-6.101996145409406269e-01
1.329501584678978965e+01
1.625471334584008787e+01
-1.375051378718466388e+00
2.693795458648094776e+00
4.137115873212720452e+00
-6.142678313148506319e+00
-4.247159302962568717e+00
-5.582716679638728863e+00
2.572702076858773168e+00
-2.937881387085643503e+00
4.032944663198197333e+00
3.307308655136971254e+00
3.822057983183241081e+00
1.723401642607909068e+00
-2.657668935758248807e+00
1.773110001024336135e-01
-3.099886304993455077e+00
5.862848246904016847e+00
8.007476201809071270e+00
9.072693017793936221e+00
6.860619039825401444e+00
5.098847595946184974e+00
-9.232804892672945574e-01
-6.579493834968145549e+00
3.212370563177927019e-01
2.501826145122382883e+00
4.121394466647629873e-01
-6.216609028178821994e+00
9.420030591000363884e+00
9.759178563603103373e-02
4.567288303942142136e+00
-6.806084505022163000e+00
-4.381310960316691094e+00
6.101843964604889869e+00
1.713046934152212764e+00
4.476123137791312878e+00
-8.473074231957779645e+00
-4.350591146815829813e-01
8.149602512790176334e+00
-1.135844551483570219e-01
-2.611261556488007507e+00
-1.805331768617301691e+01
2.298846805333098153e+00
-4.753293048802980536e+00
-6.539393731858730296e-01
-8.669189049027165694e+00
2.621553031460068794e+00
-3.055841139801741768e+00
-6.156816492038740485e+00
5.515323970072438797e+00
-7.194935479190409211e+00
5.828037261930587576e+00
4.149905282747790025e+00
-2.195392787298630743e+00
-8.923292974926210874e+00
6.227862205604470347e+00
1.045441846085998350e+01
6.579497111645501661e+00
1.912184098717406577e+00
-9.679123240356127811e-01
-1.074801480993265113e+00
-2.276160032839128888e+01
-9.986195669517407225e+00
-1.531965103806030237e+00
9.393109215938537648e-01
2.217362283922204913e+00
1.443399094651899084e+00
5.398484864752401968e+00
-5.228435450008610985e+00
3.543123957325718276e+00
9.652023910064670531e+00
5.156695102526749785e+00
7.095868976267016848e+00
-8.133969503392899369e+00
3.101460995263605191e-02
7.146464771168725250e+00
4.979658414010043055e-01
-1.978875272267113683e+00
-1.179994722061591084e+01
-2.510414516365641280e+00
-5.145868462011146782e+00
3.189104362915009983e+00
1.946134000962842503e+00
3.024768857230994534e+00
-1.916743779644529688e-01
8.920602072950007511e+00
6.288455198498921206e+00
-8.601139795117465070e+00
7.143698721960332065e+00
-3.934340295519054287e+00
-7.293231973668290458e+00
-1.303767142910671417e+00
9.151776957354698538e+00
1.607907678833980114e+00
-1.626635802493082483e+00
3.755948148999771696e+00
2.291310110292533953e+00
-2.696292804122914610e+00
-9.498264391357641445e-01
-8.870227351671806204e+00
-1.478518234789304664e+00
6.039936749747773170e+00
-9.956901337689965104e+00
1.008043698259845300e+01
-3.291596637361417166e+00
