2.499390707341922813e+00
-1.927478693730686476e+00
9.058474774627162773e+00
1.987737904182266035e+00
2.252169862935687217e+00
1.657040401120515094e+00
1.018525305920376045e+00
4.966510901167572989e+00
-1.037028598143350022e+00
-4.735985477212742989e-01
-8.101191172032424781e-01
-4.990561260891253070e-01
6.448241314515005485e+00
4.026341401691704291e+00
2.630724781658829725e-01
-5.157933005793275072e+00
1.778443216348689904e-01
-4.227314674928428495e+00
3.353222882957203499e+00
2.476765455047122089e+00
3.585951212670294375e+00
6.091707587308519578e+00
-5.040993552288544066e+00
-7.555531048354043655e+00
-3.071084216169504000e-01
-2.988367492158206407e+00
3.324364568404193587e+00
-2.666710081679231514e+00
1.176033818485110460e+00
7.509018201830499617e-01
-4.960900454441846463e+00
-3.136673750645890824e+00
-2.235201622144479483e+00
-3.477417431334624442e+00
1.649649027058872619e+00
4.077130528367288065e+00
-4.017592994677873008e+00
1.749923561411486306e+00
-5.298186441268507352e+00
2.772524626035689721e+00
-5.323759749269501018e-01
-4.601859597422598647e+00
2.311846199895612575e+00
1.963735224918452538e+00
1.590038453215205427e+00
5.564715479895427030e+00
1.349412644874719680e+00
5.160375047222792944e+00
1.932270416785553779e+00
-5.944365325016246482e-01
-6.934696743213484282e+00
1.538646435390379041e+00
2.779068436280786702e+00
-1.310180261681360980e-01
1.531203489561000719e+00
-1.297347431626360237e+00
1.071289365430245777e+00
8.459153763600198994e-01
8.253516996824644680e-01
-1.512646857690583158e+00
-2.683568532232307291e+00
9.530604798135540179e+00
5.320659872043538741e+00
2.966105803668779739e+00
-4.966760842011896937e-02
-1.572680699177277042e+00
3.135955687785679125e+00
-3.923313351817923955e+00
7.200706660828476435e-01
-2.546105158418601189e+00
3.796605128097185755e+00
-5.527648990400236828e-01
-3.891278056439846367e+00
3.320971330352287421e+00
-3.115267792595472152e+00
2.125888267935115983e-01
-6.214228283604750214e-01
-3.142604442402913367e+00
-1.402436917726018084e+00
-5.390276112047399648e-01
3.146820391672791928e+00
3.105809130747892333e+00
-3.030708239700331763e+00
3.902913655655641190e+00
4.493648036797480927e+00
1.406195645538671712e+00
6.224032290424612590e+00
-3.813220955574689319e-01
4.580208603888832108e+00
7.238461918222383051e-01
5.932711675355073488e-02
2.823482247651938337e-01
-1.762512664079966207e+00
1.619035911975736486e+00
-4.251559114536402895e+00
1.889950191951736969e+00
-5.479662762794264452e+00
-7.211722434582664931e+00
-7.974427555396688128e-01
-1.728125972186687731e+00
-1.302296557317744075e+00
3.841819446206539812e+00
2.171672432169402533e+00
7.770159139420323990e-01
2.517469784640159691e+00
-2.866681588760627619e+00
3.757582205620212612e+00
3.582057713889869266e+00
1.740669020099825826e+00
2.600807681138307959e-01
4.434907144175056715e+00
1.447483816467497464e+00
-2.585002211911959780e+00
6.769442233062646919e-01
-7.895408003174931189e+00
-6.648185888773204155e+00
-2.710762890439010420e+00
-3.660769456286776524e+00
5.937361525852379529e+00
4.018699490768408822e+00
7.972618007007308272e-01
2.456846415959717533e-01
4.124793488382641371e+00
-2.318240068184375335e+00
5.461668679767039514e+00
-5.211231418286438100e+00
5.161419595723275577e-01
-2.768058382830870023e+00
-3.684067811435525197e+00
6.781495053243401516e-01
-4.015694487233004040e+00
3.994580684263347781e+00
1.833865048135061571e+00
-1.193682041213956824e+00
-7.888741360246847023e-01
-3.512459921347452330e+00
-3.884423119078205922e+00
-1.887890694369309896e+00
-1.601702334376362558e+00
4.951705409817275694e+00
-9.292167472919265592e+00
4.068449696605616950e+00
-2.877363055261761726e+00
-9.361942114857999542e-01
8.043426465064228426e-01
-8.436295473299115777e-02
-1.258376939633688529e+01
-7.830401950945484746e-01
3.349944362379481344e+00
-5.012869301477929973e+00
2.085655802227342814e+00
-6.822731352059694387e-01
9.035548584293977559e-01
-3.093595835442262576e+00
-9.111056834569500884e-01
3.232845346944518417e-01
-3.043224060406287457e+00
1.001617942571156883e+00
6.172286335283241332e-01
1.071011540592727185e+00
-1.023525647896081026e+00
-1.158269574214113362e+00
1.576413826675671093e+00
-5.125859580687297523e-01
1.345128825881399592e+00
-1.058083365574559620e+00
2.745698777007684055e-01
1.771804166039653072e+00
9.766972275447267648e-01
3.673338994614766317e+00
-9.104511982712142348e-01
-5.008498725955600861e+00
2.237426046922537659e-01
-2.849243617084690428e+00
-1.156235246571396091e+00
-1.664627131519767378e+00
-2.019310169008099898e+00
-2.852174468349638392e+00
3.331787560387577951e-01
-4.381790269597854781e+00
-5.154893912788097055e+00
1.823401218494336007e-01
4.176637063980257469e-01
-1.165565665397690243e+00
-1.037329807228611234e+00
5.301894538916220867e+00
3.508520443077331130e+00
-4.342574956868501257e-01
-3.372906742353492859e+00
-2.525912931605150291e+00
-1.318577545110821481e+00
5.094353643576886803e+00
-5.380874134483425664e+00
-4.956258575827307666e+00
-2.960313739725853210e+00
4.272823661296543118e-01
2.023434850018228204e+00
-3.864426900098018258e+00
1.980060530362344640e+00
2.370182572020566703e+00
-8.528252470335913049e-01
-6.022030255848123126e+00
1.659667339247480333e-01
4.333986829224500070e+00
1.824484265447887887e+00
-3.302868603603924536e-01
-1.200219226821843232e+00
2.694993534033039317e+00
1.219332497993401709e-01
4.705918450195352598e+00
-4.968035483993837431e+00
4.130435547438789934e-01
-9.728414653071841833e-01
9.703913966013459902e-01
-1.179295524157268682e+00
-7.859323332379011262e+00
-4.426393013595031900e-01
-4.257654669019120597e+00
-1.136181929612586905e-01
1.918406298904420604e+00
-3.861422503183036703e+00
6.871719333543961028e+00
4.800059576367831760e+00
2.324327998920348914e+00
2.079579367963269310e-01
4.034612578974861918e+00
3.231789627543792065e+00
5.653643081279674298e+00
4.136602644897085845e+00
8.023289411054996823e-01
8.369193872361751829e+00
-1.519097181875588731e+00
1.367233287682467102e+00
-6.426616441522722489e+00
-5.810618283113877069e+00
5.058899117124424638e-01
-3.905033125867800159e+00
1.582984679455815336e+00
2.532010285401575800e-01
-1.514874041724756371e+00
6.628136721893263861e+00
-3.269505611832246750e+00
1.124450639026709498e+00
3.019302176421819084e+00
1.272510459135998584e+00
4.175892787555072871e+00
-3.376738341773129815e+00
-2.444265474036631858e+00
-8.537554687755838367e-01
5.308157451953874340e-01
6.570830296475034693e+00
3.449843500243402250e+00
2.141768915217546976e+00
1.285324798292352133e+00
2.686586870250375014e+00
1.500655160327294402e-01
-6.884939995066891028e-01
-1.768256643234800807e+00
2.872566015000578510e+00
-1.684909204555989248e+00
-1.746995864381586383e+00
-1.351095060759811339e+00
-2.698295121772229521e+00
5.888503846930905006e+00
6.752943680492443868e+00
