2.216328521196756718e+00
7.910381082979855982e+00
-7.981518907937119600e+00
3.697865975757929302e+00
-5.151702267129712354e+00
-1.596975068092774119e+00
1.199739499620271044e+00
-2.439731892590128459e-01
-3.329366041007691734e+00
1.214561608323872388e+00
4.692331927033862371e+00
-5.721124633764816281e+00
-9.933848362071756588e-01
-4.549226822945250603e+00
-3.130057286209830369e+00
2.378072989608727150e-01
2.977746716174872965e+00
-5.756381335436482338e-01
3.235725062100448746e+00
-2.696148680958008192e+00
5.831100854142436063e+00
3.622735988882177960e+00
3.280382558843421226e+00
-3.233795461695594842e+00
-8.569975353179133393e-01
5.138536035460727014e+00
-3.262374939718180933e+00
-7.172719475622911789e-01
1.042108819496198935e+00
3.574526601951363514e+00
-4.269322702172583917e+00
2.329253337861136863e-02
4.904045805144465753e+00
-1.980455450834322839e+00
3.983594535201396836e-01
3.390263440523054506e+00
-3.795940023282173836e+00
-4.928041285147430450e+00
8.497118560008156685e-01
-2.158159037723332396e+00
1.507126378369814113e+00
9.058728447835249220e-01
4.829640080731319784e+00
-6.745222858041440617e+00
3.639846992336236653e+00
8.191459733984054026e+00
-6.504115932266958389e-01
-2.804173254916600300e+00
-2.354329765187409329e+00
-3.739105778841184335e+00
-2.178168564335386304e+00
-2.697581358058465995e+00
4.503678916906215246e-01
1.605726208734423732e+00
5.570328185762353890e+00
-2.317163441222572562e+00
1.678418422444351688e+00
-3.040599064635209903e+00
-3.913600243212385976e+00
3.603168578579077241e+00
1.558536257589260288e+00
-1.152504549731186101e+00
-2.475750092061010488e+00
-4.489415032135441130e+00
-1.774325429021299083e+00
-2.564420043607548827e+00
1.894513801279730236e+00
-1.032462590946162218e+00
1.685183582511391442e+00
1.235938912906032749e-01
6.906941458223714747e+00
3.754494195045020355e+00
1.742367803479661692e+00
6.407717175842897461e-01
4.540715443228790171e+00
5.599048649644184916e-01
3.672206097787703349e+00
3.571273732663246214e+00
1.327911815403361118e+00
-6.085331034494765312e+00
-1.477552160531956149e+00
2.296355694409553561e+00
-1.941062850809186502e+00
-4.798798320720983668e+00
-3.923837283255466435e+00
4.619053272106295793e+00
-2.707550341517955150e+00
1.045569761381776885e+01
1.196815257241394814e+00
-8.325473125969231614e-01
-1.556164620219643080e+00
1.773737602508638656e+00
-2.367292501815497108e+00
-7.437018047921692965e-01
8.801629371288457460e-01
1.814449649023095468e-01
-3.029633018806763722e+00
-2.874690918501914272e+00
-2.468840380314656358e+00
2.715065243801957795e+00
-5.414054134050279465e+00
4.024313591352540187e-01
9.307943505736908651e-01
1.610858314886923548e+00
2.631808516445547141e+00
-1.995755361993833521e+00
-7.143703521701839421e+00
-1.540709669336488341e+00
-7.046469659325688362e+00
5.131477901155779620e+00
-5.808730045830452049e+00
-1.528678463295252365e+00
4.419319777991641551e+00
8.544140549150571751e-01
-2.602012381011208575e+00
-4.308008870858855310e+00
4.192556368129281452e+00
6.422830161980502162e+00
2.495035955781464310e+00
-1.383800154810209904e+00
-5.740608514859951939e+00
-2.017378019828885982e+00
2.453018162856056006e-01
2.581459251029796675e+00
-2.720207972659417717e+00
4.614702731312052109e+00
3.044391568507720081e+00
7.948532150464008517e+00
5.475866833398826294e+00
1.705754265992474927e+00
-1.794755982702607611e+00
1.956860456613500387e+00
-1.082389616238681462e+00
5.488009856713072843e+00
-5.830687110614901414e+00
-1.799908950335241675e+00
5.669798662912134191e+00
2.414740046191955258e+00
2.437049193690180582e-01
-2.023701697979535030e+00
-4.114199559095068071e-01
-2.471692921997858949e+00
2.636357683003133889e+00
1.919976114304037917e+00
5.622635935289669318e-01
4.353046301639219351e+00
9.082206577304339223e-01
-8.321383709904073278e-02
2.187017545869348378e+00
5.409770707104373244e+00
2.706190125515466893e-01
2.589468279126514894e+00
1.379656384110069300e+00
3.949762449602951531e+00
1.570319443676657656e-01
5.303758541389571590e+00
1.210760380695000027e+00
-2.097262658224845033e+00
1.321787550381008591e+00
-2.438635968485467043e+00
-4.715775079668813596e-01
2.958240613139903719e+00
-1.226341645450750306e+00
3.947970495944469471e-01
-5.129954979316329933e+00
-3.529514904883805038e+00
-5.152062844693144683e+00
7.678868473209314871e-01
-2.899741657849036702e+00
-6.812722125143728658e-01
2.008894109464829381e+00
2.749589381853817294e+00
-3.628589327722023583e+00
-2.824631021087046889e+00
2.870892604536378290e+00
8.986573951991990938e+00
2.668052901328995752e+00
1.229948142919806919e+00
-1.095253739592305653e-02
5.272717622397822268e+00
6.206837652841890929e+00
1.609088408725500852e+00
-1.886760818954673846e+00
-3.854062723751967123e+00
-1.183363186992716809e+00
-1.758903306917606990e+00
8.711705448144344999e+00
-6.111153705228191679e-01
7.173170887373747640e-01
-3.178955074377078471e+00
6.128640214588419788e+00
6.808128507652972949e-01
2.237503712554988589e+00
2.797073291883115154e+00
-3.042293677206395763e+00
-4.082791427292002950e+00
5.448119231964798637e-01
1.951416708662018218e+00
1.901551840549311923e+00
-3.342282784039893873e+00
6.318224709295712227e-01
2.279661888147241910e+00
5.250772188807125040e+00
2.883869099163912431e+00
3.127098347038038462e+00
-1.201644253903166870e+00
2.044042621580854924e+00
3.330159276729709017e+00
-1.912250161541036331e+00
-2.870585268764311415e+00
-1.937004956800498778e+00
-3.436831417508747322e+00
-5.694593736654576244e-01
4.226821692844865197e+00
1.245592714866187833e+00
-3.475832128811623956e-01
-1.470818882884628698e+00
3.353444280380940334e+00
4.203905024919712297e+00
5.558849904975518008e+00
1.141628481665935890e+00
1.218205612557573980e+00
6.869215555112294425e+00
5.975407639510663671e-01
-6.855468980043142757e+00
-2.463713228985647152e+00
1.828151776059913303e+00
2.021793894165789252e-01
9.500517881578594004e-01
-9.213281067035741234e-01
1.266930371744680262e+00
-4.643488058140235353e+00
-3.013588589454917699e+00
-2.627505398486669641e+00
5.553943103094198364e+00
3.414145218443414453e+00
9.657457260119877152e-01
-2.569756319701805292e-01
3.545536484962619639e+00
4.253361820394597537e+00
-1.382085212242575079e+00
4.780827163090275000e+00
6.876541145548192846e-01
8.486224517749811014e+00
8.194619451795471798e-01
-1.458232827337244908e+00
1.450456883332155833e+00
-2.624909689815959180e+00
6.995061548313784572e-01
-2.006450624884228429e+00
-8.633540664965886346e-01
-8.328276792079849500e+00
1.258022927705374716e+00
4.599197989718343038e+00
5.338371132947661302e+00
-5.490830434836180274e+00
6.836732841690006168e+00
1.478275027300140376e+00
1.056833754911753243e+00
-2.998246935059023954e+00
6.012758869006111784e-01
-2.790632808563027645e+00
4.054293077436102344e+00
-4.958482599432294968e+00
-1.999358219164546036e+00
