1.821109727183796156e+00
-7.094438720836423684e+00
5.209603453023454733e+00
-2.258010167236286669e+00
6.826297610468454735e-01
-5.184343447575368913e+00
2.130954257371819427e+00
3.539932550729858907e+00
5.676535195575709736e+00
-1.350867391441382015e+00
-6.198597075613769825e-01
-1.170478327416796560e+01
4.373168064263425414e+00
-2.042478180413907385e+00
-1.269637751365718437e+00
-1.790944046487669805e+00
6.510136268609062471e-01
1.066899097509658390e+01
-2.449666239191178096e+00
3.459428948576079854e-01
2.457687144283785541e-01
8.053696918222286172e+00
1.615984859899201709e+00
-6.702432920891978618e+00
-9.237196598371127720e+00
-1.046000141073455048e+01
2.793570056199540241e-03
-6.349216111375410421e+00
-5.468701411387820732e-01
7.422737267333332500e-01
5.200448219025240348e+00
-5.967353537197449320e+00
-5.057151649226362400e-01
-2.718119465372019317e+00
-3.107020217496664571e+00
2.530496691433660850e+00
4.470866830182474772e+00
8.617873701266173470e+00
-3.882223364758190076e+00
-1.177699997522999809e+01
-1.102529851172238784e+00
-1.666858839825252847e+00
-2.794467578758955906e+00
-5.066826917834615918e-01
1.405623026289983257e-01
2.359140375358840025e+00
-4.767021787701860802e+00
2.656214713606962707e+00
-5.082974943690259373e+00
1.839951017922356158e+00
-3.060564069982004698e-01
1.679455269130759820e+00
9.878534228146774510e+00
3.140210462796184654e+00
1.212885001711573807e+01
6.877143635900679897e-01
7.045747724570157189e-01
-8.475042096803070635e+00
1.788857314995651926e+00
2.960855538696352429e+00
-4.735623918407537714e-01
-5.134493551451017268e+00
5.239267043710919225e+00
-6.155824912926604497e+00
2.116467173071858998e-01
-1.056257392504592163e+00
1.638626770643706987e+00
8.389958095886266065e+00
-3.050369337486149135e+00
4.268085447281476874e+00
3.036211118897788608e-01
2.715874191092105594e+00
-5.549258748384654716e+00
4.101218508742974223e-01
8.096063416478621377e+00
1.055091044934128419e+00
-3.905912864477962376e+00
2.272090662078744661e+00
2.857684451856204788e+00
-1.261483027319707961e+00
3.090916252819086552e+00
8.025666249286931730e+00
1.760989999387988281e+00
-6.247032106643080063e-01
4.409712539234571516e-01
4.111902902718211905e+00
-2.224831441513367647e+00
-7.993017038793826856e+00
4.556205625145291371e+00
1.834241404331531378e+00
-3.488023514311631601e+00
2.928258332705688805e+00
-5.255504856051955720e+00
-3.933089416302222752e+00
-1.026560124395192553e+01
6.137571976229141968e-02
1.124474585856819697e+00
-3.515740674737564131e-01
2.154886028997857306e+00
6.243529809766508620e+00
-9.717494264328905729e+00
-6.303415668966284358e+00
1.699652983654613703e+00
-3.610254760660287054e+00
-1.109923621506464064e+00
1.151768306630647221e+00
1.609738490074098527e+00
8.669387355575841170e+00
3.045117827342398886e+00
-1.990641350472493354e+00
2.231066470793976020e+00
-3.045366958721458683e+00
-7.623151855266581123e-01
-4.928354882074601484e+00
2.531714775275463403e+00
-2.589765182240153063e+00
-2.430253910050137023e+00
2.571073514374205615e+00
1.805825461866281012e+00
-1.118874894306209278e+01
6.257439172793086701e-01
2.182535967074790584e+00
3.064732338897652841e+00
2.810274688215431027e+00
-5.507566223507553538e+00
3.867729651787064071e-01
-5.322595520866511443e+00
6.741818458608354270e+00
1.419328620948618003e+00
-7.383591642569499847e+00
2.024166202261668268e-01
9.032621229734136836e-01
1.072860255970007337e+01
5.170694139293372515e+00
-7.544606315617796710e+00
4.011150391516613567e+00
1.189225493757805285e+00
-6.564401908399345231e+00
-7.251431118743687065e+00
-1.235308472987315387e-01
3.781896548180873285e+00
2.310059968223533655e+00
1.771196724711963988e+00
2.151446242821300370e+00
5.179902707566471420e+00
4.652224806540851354e+00
5.095341374952901958e+00
-2.061993108689899934e+00
6.668182591539969506e-01
1.111832404861816448e+00
3.953021384871685306e+00
-2.984402307288390066e+00
-1.492462352220021160e-01
-8.971773417611834667e-01
3.733501998502714025e-01
-1.166591871660821589e+01
-5.424126447346464097e+00
7.019300194914637636e+00
5.066784985536817665e+00
-1.754519375964423089e+00
9.238316755744289566e+00
1.120934552759474911e+01
-2.269162652582691120e+00
4.366744706135732734e+00
2.780917967414061387e+00
-3.669101301364729117e+00
-2.061052232278740348e+00
-7.469194880793378566e+00
1.202901302356780278e+00
-2.432212315941317815e-02
6.985820795160655905e+00
1.926470141150360860e+00
2.759218862281609841e+00
3.528778101946642209e+00
-4.252529100026931630e+00
1.719353290246303123e+00
-1.614859763875340359e+00
4.669411873415657332e+00
7.275946094484541327e+00
9.600905687914057296e+00
4.380910402846204477e+00
5.042305990923003911e+00
-1.004695667512190749e+00
-3.380146488526019066e+00
-1.199283504997358529e-01
-6.388624934961704138e-01
1.670606684608659354e+00
-2.586716026969773652e-02
1.067433434653309554e+01
-4.436504483511387598e-01
6.525146267419390078e+00
-4.294210064095183910e+00
-1.226848788845757987e+00
3.422283206299148617e+00
3.534025113020905717e+00
1.529540854357113178e+00
-2.135667305836316920e+00
4.169904781914671510e+00
5.503121558826463477e+00
4.612155749266240612e+00
-2.505407610566366405e-01
-1.372441980298843767e+01
4.021212478826816650e+00
-7.574107407908575063e+00
-2.212412755203132075e+00
-6.040886102985727923e+00
1.134888582548147173e+00
3.807153078231921839e+00
-4.070936060434839021e+00
4.677364843214679269e+00
-7.019554591875121652e+00
8.549188414843495565e+00
8.686095422821386691e+00
-3.435984541243651602e+00
-6.080704973417050851e+00
6.890955376275690547e+00
9.208059495399584904e+00
3.527372915697170708e+00
1.831499790970218644e+00
-2.310350914077909934e+00
-2.041842954401637211e+00
-1.580073647719401464e+01
-6.072104265861500316e+00
-1.434978962336737052e+00
-2.528633723120554677e-02
1.702604214873116861e+00
-5.670042209501898967e+00
1.255727435711133211e+00
2.421763242878355538e+00
-7.998463158377366877e-01
9.083078079462831411e+00
1.058775367406014967e+00
8.249432125726523068e+00
-2.499307916661030582e+00
2.366488649470132266e+00
8.691295648013861452e+00
-1.647091536342517815e+00
-1.592917148398910854e+00
-9.783873460509409981e+00
1.733840360322629781e+00
-4.763258987090988050e+00
3.171175149962112361e+00
2.695848303601156903e+00
1.696557217384128791e+00
2.083617258048884757e+00
8.492527777407689271e+00
2.193138891061402695e+00
-6.984613182132087594e+00
5.165805902098628444e+00
-1.416472694534076426e+00
-8.529099940023595394e+00
-2.876156627019544665e+00
6.358369671938739032e+00
1.313752700402297080e+00
4.163819109471850410e+00
2.050256317815712492e+00
2.554663694653712458e+00
1.902547199406101841e+00
9.346484893662976301e-02
-4.363133410009115698e-01
2.425415780185078141e-01
1.824675193295303366e+00
-3.568823784995609927e+00
1.202670928912632275e+00
-8.709026514418263254e-01
