2.482301043892182868e+00
7.182942646102862483e+00
-1.021432484458578394e+01
4.349645310127000286e+00
-7.765077893029407541e+00
-5.010921610672836035e-01
5.801899391280269658e-01
7.193628606617022969e-01
-2.428470140374376030e+00
-1.543855309290664390e+00
4.981520575920995064e+00
-6.621225052854223136e+00
-4.549559597927542720e-01
-4.762990473326917495e+00
-1.811491027438881130e+00
5.456149170100810242e-01
3.191004146667332453e+00
-1.665003178787523686e+00
2.562457641264315633e+00
-3.353501028145814633e+00
6.433056061575848972e+00
4.629853404695075447e+00
3.290093831701111249e+00
-3.713081710423526083e+00
-3.718890052071935903e-01
4.039891225971540045e+00
-4.398021995475524193e+00
-1.514608850071740509e+00
1.536105270954524649e+00
2.416167554618514401e+00
-3.423648873749041588e+00
-7.325749618838159893e-01
4.434929893067162787e+00
-1.914122402608735563e+00
-1.176862815041361809e-01
4.457753690820009496e+00
-6.013118064286485875e+00
-4.473810512938060313e+00
1.504972559268291654e+00
-1.860734868027198230e+00
6.329117271164147462e-01
1.208223573307039223e+00
4.321306891908963443e+00
-6.279741410200254670e+00
3.647264615908694552e+00
8.965269300245488182e+00
-3.148599344630800267e-01
-2.269247261606595067e+00
-2.160750648802578944e+00
-3.775441359174860345e+00
-3.401215546479540386e+00
-2.948383486733841430e+00
-3.502241206128445805e-01
-4.511356197596300133e-01
5.656502182434859805e+00
-2.435243803432372012e+00
2.479376189851988155e+00
-3.018865530129200447e+00
-5.073426943853289295e+00
3.476101668876975026e+00
2.079326460124739651e+00
-1.157291771196376828e+00
-3.393842807510853987e+00
-5.258192391601069993e+00
-2.134728162638331650e+00
-1.592607557045817135e+00
1.234848715697467458e+00
-1.836062330788530650e+00
3.091388741222692804e+00
-1.823116267941089497e+00
5.852687767916924244e+00
4.453597519472595856e+00
6.871724003927413005e-01
1.835321328405706165e+00
5.363976149927306203e+00
-1.312435096350204888e-01
4.019850095810918233e+00
2.856886365716584830e+00
9.029207111998137636e-01
-6.751465744786653289e+00
-2.635525115924306494e-01
8.284458269196322000e-01
-1.370360870997206160e+00
-5.679525312398942205e+00
-5.373412380669432054e+00
4.588876781414436223e+00
-2.124513825449545035e+00
9.009358159020887769e+00
1.862835559909655103e+00
-5.462162773574571473e-01
-5.470448909612732891e-01
8.390113254479563132e-01
-2.538853040541221073e+00
-1.661463428782727902e+00
-2.217985474025191694e-01
-3.247476578868873975e+00
-2.484788856860012274e+00
-3.704717233956075884e+00
-4.027805453026791938e+00
1.137785264582401146e+00
-4.431338872522053940e+00
-2.386107995042386354e-01
1.034783915456120029e+00
1.893542599918337732e+00
1.675108738916918361e+00
-1.255445232319696958e+00
-8.198135060762524517e+00
7.207455081805658192e-01
-6.890090592188278684e+00
6.956183459975306071e+00
-5.859630559715037101e+00
-2.125856601536213919e+00
3.492618255960739049e+00
-3.344590710278405599e-01
-1.972718566579528598e+00
-5.458610513617339066e+00
5.301911360984877142e+00
5.839746569347831873e+00
2.503285971518785402e+00
-1.231344056820450339e+00
-5.147925789067863356e+00
-1.058014034359260558e+00
-8.618141511557378953e-01
2.939742488210746352e+00
-2.065205419065534898e+00
3.329060369386588558e+00
1.699329344441439904e+00
5.479082744546499129e+00
6.307378802441185428e+00
3.147436569442001453e+00
-2.868866314904717552e+00
1.546717567089572087e+00
-2.890420707320640048e-01
5.847255829505497715e+00
-7.136395547751551938e+00
-2.218718705446418582e+00
3.280949012434490886e+00
3.230456517952496220e+00
-7.797804246009519824e-01
-1.368174300834576806e+00
-6.342516193379217349e-01
-1.648272245624093912e+00
3.499909688821721598e+00
2.499272327761795420e+00
2.789952252330420990e+00
5.211039257288513582e+00
1.251592780424969575e+00
1.952191039669124217e+00
7.621506227356050767e-01
5.315946084908429903e+00
1.029784391147493261e-01
1.780708266864348355e+00
1.494801268346413803e+00
4.830495527952180623e+00
8.854022761632929228e-01
4.751087573315651902e+00
2.965385137845830243e+00
-2.557784126482657072e+00
1.311779788410908143e+00
-4.753186838447228446e+00
-1.725393279402671842e+00
5.842429197825920184e+00
-3.780451422800261141e-01
-1.710355669404988455e-01
-3.715979830157035035e+00
-2.843549762397270975e+00
-6.454478535959849772e+00
-1.293635153613568400e+00
-2.729194503165630614e+00
-2.436291497365486336e+00
2.563978304866827429e+00
2.422775623885151219e+00
-3.511339952598201641e+00
-2.420386180995681258e+00
2.367216699946156133e+00
9.672840141985965090e+00
2.120057933960306951e+00
2.050951569837450084e+00
5.915715171920657989e-01
5.295410905803631607e+00
5.713346873358362998e+00
3.703346527183049908e+00
-1.715288093437322914e+00
-3.426351131027530528e+00
-2.744177250706638205e+00
-1.659520062259196571e+00
9.864759385840761396e+00
9.924572277438461487e-01
1.586643714298088703e+00
-3.324348722102157705e+00
4.843183776771628146e+00
-8.170350150925961286e-01
1.805248770980353967e+00
8.429903884278258097e-01
-4.412882432371274533e+00
-4.065561753196004879e+00
1.354011265532056640e+00
3.334633678202755025e+00
-5.117905944068589230e-01
-5.254185864457005195e+00
4.896193402257998928e-01
1.513503924683567314e+00
5.049057550107643344e+00
2.253550305311736057e+00
2.148261810394976212e+00
-3.454238751913615957e+00
1.346792808226393356e+00
3.151488708306090736e+00
-1.436599478384076534e+00
-3.588213173209756857e+00
-2.984406067589031153e+00
-2.893715954125671619e+00
-1.319689400278988733e+00
4.426629868554709191e+00
3.173814460933339632e-01
2.284267954073063156e-01
-1.854238291551487450e+00
1.477123947206526733e+00
6.243889840114030143e+00
5.868852159325377293e+00
2.209299982746327551e+00
-1.391601393830771416e-01
6.107973518153070103e+00
-1.229532169442795198e+00
-7.757052724550112188e+00
-3.466438125902698175e+00
2.941185539762695811e+00
1.613629627017167056e+00
1.099511787220758485e+00
-8.223204489125195416e-01
2.207325798231046576e+00
-5.299396657326592930e+00
-1.694970902229524512e+00
-4.504973552509584422e+00
6.243086222439703903e+00
2.327544333430001000e+00
2.773187281383219904e+00
5.618857682527043096e-01
1.789428478562263169e+00
3.929541660971819006e+00
-3.691477272712187840e+00
5.190706407774898778e+00
5.036630744233113743e-01
9.252930280436238775e+00
5.981914994616222003e-02
-2.505885745411125409e+00
3.332769045243590522e+00
-4.039678040676244919e+00
2.950664920119689505e+00
-1.420559381678542676e+00
-2.606862047539010074e+00
-8.519581259491884495e+00
6.000034835964438429e-01
4.854509705070626069e+00
5.891256110109425848e+00
-4.882408502254206972e+00
7.491552335902309068e+00
2.054176024646785947e+00
1.707622686931804523e+00
-3.608891413529322634e+00
-1.532964571855629288e+00
-4.740834888485634835e+00
6.743870515988513503e+00
-6.836361619704248938e+00
-2.713139784234998686e+00
