1.200306462231318427e+00
-6.632007754349222850e+00
3.967067523123952277e+00
-3.267086252207594299e+00
1.668368718798075800e+00
-5.573766886620880712e+00
3.138190429511581225e+00
4.012730782658160855e+00
4.367615813345712361e+00
-1.802851259912509496e+00
4.425811044940141104e-01
-9.608651584119229483e+00
4.095150415826639190e+00
-2.007964263225554102e+00
-1.066095122631594450e+00
-9.452244495832535787e-01
7.161777266166451383e-01
1.066462464555367085e+01
-2.593965599515350551e+00
-7.131730138468272973e-02
-1.424948349003226866e+00
9.328755272930433051e+00
4.591188454039081823e-01
-6.782726572045018720e+00
-1.031674212651048705e+01
-1.018945692943852421e+01
8.482250681744647469e-01
-6.396858180038311303e+00
-1.065725971636477976e+00
1.332262156206652115e+00
4.585901133264592033e+00
-5.222429472302205333e+00
-1.530349689882922970e+00
-2.403063122742736812e+00
-2.715112673375797314e+00
1.808100276768608072e+00
4.406399846133991716e+00
9.073425868873998823e+00
-6.585540447244596862e+00
-1.096729755948004659e+01
-2.491342886503597587e+00
-1.645274540640778049e+00
-2.445786015582534834e+00
7.595435268713797150e-01
1.703206081275148165e-01
4.244900385439052570e+00
-5.721809585137993537e+00
4.067121209960884443e+00
-4.506528586797478475e+00
1.377846073661164183e-01
6.980532539763130151e-01
1.030676089870815382e+00
8.670117810166553696e+00
4.347386420774068228e+00
1.135602487394658056e+01
9.235653858145767559e-02
1.749304371880915088e-02
-7.227312893400824834e+00
2.740084739697517868e+00
3.915858850691523951e+00
-1.002970539113145376e+00
-3.975146454274677499e+00
4.110301206237863880e+00
-6.238263451786504987e+00
-5.395340267961991065e-01
-2.602469085574252272e+00
1.422071749834416865e+00
8.569490863317307472e+00
-3.119421599549059287e+00
3.868396325361544097e+00
5.295303832607889394e-02
3.557270889604714270e+00
-5.745039670303661694e+00
-8.296480246359592137e-01
7.501881155327836836e+00
-3.451944725875898401e-01
-4.867902533601505155e+00
3.010781034078279461e+00
2.707469145027753932e+00
1.633934361208372044e-01
2.229017892398187151e+00
8.135414604260324367e+00
1.070057639402330896e+00
3.253292601901865977e-01
1.019778893891510663e+00
4.294021118631983214e+00
-2.466901531411706650e+00
-8.548208044106159420e+00
4.473768924888988252e+00
2.023961517633980911e+00
-3.945637150652655745e+00
2.278269679971774764e+00
-5.859385796160792026e+00
-2.630885031115357098e+00
-1.115359522874750375e+01
-2.437698112251236449e+00
7.152587663074670976e-01
-1.521744761182020067e+00
2.919218279301771801e+00
7.508970844645012299e+00
-1.145479937276290627e+01
-6.201369415889026016e+00
1.212332708973803630e+00
-4.063232779985861853e+00
7.954837205624586405e-01
1.529645957579612858e+00
7.672306332873491952e-01
8.750379171874270057e+00
3.106835184169013608e+00
-2.458163395229306936e-03
2.596717265851762768e+00
-5.115948968867417568e-01
-1.978355742150424312e+00
-5.435444885548602834e+00
2.424038220002234567e+00
-1.544531746721691690e+00
-3.964810620794847917e+00
7.679729863902607923e-01
1.240554196945133469e+00
-1.083321567915761108e+01
-9.285334051739801975e-01
1.859236907739493461e+00
3.314589045727963867e+00
1.741280892477174547e+00
-5.196722848696784247e+00
1.297185724255374595e+00
-5.831055127728673071e+00
6.355291461437329481e+00
3.529380644844182235e-02
-7.127347271705111176e+00
-8.613407824717895789e-01
3.736572614912103685e-02
9.185652594260453441e+00
4.837789737572427917e+00
-8.199158040529674452e+00
3.001398131520248480e+00
3.832386295947950439e-01
-6.447662168674467509e+00
-5.272972045137004571e+00
-4.226561226868532639e-01
4.563254500230724986e+00
1.832594831830083981e+00
2.554149408724019632e-01
2.212004984662977680e+00
5.329612949680223366e+00
3.554473301308923361e+00
5.679131403431279423e+00
-2.022446370210320588e+00
2.593956213084480655e-02
1.614871819119534813e+00
3.445977580656399919e+00
-1.745066885845579119e+00
2.052591059642145055e+00
-6.186873952095259810e-01
7.269322671562308269e-01
-1.048802413264932731e+01
-4.625062143744814946e+00
7.823233595203554991e+00
4.997900994088841919e+00
-1.198563141037815916e+00
1.000637139252265939e+01
1.229509067437464864e+01
-1.520064982925264374e+00
3.531413232597632845e+00
3.306158903356058332e+00
-4.190507986416024622e+00
-1.730093128763274812e+00
-7.041551286725310277e+00
1.973461956449874988e+00
4.352739530568694448e-03
6.504026079817693429e+00
1.011711416526110519e+00
2.210514752223936785e+00
4.400339819313990652e+00
-4.103470682343069775e+00
1.498365595005759277e+00
-1.108125248310344535e+00
6.639230322187676947e+00
7.411247848056151888e+00
9.172296321701532307e+00
4.791680928381092386e+00
3.771105220409857850e+00
-1.765681045993035436e+00
-2.943039468102651934e+00
3.557723289262519906e-01
-2.185626433299881488e-01
2.358561673604750109e+00
-6.207789515739667863e-01
1.180668626968241952e+01
-3.982653917875464411e-01
7.665176210627518749e+00
-6.402191627246620165e+00
-1.551413587550293016e+00
3.419643654412390266e+00
1.703077172873709300e+00
8.348913127997091843e-01
-2.229376173478710310e+00
3.881277267717988089e+00
4.600055299425592992e+00
5.976001869811674361e+00
-1.052341689461332219e+00
-1.343906081925567264e+01
3.280835252088304177e+00
-8.823621405144722374e+00
-9.599577938285976941e-01
-6.315644702589461090e+00
5.348904085552931287e-01
2.981998219824450125e+00
-3.075315020837873448e+00
5.143741418724619763e+00
-7.726216982757297735e+00
8.284507686668085569e+00
7.228021390046072803e+00
-3.102017127121871276e+00
-5.417862847963133888e+00
7.265338294296840971e+00
9.403202562128917918e+00
5.238163721195384426e+00
1.358808620651901888e+00
-2.899811553069917558e+00
-1.700077430633352371e+00
-1.547810615867503437e+01
-6.465775330618038552e+00
-3.299120084417103138e-01
4.821335350679621379e-01
1.279079197229469056e+00
-5.359845838625113323e+00
1.691965899410061036e+00
3.217326808450106324e+00
-1.035960824209115200e-01
8.818132731464993768e+00
1.143938573339407183e+00
6.910524718868292560e+00
-3.029101151974371575e+00
1.693604655188357455e+00
8.123325187794131708e+00
-1.084504434519591776e+00
-9.556476012013684906e-01
-1.040009284889836039e+01
1.039961386888314188e+00
-4.900860358204831790e+00
4.203264426974699930e+00
1.591111217444499903e+00
1.845729171781642641e+00
1.069840806723632687e+00
9.422522637643218957e+00
2.353964356662444857e+00
-7.484321884158543270e+00
5.786204088301138526e+00
-1.831568712287051204e+00
-8.359177896107295780e+00
-1.525275478257460904e+00
5.600483065993605791e+00
1.631520603853506390e+00
5.198024577195361040e+00
2.168633442395937028e+00
3.419599932037807211e+00
1.145701871215665024e+00
8.776648640162365567e-01
-2.348579406494583077e-02
-2.235047814877048067e-01
1.925449401990408704e+00
-4.549321281708600395e+00
4.082777959970061765e+00
-2.597349186081671646e-01
