-5.103037115474439167e-01
-4.004031641574156808e+00
5.776271230513066790e+00
3.736622385346404229e+00
2.361864468452050225e+00
3.506129612464773393e-01
1.969058897975819011e+00
6.837190953534166837e-01
-3.114883148624479237e+00
8.096660230304956185e-01
-3.553973106209191268e+00
-1.480435645414720280e+00
4.861141355352856408e+00
2.896269395893467991e+00
-1.011284321878921144e+00
-4.005677659379380806e+00
2.745727255569815339e-01
-3.189214262716155268e+00
3.996437624256405918e+00
-5.556461366273769409e-01
2.621545469579885435e+00
8.399637252853777269e+00
-4.462203342987278276e+00
-1.089503631940807082e+01
1.600915649980249045e-01
-4.154505564112791483e+00
1.668852631945725973e+00
-2.081937330262814356e+00
-6.182672554192634173e-01
2.156311130901242823e-01
-4.982988973775691832e+00
3.025601506388635453e-01
-4.895429762534732054e-01
-3.389730182436828443e+00
1.890379911323889051e+00
3.270242936553626745e+00
-1.740481050267440155e+00
2.579602726295765258e+00
-4.613528150876767597e+00
4.001652510272002417e+00
-2.490908924972695893e+00
-7.070343669694358013e+00
1.749076645960971899e+00
6.201342015785661355e-01
4.564024158018953337e+00
5.242456126508991510e+00
-1.300775518642876882e+00
6.314695317864535973e+00
6.911914175929363413e-01
5.482913983788512136e-01
-4.884829906708262115e+00
1.123283112324723554e+00
1.088321741045410462e+00
-2.068702854724996598e+00
-1.570776352527880615e-02
-1.581824533123950438e+00
1.375094732504545725e+00
2.019953740917710405e-01
-7.187105915094617326e-03
-3.553795788380884169e+00
-3.612144655543647609e+00
1.093214836884710195e+01
5.507366045051845127e+00
4.443891533249878734e+00
-1.196597321593779073e+00
-7.400212550884999185e-02
4.339884915281992939e+00
-5.847886811116330463e+00
7.014386761646806967e+00
-2.206529588511040085e+00
2.621546942537024805e+00
1.471778194302812759e+00
-3.568322470752897768e+00
2.598094189011152633e+00
-2.541279462975970294e+00
1.381975964784134092e+00
-1.324900168801377287e+00
7.708515103312283401e-01
-5.343289556443270527e+00
1.385110276911370564e+00
6.208403562762612182e+00
4.597576140713316661e+00
-3.525672640170281369e+00
4.082648758475922790e+00
3.144263063535532865e+00
-8.658517669825205321e-01
4.703340477120078411e+00
-2.018878917016058594e+00
8.965764500207441756e+00
2.222899777479885763e+00
1.303087390455332617e+00
-6.582211225095021545e-01
-1.065656602598846758e+00
1.311033203597487429e+00
-3.478603039423767029e+00
2.321873141584821276e+00
-6.691471134511197683e+00
-6.912441533064703769e+00
1.166297945225567734e+00
-1.370124910136383711e+00
7.747044186738608618e-01
3.594545677772163383e+00
5.774776371964803756e-01
-8.171152310886651282e-01
2.146833273730299307e+00
-4.265048198034547156e+00
3.959166961326467948e+00
2.831912371802564721e+00
2.522439496499276235e+00
-9.632668678623259595e-01
7.821582061925354878e+00
5.956079319022653529e-01
-3.620080946195375571e+00
-1.259549948548505660e-01
-1.119867336983420003e+01
-7.291125248190308383e+00
-6.926901632641362383e-01
-3.437744727283855717e-01
6.306452662578339918e+00
4.011649956587763910e+00
1.960814601093680221e+00
-1.903465307161471110e+00
4.702767045024828008e+00
-4.792694791162666057e-01
5.972573111095330844e+00
-2.829829656023031603e+00
5.684700245804031660e+00
-4.466492100464079407e+00
-3.472527411575180523e+00
1.692921761787532731e+00
-3.915878950928163071e+00
2.950322664084480184e+00
2.045446998290137763e+00
-6.011709669769331743e-01
-1.358600302676716387e+00
-4.986452143283785610e+00
-3.263811315554147274e+00
-1.969749073219940971e+00
-2.007332053309504261e+00
5.988421415324824970e+00
-8.821884722824728797e+00
2.353621310134982547e+00
-1.685016609531285736e+00
-3.203703824616069840e-01
1.323116467664016138e-01
1.919240164732544329e+00
-1.223086759692003866e+01
3.471906670419257490e-01
1.278097232224306268e+00
-5.097327552320735755e+00
4.226167558023050219e+00
1.367940031632263853e+00
3.584164725574892962e+00
-2.366624173757568173e+00
-2.701378977241543744e+00
1.575982056455887070e+00
-2.364287833931572713e+00
-4.858472213795739236e-01
-2.584696306718146985e+00
-8.943884084615284502e-01
-9.713790656987025818e-01
5.472735316798120753e-01
-4.476911805018931600e-01
2.255472249435813925e+00
-2.403797005274753928e+00
-1.387876132600361689e+00
-2.631778325251273642e+00
2.939446160523343732e+00
-1.129395946442373955e+00
3.642064158515191163e+00
7.328843171638014242e-01
-4.683229653174123541e+00
2.417354890715912030e-01
-5.003463589830496439e+00
1.932817864622513815e+00
-1.682520538993183656e+00
-3.128968895850768206e+00
-2.594466623322604359e+00
-2.484531855818269630e+00
-5.436450241682499573e+00
-3.400779543815429573e+00
-1.778321889093709585e+00
-7.798473500846450079e-01
3.283563688782992207e-01
-8.434465510694894030e-02
3.713269697416359705e+00
1.385824041401083617e+00
-1.212606467778006847e-01
-3.272948223367158072e+00
-3.728961528582033225e+00
-4.686329251707862298e+00
9.774884849117558616e+00
-4.521559651076366926e+00
-5.649730447258850319e+00
-1.468887159302286749e+00
8.128231496128199840e-01
1.650783816499887369e+00
-6.414978672414297201e+00
1.613521528150006157e+00
2.599240053069322265e+00
8.492335802274896261e-01
-5.013098190095733209e+00
-1.670776953470776816e+00
5.714225267620201443e+00
5.233050436271839523e+00
-1.588458400477616106e+00
-1.511016299924367257e+00
4.990208024738316261e+00
7.433559139842947916e-01
7.392116176546184469e+00
-7.116952838018878680e+00
-2.062113314698507338e+00
-4.604953250016030064e-01
3.949020977295367718e-01
-1.606049801794474430e+00
-4.939861671791485165e+00
4.866337436383236792e-01
-3.109892249361293270e+00
-1.908593320394183168e+00
1.380764347298226724e+00
-3.041018789694743596e+00
7.446453299570998219e+00
5.146673078995259942e+00
4.515533459671759786e+00
-1.855954437043600080e+00
5.292952673019277299e+00
3.260267156644017117e+00
5.131433534218135861e+00
3.460333697470823644e+00
1.334933427426500785e+00
8.048724161955036038e+00
-1.027624718926410496e+00
1.346299068035258895e+00
-7.822173210542178623e+00
-7.648057536763267272e+00
1.295558537723908499e+00
-1.670157480159348173e+00
3.056249751092963596e+00
-1.617431734817518230e+00
-1.629787801790212320e+00
3.457722928178858623e+00
-2.168791280813667122e+00
9.576220185408066410e-01
5.396894303494677914e+00
1.472745671830864689e+00
3.092530486054028138e+00
-3.984666200124542534e+00
-1.070148662397506056e+00
2.334566803967970117e-01
-8.043464746696979972e-01
7.293947153166985053e+00
6.018981840681513873e+00
6.175463695467116487e+00
-5.078222094916547968e-01
3.893330942059144206e+00
2.776367776030838730e+00
-1.006240694463146124e+00
-3.664642452032357500e+00
3.716146668444082479e+00
-8.835578959990796344e-01
-5.992906298092874895e-01
-2.831270427801688250e+00
-1.897691740152676054e+00
5.872034041900818124e+00
6.193924425036446912e+00
