2.791448341711485703e+00
-3.159470592409479472e+00
4.610099152763675434e+00
1.359372257600270029e+00
8.543656913932624608e-01
8.443160946835313041e-01
-5.952969807986078221e-01
2.916451763236712402e+00
-5.675054637220129372e-01
-2.815796924488526143e-01
-1.263417575961985673e+00
-2.932170625645947326e-01
6.432999337334400991e+00
8.837776804686370280e-01
-1.290180393858027852e+00
-1.470560395257542563e+00
9.284668955740191798e-01
-4.479555828675170659e+00
-1.693440336830670301e+00
2.901704288171707447e+00
4.252653806405759518e+00
2.898472845078511995e+00
-2.330721565196675726e+00
-7.967338796595869077e+00
2.007725378083114798e+00
-4.418208193670684736e+00
6.535664932553251205e-01
-3.210981512283891615e+00
1.189838302774498313e+00
-1.883146819234217340e+00
-4.766086161723186443e+00
-3.986490714545054548e-01
-6.237833503027920834e-01
-1.209624980294656815e+00
1.023058005372543322e+00
3.426067518805784307e+00
-2.796915302905091494e+00
2.184312481147721030e+00
-4.870148246772960654e+00
3.652095109111981319e-01
1.486869343716150205e+00
-5.332285914195034948e+00
4.720747403321129632e+00
3.876862741990166228e+00
-1.992116977349974505e+00
4.184317819945558625e+00
-6.518568964063700122e-01
2.432116248934688141e+00
-3.330973940363892716e-01
-4.784481264620055185e-01
-7.200035357198194319e+00
2.590214389657825578e+00
5.486712434691455975e+00
8.756199514129232586e-01
4.079842297219641978e+00
-1.150325870123008354e+00
4.843212779368424870e-01
2.146470917219535757e+00
1.701904859875542630e+00
-6.385652868335107701e-01
-8.147779222423949808e-01
5.877980545221468844e+00
4.920518440294516793e+00
2.687637095468716542e+00
1.042510895303159879e+00
9.031146480623707395e-01
4.224991974063607714e+00
3.987393871822080271e-01
-6.089267852773122547e-01
-2.506692365546505208e+00
3.067159363487999446e+00
6.355473579296535558e-01
-4.819314228971048664e+00
1.463706268855173187e+00
-4.675031584809598684e+00
2.541422662965200363e+00
6.479950545392695327e-01
-1.807653238140089602e+00
-4.208586322892022835e+00
-1.868069088112088272e+00
3.200994793142116546e+00
2.969655909953655026e+00
-1.322944597561466873e+00
3.159260873621670740e+00
2.790176554781359730e+00
1.144253638188460265e+00
6.133816669004132471e+00
1.009599971350185088e+00
4.689256342124682675e+00
2.015887692994710712e+00
2.555898271724932780e+00
-2.016360317840732164e-01
-1.398822117346318450e+00
2.971421321137717619e+00
-4.408884826837968784e-01
1.816570030824669502e+00
-6.296476380704169706e+00
-6.121069212183735786e+00
-4.062263339662333106e-01
-1.229083034977434652e+00
5.927333288185085980e-01
2.776041035885107533e+00
2.804827371903628297e+00
1.913706449184018110e+00
3.603202981511371972e-02
-4.140832873720132312e+00
5.429970633687638326e+00
4.609872065771888572e+00
1.667837008308352686e+00
-3.229323825875012322e+00
3.434097828488281490e+00
3.520425456956928656e+00
-1.458219381154728822e+00
-8.074281782259568052e-01
-6.980448242029934747e+00
-2.540787221132236429e+00
-2.959919305650978494e+00
-1.466996026714399326e+00
4.710426137216408016e+00
1.989392406001548652e+00
-1.090848759405024015e+00
6.675031479939232959e-01
3.159163628478281804e+00
-2.543145526142317259e+00
1.354314051234427163e+00
-4.146677414189199773e+00
1.769314560180600127e-01
-1.527467388829867101e+00
-3.674758205863926541e+00
-2.763016416925125451e+00
-3.920629804485724623e+00
2.102839222646548212e+00
3.307858980295195206e+00
-5.315903169278783924e-01
-2.338902842392847958e+00
-1.576693166373552835e+00
-6.099005450434004771e+00
-1.304185034625816586e+00
-1.721418171399703656e+00
6.354471917860363916e+00
-7.901704612518721582e+00
2.542728513694527237e+00
-4.828300904937057325e+00
-1.077334943311293758e+00
-5.770149522264906850e-01
-4.019617075896099179e-01
-8.675925116432720685e+00
-1.686901944000775422e-01
2.710482575858458976e+00
-3.333427546724999413e+00
-6.040902209177616555e-01
2.104397524448707646e+00
3.140388698640975917e+00
-3.932298545497077580e+00
-2.511399046860566919e+00
1.206322501565093019e-01
-3.423963433657784439e+00
-9.513291457296471076e-01
-2.245451954133106387e+00
4.159426619713926243e+00
-3.391042064891310659e+00
9.163587418767968895e-01
-1.204323533195042595e+00
-6.914216495839327070e-01
3.760949717810178505e+00
2.975558080236336833e-01
3.227202505298010227e-02
2.099747934648636072e+00
2.657416015343018190e-01
4.411626135374323354e+00
-4.867969757547092602e-01
-4.502043925311898676e+00
3.858718171538420005e+00
-2.264061000620323505e-01
2.745408176358574703e-01
-4.915273110690384639e-01
-3.208040454518168882e+00
-3.099626910205002250e+00
-1.643595483721876693e+00
-2.184836425485653599e+00
-4.346591324470479911e+00
-1.949652229632001244e-01
1.020027925008057279e+00
-1.066749459952147427e+00
-1.322680468726121328e+00
3.437844338684670653e+00
2.855851750022814883e+00
-3.591113898405433602e+00
-4.459312260254801430e+00
-7.801114703839359121e-01
-3.218239802149599704e+00
3.022352921402831072e+00
-5.262762172790591109e+00
-5.598440490058724350e+00
2.119247679334845536e-01
-1.205409742374652815e+00
5.310199797999454185e-01
-4.211644099883597114e+00
1.260629663715502113e+00
1.316233497668024555e+00
-1.922161313917159386e+00
-4.312340622968696024e+00
-1.905759949271451870e+00
1.480766399294658475e+00
1.150435091175025848e+00
-6.251103356701642744e-02
9.966405716603693454e-01
-2.781008138938583230e-01
1.213173794697844698e+00
2.340144710032530995e+00
-3.965127981135241786e+00
-3.300181173546526958e-01
-4.027504865421778768e-01
5.117043677476805774e-01
-2.267684639115704615e-01
-6.357004398880859775e+00
1.684633105430538347e+00
-3.005275908418398423e+00
-2.913834073584884443e+00
9.126821766017516602e-01
-2.374659830487020340e+00
5.118815580899743090e+00
3.397117734785283893e+00
7.983402153981830063e-01
-4.894963959371861906e-01
2.941122431416739680e+00
3.722270411604943874e+00
2.988210348627012181e+00
6.790697709821846395e+00
4.532836367285356105e-01
5.165714106621309476e+00
1.118689042060648342e+00
8.439093409079191366e-01
-2.100527291427518151e+00
-5.553781865964584341e+00
-1.862602963320247884e+00
-3.918670426334670331e+00
2.824586576314461084e+00
-1.959694628802103544e+00
-3.321342002423187889e+00
4.672468257529770241e+00
-1.567242159415647151e-01
4.326016215689968414e-01
2.570263768635115298e+00
-4.422090307437341328e-01
4.108241125709612973e+00
-4.895112665210416658e+00
-1.070512447212313312e+00
-2.172345378156435025e-01
8.282736848818543773e-01
6.362661015777409723e+00
3.773971174553495622e+00
2.362227997204697783e+00
3.190962329944982301e+00
3.223329543171954192e+00
1.970893046355843392e+00
1.439564502625309439e+00
-1.535741505464589540e+00
2.878267325586349568e+00
-2.291829395040325679e+00
2.022497357752023550e+00
-1.038911079947391514e+00
3.854856288366931283e-01
3.795761839514401270e+00
4.801231437072086550e+00
