-5.413648914301531612e+00
1.488351305156868642e+00
3.539775506896968293e-01
5.261290407462629659e+00
1.857292579489284723e-01
-2.719464326039982449e+00
-2.342270691725494292e-01
2.205843260700677710e+00
4.493490930953564444e+00
2.564450645608937318e+00
3.822954564526873877e+00
-4.463481170264142150e+00
1.252656746286307410e+00
-3.335941237040605856e+00
9.994607573103884146e-01
5.883052075873021813e+00
2.374320328821175607e+00
-3.209263407568586857e+00
2.479882714707911440e+00
-2.951030735841897013e+00
-1.291067052986328401e+00
-1.331252481576005842e+00
-3.299503555884216066e+00
-1.285652073330756595e+00
4.544038428638980109e-01
-1.377256861692329304e+00
-3.092668444236539305e-01
1.950082333052515660e+00
-1.804575701707408664e+00
-2.100720590465039450e+00
1.854392372383319554e+00
3.241943801756214327e+00
-1.441956984752001514e+00
-1.757613445140652431e+00
-4.548532661953900158e-01
-2.524156497210373828e+00
5.630282079481188084e+00
-5.944958802622050120e-01
1.458327116541015656e+00
-3.094486444824323113e-01
-2.226812303865377540e+00
5.332193043831073176e+00
4.376295131146444639e+00
-1.498429052901288250e+00
1.406265413982204393e+00
9.149460989764374164e-02
1.274684557410410868e+00
3.790702277539386600e+00
1.844408357888551064e+00
3.866960732986126192e+00
5.941862445813070881e-01
3.111841141620493634e+00
3.071258684268710404e+00
-5.463357838449661719e-01
-2.648247821345272590e-01
1.227679103231539059e+00
2.631790687705991783e+00
3.327089785392211674e+00
4.384367758081317845e+00
-5.142244395498725140e+00
-4.472211348122680619e+00
2.179764571261241901e+00
1.285453772814150852e+00
3.484938240660839792e-02
7.399207501853125590e-01
2.062599911791411778e+00
3.178920905734691438e+00
-5.870691912950009694e+00
-5.338998466240998386e-01
4.020963579227998963e+00
6.997696154280934167e+00
-4.345877485362156456e+00
3.071554391256030137e+00
-3.976582466663536874e-01
-2.707444946286241105e+00
3.181804190697310464e+00
2.821459557099270654e+00
-6.135749426003294094e-01
5.442055943923149286e+00
-1.898802400190552131e+00
1.243937523507867571e+00
-1.919107480739012050e+00
3.709083606955174250e+00
2.800041362704985382e+00
-3.323878590534135924e+00
-3.380015005321252985e+00
3.363692976385102895e+00
-5.829349667241955579e+00
4.597958605990864811e+00
2.673692462594659869e+00
-1.813896303995271020e-01
1.937768302021439126e+00
2.937134708847489062e+00
-7.828808830057030654e+00
-5.310476431181813339e+00
1.547844180864679453e+00
1.717719729604533230e+00
-9.148575352911610947e-01
4.786434859247918894e+00
-1.045126010403686356e+00
-3.863596601864407898e+00
3.621844474642820222e-01
-1.266404795278546214e-01
1.810612451960788682e+00
-4.009443606509437430e+00
6.110699426349653685e+00
-2.728671222435059551e+00
-2.662071192144299658e-01
4.060999723796731686e+00
-9.828702654466263677e-01
-4.918304314288916013e-01
-5.260871480279705636e+00
3.060844677532231994e+00
-2.017459672008949489e+00
-3.733576277469351279e+00
-8.639581010830330587e-01
-2.731560041176985365e+00
4.715528644308740747e-01
-8.101850690250360643e+00
-6.634625650469935465e+00
-1.800194354021262821e-01
3.274581849603302341e+00
6.907440730487083513e+00
-1.761076618043611042e+00
-4.098524015178767188e-02
-7.502679018697915758e+00
5.352596955794951539e-01
-3.418741329797976292e+00
3.206524523538095028e+00
1.558475014810894566e+00
4.793334504875122803e+00
-1.225721126227904634e+00
1.203123286957215043e+00
9.450887129710893175e-01
-1.868816979858437310e+00
-8.084915887724727357e-01
-4.459590729711684354e+00
1.805060694496094520e-01
3.445365308056504094e+00
5.487362302297499994e+00
-2.380230813529434997e+00
2.039580165775645854e-02
-6.074139466809354460e+00
3.720121617594218666e+00
-6.528457080500349008e+00
2.759081829134479857e+00
-4.997148834351328173e-02
-1.338285005692303908e+00
-1.044522894843159522e+00
-1.379787146378551599e-01
5.739086006261437944e-01
-7.705003069118738779e-01
-4.523028480627934167e-01
2.121241837289297827e+00
-8.121256777043125430e-01
1.989921366583049966e+00
3.654815596091550045e+00
2.111474634208585499e+00
-1.231495671483617826e-01
2.953473382683081905e+00
1.287390345050565932e+00
1.929970366824693695e+00
4.026545707584091360e+00
1.746383081238000123e+00
-8.056130751499775977e-01
1.699498502088041096e+00
4.164781404036617118e+00
5.199292092156361456e+00
3.301566714746787756e+00
-1.822103239136950270e+00
-2.453624691005759750e+00
-1.346479137702456530e+00
-2.093725568177335905e+00
3.151138925740499364e+00
2.309093604083999107e+00
-3.675443730883078963e+00
7.128411559553031740e-01
2.494006451210937669e+00
4.190068002326544416e+00
-1.790281747139977897e-01
-5.465505054056596812e+00
-1.555378209703143222e+00
3.981827276687753603e+00
6.909757689282043369e-01
3.004952436771175961e+00
1.207914425742502740e+00
4.642007869261950859e+00
2.431843734712435978e+00
-4.168637542373437199e+00
9.120831648078195908e-01
6.053952658663975805e-01
2.406436131187060123e+00
-2.210957711884379062e+00
-5.676394973106313913e+00
-5.859193021705358717e+00
1.305630323477015464e+00
-1.076948088284789717e+00
-3.671244149120751921e+00
3.527176846957718048e+00
3.373001951167958062e-02
8.569446388095454115e-01
6.465098275940308614e-01
2.499675514554474898e+00
-4.281296579378010558e-01
-3.318646651772053868e+00
4.902662031977217394e-01
-6.920885634546227738e-01
3.749441385657343417e+00
6.926304185528949775e-01
2.030984787690409910e+00
-1.010973810295026309e+00
-1.252750158691965376e-01
-2.242719297859921745e+00
2.783948355195680513e+00
-3.468932567034986203e+00
6.204252536847989496e-01
-8.643880272750292804e+00
-3.042036387363939998e+00
-3.490447827295516614e+00
3.059260933897444801e+00
-4.359170076721751386e+00
-5.656805483837439752e+00
3.114951724652708975e+00
2.037589175473875081e+00
-2.977666989668171560e+00
-7.673710711037873722e+00
-1.495402599418651723e+00
4.082667941367001951e-01
-1.004677320713807775e+00
4.025397616086702435e+00
4.287486445665217971e+00
-6.162787132486913233e-01
2.878512073269928084e+00
-3.396208479108040468e+00
-2.923434476103541346e+00
-5.115361116560061205e+00
-3.919788037784558643e+00
7.492057572343275851e+00
-2.892035402052290927e+00
6.615112559309710427e-01
-8.374950942547393140e+00
9.252194597952291266e-01
1.638343329478937349e+00
-1.846237429728565305e+00
8.105589742910860318e-01
-1.760394874036983470e+00
-1.195676757163836701e+00
4.803492463443305382e+00
2.625364278736049606e+00
2.903036854422680335e+00
-2.511191796409922627e+00
-1.032463510376840032e+00
4.109000003652823807e+00
2.303840432495125601e+00
5.188151575010921057e+00
1.435485098492435219e+00
1.435621403813069241e+00
2.538999709754130141e+00
3.465657451646294351e+00
-1.703234565591191352e+00
1.973521356551453554e+00
4.195856711665475913e+00
1.139375571650699248e+00
4.556327721657440044e+00
-3.883117048162709306e+00
