-1.988729958934303488e+00
2.669822001707673920e+00
1.928092314408559327e+00
1.994512060016929489e+00
-3.265994993919270062e+00
-1.750813878804931667e+00
-2.996817349986607759e+00
3.602161438328210785e+00
-3.355018731413764499e+00
1.240433435461339440e-01
-8.417206182882126519e-01
1.707766445524815824e+00
7.231340567725901280e-01
2.127388065355978242e+00
3.494142358099685097e+00
1.469152730250423033e+00
3.909812733870162482e+00
5.925166515955735846e+00
3.383362109347948454e+00
3.547570711568321045e+00
-5.327298834501829283e+00
1.054718714709331318e+00
-3.855387130587771161e+00
-2.857543774978523299e+00
-2.430949001706184998e+00
6.449229779918755234e+00
5.049670664366121109e+00
-3.959472263229568245e+00
-3.439766519040571846e-01
3.620094643418157343e+00
-6.485816684656771081e+00
-3.759498465181913551e-01
4.967805724847588755e-01
6.088942509475290255e-01
-2.445188984583282377e+00
-2.080962785592856079e+00
1.623011480618105740e+00
-5.239055342901886014e+00
1.027352588208638284e+00
3.203129987478280150e+00
-4.371866239619194516e+00
-1.373987296518311085e+00
6.027822236413248547e+00
-6.111961777773226245e+00
-1.021711185040159897e+00
-3.707914390432473173e+00
8.941321804043174115e-01
2.657258496653739588e+00
-6.870308871165489162e-01
1.641814784261226290e-01
3.186832579722789660e+00
-1.872426051218157195e+00
7.439343192261548943e+00
1.730640627249559360e+00
-5.880789247031975586e-02
3.550723247938675442e+00
9.977597355097667098e-01
-5.793759138882507154e-01
-6.654725839096287565e+00
1.639893025979386465e+00
4.065992922711153312e+00
-3.468222776579868993e-01
1.650584341166053015e+00
1.738829069904780589e+00
4.143137415530492973e+00
-3.175942000120910880e+00
-3.177743103812528780e+00
1.258313136241199004e+00
-2.648926687255492851e-02
-1.408605616936375204e+00
3.460381650556572097e+00
2.292033810677290617e+00
5.759263344922467276e-01
1.788044247817460519e+00
-1.070803223116843839e+00
-2.055166962889637183e+00
1.344015355503360709e+00
-3.478396203092523287e+00
-8.576858152612385489e-01
2.823336556966721256e-01
2.675619794750023317e+00
-2.110983103263484928e+00
3.417556142261724439e+00
-1.233980208738447715e+00
-5.732039957268659336e+00
-1.603083002630390608e+00
8.539078467144452844e+00
9.029805873381255843e-01
-9.864314752175835643e-01
-7.540609045342279160e-01
2.534364331039022922e+00
1.158521557475749031e-01
3.329375984725476911e+00
5.038528105171673488e-01
2.489691960951091743e-01
-6.213624344103397812e-01
4.707656410321742868e+00
-2.575681734980459048e+00
1.705392510835925801e+00
-3.730768793652578186e+00
7.278047521542347020e+00
-1.270841575879343432e+00
2.187828559496527880e+00
-1.455977266409841819e+00
4.183985632264594634e-01
-3.994064024566827076e+00
-5.545489964465222243e-02
1.064498866363574825e+00
2.406930717958201349e+00
-5.472075448875474812e+00
-1.987320075080403869e+00
-9.896903751078945932e-01
1.708961485743565767e+00
-8.067796679036044694e+00
-5.830688643741346322e-01
-2.518349698983383345e+00
1.757712834288862380e+00
5.171048327261506650e+00
-5.860348711919458609e+00
-1.924665140849488587e+00
2.094497994025690257e-01
-5.461420893193528192e-01
-1.347891401722308258e+00
-5.314550010502563371e-01
-1.197593757538704562e+00
2.617685091535019382e+00
1.164754055223487628e+00
-1.687318727403699814e+00
-7.701685923002965506e-01
-1.650755326686932811e+00
-6.113837327850922598e+00
1.773919722438845215e+00
1.022996261333658063e+00
1.394533164549762727e+00
-9.386678717872077859e-01
1.002461589854470425e+00
-7.029988459008620794e+00
-1.316432394795229222e+00
4.808744734821853939e+00
-6.289358129499336592e+00
1.109272584386689076e-01
-1.506458741479863139e+00
4.268157964270412386e+00
1.585452595521629426e+00
1.698964387642097451e+00
-1.738603622361842405e+00
1.165304104404171426e+00
8.390309686063414096e-01
9.033900565106910419e-01
1.119917694089100468e+00
3.748230656076711576e+00
-9.348340650430296828e-01
-5.362148045767128224e+00
-4.114862024467735857e-02
-3.790825026896901484e+00
-5.347692852014551690e-01
1.112904212481229393e+00
7.141935489752471167e-01
2.027004527606075968e+00
2.124496162394096999e+00
3.499553444474274438e-02
4.969929056771893450e-02
-5.920037252892003110e-01
-1.099624632263537238e-01
3.044838081558381759e+00
1.505989278266612441e+00
3.190092739405860023e+00
-1.593359029003840188e+00
2.911210972157663446e-01
1.930174470213047222e+00
-3.870900291475367627e-01
2.352358595317312950e+00
1.717701432308659015e+00
1.913644485356331693e+00
2.630707363217558381e+00
1.666280021401718159e+00
-1.515344892606083349e-01
5.236018654257762250e+00
1.068603387743331412e+00
-2.815946196071780760e-01
-4.216892176376939361e+00
5.207334517302019128e-01
-9.159481619302319855e-01
-6.836906170937939731e-02
-7.466474273877535817e-01
-2.649887383987220790e+00
-2.182001382941171075e-01
2.095264520676321407e+00
-3.964597674852883835e-01
-6.303929675624170947e+00
3.891387503428032080e-01
-6.872402741861662889e-01
-9.783193202143631861e-01
-1.098609102278115479e+00
-4.488461226317109976e+00
-1.471354503129731262e+00
-2.010760833307487783e+00
-2.119889950372282783e+00
-3.834789017001825506e+00
4.204671377165400514e+00
1.935894527552934896e+00
4.898913296017087582e+00
-2.317059711926871657e+00
2.822609212467393824e+00
-1.293364908445430617e+00
-6.286356042252201348e-01
-1.993874293941780396e+00
1.111049717751811716e+00
2.918245307169667679e+00
4.046165991503819725e+00
-3.533744460189176539e-01
-2.058524060208122286e+00
3.493111602785961889e+00
2.134659272975298006e+00
3.426145603051980792e+00
-8.636860331010076663e-01
-3.780258138561237491e+00
-2.422977052350149485e+00
1.360999847648025618e-02
-5.215925431474299323e+00
-3.848961573939714831e-01
-1.123964240333283682e+00
3.826956729174019856e+00
-7.745262112440041147e-01
6.787203989758100464e-01
-5.117063187035337357e+00
-3.369825612373972934e+00
-9.580920306380915630e-01
1.660148750431760689e+00
5.116705582387357509e+00
-7.669314632691476286e-01
-5.791772379068326870e+00
-2.354009834694161363e+00
2.704834468569055517e+00
-4.435704053524663237e+00
-2.471535855446382435e+00
2.058081085450354841e+00
-6.328830680989941726e+00
1.697497929465308086e+00
-4.099254370887893018e+00
-3.656504960629743728e+00
-3.864827224831550279e+00
-2.053730600423598673e+00
-2.877655517419732245e+00
-4.592839737693690694e+00
-2.085555178010925825e+00
5.859659556519309476e+00
-4.771456376732821525e+00
8.780616700296064892e+00
2.154078148319747310e+00
-2.710669180844586634e+00
-1.105816627541950758e+00
2.632359389605870348e+00
2.585046337887366708e+00
-4.675693513784310085e+00
7.159111298536119605e+00
6.661130745484832971e+00
2.880346188020688203e-01
7.813352452765619516e-01
-1.074208481315018782e+00
3.436926543115157440e-01
-2.023215493115114505e+00
4.233464543497045263e-02
8.984954343111292152e-01
2.019950767779588041e+00
