1.034283128003736341e+00
-4.201196845750724052e+00
4.501110278478090976e+00
-5.734020734108228323e-01
4.061713418512324481e+00
-3.189608057908542627e+00
3.556884841488815452e-01
2.704453839749448307e-01
2.862809795572616167e+00
-5.043685872175702745e-01
-5.592751304732335171e-02
-6.683590318157830446e+00
3.874449886334615289e+00
-4.651529581143481806e+00
-1.515877467572242399e+00
3.419860171193939147e-01
-1.059810876773982891e+00
6.533834025356389574e+00
6.857319812817977978e-01
2.157420095066783006e+00
1.675395072813661068e+00
4.363380310565613485e+00
2.905769469451431330e+00
-4.063741935839733976e+00
-4.407039412792475019e+00
-7.526296388249265945e+00
2.181005974279164317e-01
-2.047988048651730786e+00
-6.594094160027837326e+00
-1.955913298894840224e-02
1.238325260865301480e+00
-5.278732524884000021e+00
2.197962234989652153e+00
-3.827562610161806766e+00
1.476034612032282256e+00
2.689790883819349609e-01
2.799621802258163150e+00
4.956200383790377195e+00
-6.171632312223741756e+00
-6.109759012185485005e+00
-3.756053273904648715e-01
-1.991425524504979894e+00
-4.583782340871965788e-01
5.558653284506598347e-02
1.167408807917631020e+00
-6.150734660652058539e-01
-3.015918973338537867e+00
5.016766190524553970e+00
-3.094798173792391083e+00
-1.700899873642678362e+00
-1.969107492626039679e+00
1.248350964989463296e+00
3.940055969619382203e+00
-3.491572106757033223e-01
6.831264947865880899e+00
-2.585848848537323441e+00
-3.493102175460372827e+00
-7.734055550014072855e-01
-4.997070082459655338e-01
-2.015655379389623469e+00
-1.708979056328796542e-02
-5.637794142166119293e+00
1.119564987871082717e+00
-1.881140530547376732e+00
-7.678647237098777945e-01
-2.821142607551937243e+00
-1.616671314717030183e+00
5.203793255466171885e+00
-1.342054131182049526e+00
1.258344074896974973e+00
2.565756507841712164e+00
2.182150732216615818e+00
-2.826661054449516985e+00
-2.009711629828938140e+00
-3.802130985614685099e-01
-2.270182289515308149e-01
-3.844664380684680971e+00
1.295799349041249382e+00
3.782841492927929483e+00
-3.746780100231215993e+00
1.618738538240539926e+00
-2.949188357783122383e-01
4.073495688484376487e+00
-2.577599306766130027e+00
-1.470385259607545736e+00
3.614864333728752044e+00
-1.302579296537167641e+00
-1.567085970822436947e+00
1.457838303317995576e+00
2.262688361199491904e-01
-8.946949754095965268e-01
3.797491253080028439e+00
-3.000590758444922290e+00
-1.548440775582339946e+00
-4.289862358010582355e+00
-2.309349678280533613e+00
-7.948228115232938151e-01
-1.064558431996871279e+00
6.022348803528111416e-01
1.820974691536979773e+00
-2.664782199894274672e+00
1.066498317418220099e+00
-1.389420453707444603e+00
-5.066921961346109171e+00
-1.093561498900898155e+00
-9.583773335081100520e-01
-2.560087640406391030e-01
5.732271924140505348e+00
3.880893721910796401e-01
3.639056126534890634e+00
-1.166608666229687952e+00
-2.002874774232930477e+00
-4.272370128815805579e+00
-7.806974430168344137e-01
-1.286635831645352557e+00
-2.003753656315216958e+00
-1.972025777002454294e+00
-1.385121762740793572e-01
-1.525207914603956993e+00
-7.458085688020224424e+00
-1.345247023128942843e+00
-3.833730159729329401e-01
1.874293027913200405e+00
2.485840298114188607e-01
-2.558820369150387908e+00
3.628048610500402837e+00
-3.191874954170444312e+00
1.043767687950546197e+00
2.775520820395471766e+00
-3.598949721683454506e+00
-4.947512958897543278e+00
7.028090786702472226e-01
4.269752854186001478e+00
1.586395351108804030e+00
-3.565126210517261640e+00
-2.692475792433945081e+00
-5.686568168952123026e-01
-7.616728389748835815e-01
-3.178748257363903651e+00
2.197197601759001362e+00
7.486501181092932722e-01
5.241394550993139223e-01
-1.644232508109602753e+00
1.089386374611622355e+00
2.822425450682871428e+00
2.975743333598545703e+00
1.339307443482805393e+00
-3.031361464193908173e+00
-1.600644074466166522e+00
6.587359076649023315e+00
-1.573351325773924891e+00
5.288326118329929049e-01
2.300954590642930953e+00
-3.981987020357493634e+00
-3.104587013530083706e+00
-3.827137918437178765e+00
1.175575844635867728e-01
4.258169802375030955e+00
4.122220242941761370e+00
-2.542537744826697921e+00
3.248544728698568473e+00
2.269807140336153495e+00
-4.224984793144728190e-01
3.648869357950974557e+00
1.923378616273099917e+00
1.446670063791822392e+00
-1.056269464445684703e+00
-1.644572780509381271e+00
1.414585585416582303e+00
-2.722136324219218473e+00
2.887472721894758010e+00
1.633689041269165365e+00
6.464219016963786979e-01
3.702059365608780794e-01
1.112113928999068690e+00
-8.753326547591075979e-01
6.164162297175034277e-01
6.392711486484969896e+00
1.841550480750182572e+00
7.120116512195567182e+00
3.518607060991369995e-01
2.763222831713405103e+00
-6.892571483293377099e-01
5.377996414563177563e-01
1.074790120304677243e+00
1.376383397091687222e+00
2.073831772781284055e+00
1.611704062486311484e+00
5.871894899243826238e+00
8.431037153046355703e-01
6.489981502636759103e+00
-1.418437442235235491e+00
2.886631506765032551e+00
1.758304389568824400e+00
-3.682638517312335491e-01
-6.955614100252487386e-01
-1.334141801465319244e+00
3.451048791158702223e+00
5.168087960585378227e+00
-2.236112903602809787e+00
1.693655506461661520e-01
-6.866610808956445489e+00
5.354520986129616134e+00
1.562613402901252169e+00
-1.834424456610693088e+00
2.678949202480853220e+00
3.450769700275816199e+00
-3.323549288264573409e-01
-3.506363741835334391e+00
-7.372343352026543561e-01
-3.447106533576170140e+00
1.161220606258385635e+00
3.909104095957239622e+00
1.139017781105427840e+00
-6.794722829517020557e+00
6.709215324495629851e+00
3.326289404838068453e+00
4.759904753219299067e+00
-1.084871632524221141e+00
-2.577969016630574206e+00
3.803486181146050749e-01
-3.596430657005961429e+00
-2.426129355624532247e-01
-2.358918668352346870e+00
-2.938665315003591960e+00
-3.013479007715721636e+00
3.166270027408270682e+00
1.342574080965551309e+00
2.535130277725361925e+00
-1.999927366576009113e+00
1.319538632264434241e+00
-3.738977681444437096e+00
2.397825139253886295e+00
-2.879671197647809322e+00
1.988906261348617921e+00
7.468228666759499923e+00
1.087799871011663200e+00
1.413223048602214149e+00
-3.446400749369112226e+00
5.659604708769637726e-01
-3.767552013429922297e+00
6.483712806495143255e-01
-2.247717312131240153e+00
1.838220020269689448e+00
3.484059789164753784e+00
5.602689384834694586e+00
-2.868114172061895228e-01
-2.353146144747948032e+00
1.621996032036539415e+00
-4.971810102569805823e-01
-6.859286231858173544e+00
-5.696887608848604678e+00
5.110588709508205874e+00
-3.915121687488281599e-01
1.206573633636277343e+00
1.648056848418269826e+00
1.753952669416095622e+00
5.354792363633437136e-01
-9.885878600917594738e-01
-5.668160811714947345e-01
2.889510963045532677e+00
-2.516568156115347454e-01
-1.877938120445546422e-01
3.304628145664516570e+00
-2.605201736890679243e+00
