5.092300588929065341e+00
-6.264419721814655340e+00
3.067890882288009990e+00
1.147420029603110958e+00
-4.192537940280399944e+00
-2.826419117016009119e-01
-1.513956583137341827e+00
4.018071544128138051e+00
8.313117611510953964e-01
3.040277101073978194e+00
3.034011259278220685e+00
4.034776220044975048e+00
4.311098488089338154e+00
2.887298710444787808e+00
-3.926907527871612125e+00
-1.165384932436330345e+01
-1.573272290848647170e+00
-4.087952850561870299e+00
4.349914320556518277e+00
-3.463645022317066169e-01
-6.601815566353057552e-01
8.894518711182923809e+00
-4.654053884015212361e+00
-1.519678935196864700e+01
-4.232377236497767647e+00
-6.513101709209138335e+00
4.671838387810328896e+00
-5.745681101391721057e+00
-5.386013605708833474e+00
-6.794150541323877857e-01
-3.102547863004056605e+00
-3.070806985043634807e+00
1.188885076983830391e+00
-1.345105644270835565e+00
8.939166158539302298e-01
8.821952210509436121e-01
2.635294085152168453e+00
2.831701143506965224e+00
-2.966830091045562501e+00
3.158101140287952635e+00
-3.292452764021753353e+00
-9.078047945604025060e+00
-1.795680343164092196e+00
2.052751648172726817e+00
6.503204346568971950e+00
5.259975728741314249e+00
-2.470654648054677160e+00
2.006433337422591112e+00
1.354236912686798355e+00
3.112608519104502314e+00
-6.673971284915235280e+00
-1.259616403714945765e+00
3.138321751406521365e+00
1.692627743514711069e-01
-6.678806282383610293e-01
-5.196083895085222615e+00
2.405751717076957341e+00
-1.811475707751122544e+00
1.560058456679321193e+00
1.041723971296337981e+00
-2.839499161892875101e+00
9.870107198441528951e+00
6.210478910942359931e+00
6.103232945174893231e+00
-1.069737874589124615e+00
6.221184878892710657e+00
5.495776829227963844e+00
-8.453590839063716444e+00
8.529004411134346597e+00
1.553904310600443539e-01
3.749558526213286225e+00
1.181315503487706753e+00
-4.074014607948515554e+00
-6.846872169371667205e-01
-1.104355605889192482e+01
3.681646817187854470e+00
-1.532444835916011883e+00
4.012990435002713463e-01
-8.719951430490551214e-01
-3.590758246948262677e-02
1.006513865776653205e+01
3.564228025996583060e+00
-2.531929118268550827e+00
6.651572389220286929e+00
-3.491236208997772206e+00
1.317911912101678018e-01
3.494542528393956848e-01
-3.913305810351247693e+00
1.297342517832107589e+01
5.525504744729247797e+00
4.865885438541469377e+00
8.603167224232335375e-01
1.400379275268319734e+00
6.309213992861543829e+00
2.642621553708979221e-02
4.124177722721222850e+00
-6.410089327142520332e+00
-4.590082183786801551e+00
-1.916863068982102458e+00
-3.966704689232959158e+00
-4.393561852689156222e-01
8.626858656512593981e+00
3.031107572899724545e+00
-2.768670980494280176e+00
-2.423899742376284472e+00
8.027129190929377378e-02
7.566221192942637508e+00
-1.604016657758585263e+00
-1.980846658242923608e+00
-9.943143063961200623e-01
6.039868219417805051e+00
5.537842246049511363e-01
-1.301155989867570195e+00
-5.362088415978628619e-01
-9.578597264528672994e+00
-1.153549545398511533e+01
7.563888827311029406e-01
1.548547063861244411e+00
1.636680971548125640e+00
-6.618484525868120194e-01
2.081443217627359399e+00
-1.888220181582656254e+00
8.832486682605082962e+00
-2.124964380213232751e+00
1.618266125804573408e+00
6.726971372108602409e+00
4.383875397051416378e+00
-9.880621804918106044e-01
-4.314072642129777257e+00
-5.859684731667881563e-02
3.917178898712458945e+00
1.345951291681095841e+00
9.667356605733440356e-01
9.454245317756651001e-01
-3.316776769583013706e+00
-1.526794552682615880e+00
-5.771520060477188352e+00
9.941586776400765935e-01
-2.767181214296674074e+00
4.821229392981994266e+00
-5.206254439169854642e+00
2.290858137701076824e+00
-7.038954553428177219e-01
8.062839782625437213e-01
-2.043933150307696067e+00
-1.681054126933617221e+00
-1.158832520329829840e+01
5.469682974940847764e+00
8.768412977891186788e-01
-4.867862715976164267e+00
2.025277698083371547e+00
-4.710346122496693155e+00
3.941169673404326446e+00
9.049928270327057822e-01
-2.848027770570140227e+00
2.937910660194871681e+00
-6.937346512600989001e+00
-3.517033858413449732e-01
-3.542587418828482271e-01
3.914774074480988908e+00
4.244469676298112226e+00
-7.836814248268537675e-01
-1.125474462704719181e-01
-3.490835651914026450e+00
-7.230135769504460796e+00
-1.818975581359075777e+00
-6.732687428016589593e+00
9.192835323258272240e+00
1.903628130751437775e+00
-2.310936865774022575e+00
-1.814347674491973317e+00
-1.059334962957744075e+01
-3.410213596003001113e-01
-3.508279801802133502e+00
4.435550632289904982e+00
-2.899982106950253602e+00
-2.727649132317544023e+00
-5.645907640239036240e+00
-4.687183626994723795e+00
-8.150351575698703499e+00
-2.301676171967075302e+00
-6.222593213886949748e+00
4.684267918153788290e-01
-1.143678978244160760e+00
2.744619555564151714e+00
5.412529842417881376e+00
-2.778658967068960983e+00
2.238636037458197059e+00
-3.000496058572770686e+00
-8.756895582231864594e+00
-2.477207102535032845e+00
9.843842751281046688e+00
3.282848383260675851e-01
-7.328593164940285121e+00
2.250052443270587954e+00
-4.319229768359971189e+00
3.592351233749683903e+00
-6.923957405271738530e+00
-4.848716618293722469e-01
1.001162369821060771e+00
3.834441298805020271e+00
1.681725857547262670e+00
5.993880662959032435e-01
7.079579588348480890e+00
4.453220173906890622e+00
-1.990773591653427932e+00
1.374098854686747639e+00
4.866447998981265677e+00
8.988011349145713424e+00
1.349154472828204909e+01
-2.961447687937180717e+00
-2.736053458489544177e+00
7.235556039040023923e-02
-2.041822645640374745e+00
-5.632712623213380176e+00
-6.728762172472308123e+00
-2.157494443461785427e-01
1.025562060657881025e+00
-1.318442631327124914e+00
-4.032361190264364126e+00
-6.509277509427968234e+00
7.808877229750471827e+00
5.932505073524864336e+00
-1.662742377935465754e+00
-6.345172302878321346e-01
1.986207806782198437e+00
4.134079617088451286e+00
3.960520667856473942e+00
8.071933221871147035e-01
2.697196360079841426e+00
6.971438490289736833e+00
3.141002924930341722e-02
4.137481257254221889e-01
-3.545698953038590506e+00
-1.220555038313120910e+01
-3.440987521971021756e+00
-5.013062416447320757e+00
9.333806495178900153e-01
-7.154032936971609580e+00
-6.060754645358453097e+00
5.455932388691860702e+00
-5.700294166880697233e+00
5.718397749176430400e-01
8.513588045047021380e-01
-1.324887889466888957e+00
-1.276657933841944814e+00
-4.443576089250280248e+00
3.219690763673135780e+00
4.592987812896566879e+00
1.785909598259356912e+00
6.320351235125666101e+00
8.648374901907526890e+00
8.262765029153088747e+00
-5.357398803024350009e+00
-1.905601955938170944e+00
2.921446662729504595e+00
-4.540933252575948487e+00
-2.956442660368485131e-01
-1.971208786936804014e+00
7.265235489048837980e-01
-4.854083899891276088e-01
-1.580540812816994656e+00
-2.469388509139683663e+00
1.354235577613724217e+01
1.034627706463946417e+01
