4.555725126955614268e-01
-3.371403606739376446e+00
5.205025963302333025e+00
-1.239052677252811430e+00
3.353742015720484471e+00
-3.501573017716373748e+00
1.766638687175087208e+00
1.403909853106068084e+00
2.891209946667102404e+00
1.037401785271445664e+00
-1.593553211154000726e+00
-7.139602325079215106e+00
4.456049053381436309e+00
-5.009906585160870840e+00
-1.669788692764149207e-01
1.209984502482341906e+00
-2.517875798225866824e+00
6.106377846728038961e+00
1.336665624983681910e+00
2.252624289822309667e+00
2.614619705370930802e+00
3.197896223175451524e+00
2.523411760644868718e+00
-2.707543995546010773e+00
-5.134315885167438864e+00
-6.918886671685157808e+00
6.452120539575471048e-01
-1.592810763919975336e+00
-5.328796589816264806e+00
-4.072405091225544949e-01
1.835382096070262037e+00
-5.177981089564317685e+00
1.333185963195796742e+00
-4.629137468039933090e+00
1.157135982397561103e+00
9.748729583424980971e-01
2.163628053457115730e+00
3.912577720500741929e+00
-5.509091119798197766e+00
-6.476013479052930677e+00
3.963782819351966968e-01
-1.507709238214461900e+00
-1.084579252010539063e+00
2.001983882734545417e-01
1.493322324817043745e+00
1.721523257178212418e+00
-3.260891151131976251e+00
5.159150247586311799e+00
-3.127991486038539826e+00
-2.221931118932050087e+00
-2.323233428492052610e+00
1.990613389115078125e+00
4.547551835931349373e+00
3.073392383362856251e-01
6.783096109027923148e+00
-6.500504617020304021e-01
-3.023789419149752966e+00
-1.027882604320160098e+00
-4.373347967502778655e-01
-2.060276709312299115e+00
2.528466909646684968e-01
-6.233609886576767956e+00
-2.625985741484204716e-01
-2.768539712168650357e+00
-7.898649465734584041e-01
-1.881621720542633991e+00
-2.603398253302061871e+00
5.689639445811542018e+00
-1.068189976621370274e+00
1.568415094932872789e+00
2.668176319559270926e+00
1.644810553805436060e+00
-1.775499128514790748e+00
-2.836385362452563896e+00
1.929378947680696399e+00
-5.216899939131351971e-01
-4.674574520921023435e+00
1.064598120068445564e+00
3.954404958207685894e+00
-1.040411333242657665e+00
1.073954886760246641e+00
1.629719619358393490e-01
4.120156323383223906e+00
-2.102022311895666462e+00
-1.401012106611214447e+00
3.914930490052970669e+00
-2.954838314230270324e-01
-9.032875028114819571e-01
1.336726774778895344e+00
-1.061112463645379478e+00
-3.169026159996943814e-01
3.221303420476822055e+00
-2.532968471873161320e+00
-3.037648513812897910e+00
-4.705373145144583269e+00
-2.006095358871276435e+00
-4.681327874644761744e-01
-4.412273243596329664e-01
1.053727478029331310e+00
1.901812050938055831e+00
-2.494836558796083903e+00
4.764862656078048264e-01
-1.670963680015324471e+00
-4.411985575213256183e+00
-1.209131278031190027e+00
-1.906831568446785585e+00
1.878904078976989522e-01
5.500945518969867720e+00
1.195644241673289865e-01
3.992511773639532802e+00
-1.643895638872018727e+00
-1.762893391393842268e+00
-3.438118824690466369e+00
-2.813412660060383708e+00
-2.655534187617394348e-01
-2.770174597989459642e+00
-2.953136089248342699e+00
2.795217584411580081e-02
-1.443215374521526595e+00
-5.848005567188100606e+00
-1.348366053898017114e+00
-1.223454365039478908e+00
2.169459470828303704e+00
5.866150346419601869e-02
-2.407975726678682982e+00
3.145473628603621563e+00
-2.658202508662078856e+00
2.490955962608308649e+00
1.289358428229637088e+00
-4.052574493898777774e+00
-4.451182195338946990e+00
5.267023714149849933e-01
4.937195852208664526e+00
1.012334244683127160e+00
-2.995935210784133051e+00
-2.509636710146278205e+00
-4.235410166038884316e-01
3.462244483697532460e-01
-3.244512413240037141e+00
2.657214764596881551e+00
-3.930157792597689936e-01
-8.088394396041193035e-02
-1.792239909212967719e+00
6.070675568904259078e-01
3.187294931830178868e+00
2.673670248036056574e+00
-1.173450758095742341e-01
-3.337699262221764940e+00
-2.585461222883886023e+00
6.994997652956233658e+00
-1.883914824698825319e+00
-2.207698804376647395e-01
1.516412809097971159e+00
-2.497329278070932190e+00
-3.331320369882004861e+00
-5.079423922012975545e+00
1.619569436461790302e+00
4.027202169886573202e+00
4.534765786095696249e+00
-2.136136980393825713e+00
4.875851386762278139e+00
1.343337829781249271e+00
2.741630951849524100e-01
1.762349054854230657e+00
6.709764766602410724e-01
3.353506956050280596e-01
-2.130768702759913147e+00
-1.480519461250506374e+00
1.484859828662814074e+00
-1.172465350362551950e+00
3.213044289760546235e+00
8.224979660579848639e-01
1.403513212816380973e+00
1.073456161327724478e+00
-1.143006697581874898e+00
-1.173109954699970370e+00
1.233941073339659855e+00
5.661128854559338563e+00
-9.285323326176744829e-02
8.519576860333080148e+00
9.314457591475341358e-01
2.733408698564093964e+00
-1.892271749648563706e+00
4.816475480098014184e-01
2.029741653199793383e+00
1.932273584985589654e+00
1.987856870751089966e+00
1.275819056950707520e+00
5.116275150298878138e+00
2.193835362747784679e-01
6.753535888091766637e+00
-5.681137174536786683e-01
2.978163938613132000e+00
2.491846587288739201e+00
-6.854827045297826604e-01
-4.043100618463792983e-01
-1.870009834479351429e+00
3.677737262736724411e+00
3.935634330818071458e+00
-1.974076138628086063e+00
1.362392673023407497e+00
-8.573124596707504708e+00
6.247334677002864822e+00
2.139941232562906581e+00
-1.191134166553532880e+00
3.684888060163979961e+00
3.832659970862435372e+00
-3.407716576508100781e-01
-3.708552119105914535e+00
3.085613650571394917e-02
-3.392000112914663745e+00
8.349031905250661190e-01
4.541179992237000640e+00
2.594895898246503574e+00
-6.271106520166663145e+00
7.491956258240477062e+00
2.721698071583321443e+00
3.839726487532725496e+00
-6.507644710273138289e-01
-2.334354837406398708e+00
-4.741653336634526483e-01
-3.428938924597981330e+00
8.199421679654712580e-01
-3.073557146552713615e+00
-4.192883272840534303e+00
-4.686061006423393849e+00
2.389431371036082830e+00
1.667262209217099000e+00
2.383758840329059048e+00
-1.253528417396265304e+00
8.052929244702052847e-01
-3.921204243159789105e+00
2.486347456153440660e+00
-3.002755261349463911e+00
1.016890349611077271e+00
6.034306716817447125e+00
5.978349182553106544e-01
2.048499578480633687e+00
-4.180833774393842184e+00
9.136006247233823263e-01
-3.572202882634240684e+00
9.343720224789102691e-01
-2.541767855290785860e+00
1.879845322788096684e+00
2.763680355117078324e+00
5.024949718511111385e+00
5.211187456718880950e-01
-2.633255564912881930e+00
2.776845664447248119e+00
-4.667679343251427415e-01
-6.338831026501877020e+00
-5.780878471167454791e+00
4.536740634697737917e+00
-4.959866401805220759e-01
1.776092218265833411e+00
2.987912063277947006e+00
2.041809689610710965e+00
6.834944447581131621e-01
-2.803929302699522008e+00
-1.100253080068037681e-01
2.392181700426982527e+00
1.788056946372933997e-01
-1.880450224414614291e-01
3.236574247747360022e+00
-1.390767988620898343e+00
