2.283036205390559292e+00
-7.249323127730497696e+00
4.395037272692245089e+00
-2.657754475801445970e+00
-5.172272335926679787e-01
-7.592687042146756937e+00
3.389792857673771476e+00
4.843874302805959431e+00
5.455973823664075795e+00
3.073865020640829671e-01
-3.314470523918592981e+00
-7.938723085484283182e+00
4.292276532314555304e+00
-1.997980241975408466e+00
-2.069618057934372590e+00
6.705665918876118070e-01
1.051751588801433934e+00
8.678515501063225557e+00
-2.512522654243085074e-01
-1.229407281247184125e+00
-9.602482799770729605e-01
8.351564825603698949e+00
-1.292167313224079406e+00
-6.414333838768413898e+00
-9.783223256304237836e+00
-1.031829974036728181e+01
-8.710432597595010318e-01
-5.482600153484988859e+00
-5.619197903390967141e+00
1.380764679870420508e+00
6.553497832663848222e+00
-6.415255396233055407e+00
-4.057095514063331909e-01
-1.585348212744021046e+00
-2.083881543635463185e+00
2.699872909591358727e+00
3.547024575606581021e+00
1.105684601311958914e+01
-6.164420204075632626e+00
-9.940040271232744473e+00
-4.595129980623159915e-01
-1.146237475464578992e+00
-3.638521699307227131e+00
2.505652191898855019e-01
8.233291990177530328e-01
3.250404146166107289e+00
-5.525468677590412270e+00
6.254306029374315123e+00
-2.283742163224901311e+00
3.796419978290652253e+00
1.036692733976499969e+00
-2.257882301043066864e+00
9.401739351862264726e+00
4.268278949802687627e+00
1.181908304161996526e+01
-3.723632649500425162e-01
-3.025062041637462062e+00
-7.635994125691917489e+00
2.977495500110874715e+00
5.000219690156524344e+00
-2.319745305093378285e+00
-3.340966843295661626e+00
2.426556961514888311e+00
-5.099839791826327406e+00
1.320612345225363526e+00
-1.558758340592005354e+00
1.758057609303993019e+00
8.096946798355322272e+00
-3.187131087851010847e+00
3.490395288038582677e+00
-8.100018296500033355e-03
3.005403234447833416e+00
-4.927642428464414692e+00
-2.136968620945932873e+00
6.698454314780857288e+00
-1.836759514061255816e-01
-3.584431302447302681e+00
1.968994359675722228e+00
1.118011246072622367e+00
7.308397291834121123e-01
5.214116147372223509e+00
7.894871345503146287e+00
4.055142352980917186e-01
4.956585349275555163e-02
1.582734415303749698e+00
4.396701533457409994e+00
-1.349041730037761511e+00
-1.050730868341427815e+01
1.731508913632313407e+00
3.957379210751632570e+00
-4.437514795117600386e+00
2.079082449502878127e+00
-3.507533867758034329e+00
-4.104822135651133408e+00
-1.075669070459328225e+01
-2.212876599974498593e+00
9.288153961967928751e-01
-3.539711863395273994e+00
1.568458679923880661e+00
7.873289977156223252e+00
-1.014538027434691969e+01
-9.764922558879536751e+00
1.739640920004879021e+00
-3.474159754342898143e+00
3.046668313443408493e+00
3.002451410368470741e-01
1.601462872776123536e+00
8.478833095663848241e+00
2.257395564075560301e+00
-1.552391670368739485e+00
2.704784537912499953e+00
-1.218118429495355981e+00
-2.093607164465427495e+00
-6.812649498752085364e+00
2.015947876178594278e+00
1.998490225110507446e-01
-3.374722319102966495e+00
2.570286657476406944e+00
-4.412150547019215718e-01
-1.130813236245141162e+01
-6.452519588304985731e-01
1.599743649013402047e+00
3.702016456641829656e+00
2.147249101809584282e+00
-6.007243981394926102e+00
1.863524103557997469e+00
-3.576673195466918198e+00
5.251793291502199423e+00
2.408711670910072211e+00
-7.598563781307109188e+00
-1.770967503384712316e+00
1.804113625874362192e+00
7.460444930894964521e+00
2.944556624244884624e+00
-7.574462020805359685e+00
1.402063620134395894e+00
2.721203131512250017e+00
-7.358117732871604311e+00
-5.891437366083680516e+00
-2.819793006000769209e-01
4.196824258298590848e+00
2.774070122399632687e+00
1.980799882886469687e+00
1.520909350334115562e+00
5.482187046231238092e+00
4.021931638526327291e+00
7.493219775004116734e+00
-1.605227205931222922e+00
5.640987112995319297e-01
1.008360750160816721e+00
4.476180915017475392e+00
-3.829662408157767928e-01
4.473460016281747720e+00
1.498006526435284202e+00
1.081903503608969419e-01
-1.023289078346204661e+01
-5.964975761791253994e+00
4.838761895901257049e+00
5.010281588607416126e+00
-1.662326936019287160e+00
8.857014175372006193e+00
1.395470076149992877e+01
-1.341648183787996551e+00
2.752073946076679434e+00
3.514353008571014403e+00
-5.489572084051437706e+00
-2.035579237642202610e+00
-8.922969412882491014e+00
-7.130427692158350927e-01
-4.780474441997654367e+00
6.183957014262461804e+00
1.542620570525349510e+00
2.882047915145522943e+00
2.439210412912611314e+00
-1.936093140983138561e+00
3.893467239908899868e-01
-2.752446326912695973e+00
4.849715041052775177e+00
8.277788344871016335e+00
8.453649571495118309e+00
7.323457323292527299e+00
2.886298370040038197e+00
-3.975510723361691534e-01
-1.657030447607201529e+00
-1.837943628764880266e+00
4.102641873336534850e+00
2.039538887223645958e+00
-8.375184151484285078e-01
1.138370473635084856e+01
-4.933483832382211109e-01
7.561000431388634979e+00
-5.193747309622066766e+00
-2.393983398542115726e+00
2.743934350467731598e+00
8.889850860077894712e-01
1.876872872024516914e+00
-3.164681947771554427e+00
3.206655651692729592e+00
5.952166640286074895e+00
3.761812975422577754e+00
-1.238164633424094108e+00
-1.331653320616926450e+01
4.730715413093552257e+00
-7.285371743422677682e+00
-3.460290085217076150e+00
-6.437824616570300584e+00
2.329941445492372587e+00
6.625192916753399608e-01
-2.375349199222667185e+00
4.683199862452497975e+00
-6.314040434288945569e+00
8.009974563582545670e+00
8.643732727586588283e+00
-2.200807084748245046e+00
-6.106083724889728614e+00
5.661813832962574011e+00
1.046615315055304407e+01
3.823279353965368887e+00
7.648989137324234688e-01
-2.128832668716026166e+00
1.168775004777350190e+00
-1.513433573512810959e+01
-7.008249152225394241e+00
-1.712786702296754449e+00
2.578246359065013982e-01
2.274997042741648823e+00
-5.053349116058692303e+00
3.868167700962723998e+00
1.096469953662522423e+00
6.845690629277880745e-01
8.361855035340196807e+00
6.191565298239997128e-01
7.117506535971495296e+00
-6.518625867512666261e-01
-7.541897595642959029e-01
5.623419081236280093e+00
-1.187278161148387801e+00
-2.524497004243817955e+00
-1.081429018329650482e+01
1.012980557856845154e+00
-5.355634770369126940e+00
5.770253212330168857e+00
4.991832818445816056e-01
1.204963332795210729e+00
3.963974462296698142e+00
9.014326569192846250e+00
3.022544062804332299e+00
-5.496206439914161912e+00
5.144321329313005009e+00
-1.846478194827528174e+00
-8.780661650324613987e+00
-9.699062315676769686e-01
9.034457574248426326e+00
1.113779697746065889e+00
4.092665697966252125e+00
4.301510922588709818e+00
3.575120605266261631e+00
1.485295169149430938e+00
-2.642970253902500177e-01
6.547230937433398124e-01
1.967483557281673456e-01
2.121440236658050260e+00
-4.864931472916216748e+00
2.513198355041223575e+00
-1.333432155420703591e+00
