1.980881950408126535e+00
-7.697778773841783995e+00
3.147726082510319934e+00
-2.939712191290853927e+00
-1.683861594533082040e-01
-7.134003634620754930e+00
5.395102760379045570e+00
5.242992289546496210e+00
4.937525083536879578e+00
-4.573387347805521475e-02
-2.710459049560601574e+00
-8.333834657440672089e+00
4.335561729687520405e+00
-2.263276343687661729e+00
-1.810245324466067229e+00
-1.583675731117853758e+00
-2.125497146041782637e-01
8.426913125587942588e+00
-6.153662906888162087e-01
-9.439152955915147691e-01
-6.831510406504949229e-01
8.953308830272703744e+00
-2.103848598157830985e+00
-6.392067040695544655e+00
-9.418932766536327605e+00
-9.058753150330547399e+00
-9.329122141199415186e-01
-5.966427532345837115e+00
-6.326919766827326264e+00
1.099532730499953370e+00
6.547892830812244824e+00
-7.910514399080781800e+00
6.277819589781272747e-01
-3.592341990051298062e+00
-5.606616919562054102e-01
4.109221418045959417e+00
4.055522368171775582e+00
1.031077125773636816e+01
-8.497560100831188734e+00
-8.215475025672851928e+00
-6.381208403762392845e-01
-1.112528252711308951e-01
-1.528160311394566095e+00
1.369944035211902555e+00
2.266155948853272317e+00
4.307417464939808482e+00
-5.541893064226816712e+00
6.463564796125217171e+00
-5.272461820487192030e-01
4.316091732112510293e+00
4.983382845964484664e-01
-5.149013436473638627e+00
1.043011484418466672e+01
3.850586877710043598e+00
1.281794454521078386e+01
-1.090740266453459784e+00
-3.058321401535963879e+00
-8.193431123928501592e+00
2.034649741919006605e+00
3.991083315802271159e+00
-1.063941877997517604e+00
-3.628563018260424489e+00
1.937797407550204909e+00
-3.465999289714074116e+00
1.449349962219258714e+00
-3.487664902100965914e-01
1.921180323650600208e+00
8.098386154241611123e+00
-4.740543881639765367e+00
5.572014808312496292e+00
-2.201247985393964157e+00
3.258121778205453456e+00
-1.880775487675114377e+00
-1.435539373029061760e+00
6.984156263913352092e+00
-1.870965117857731896e-01
-3.647388322081676737e+00
1.128583523482065143e+00
1.550125828156427854e+00
-8.393163940268694168e-02
2.746308394816705967e+00
8.895976783215814976e+00
-8.791760621335821257e-01
1.516991907581352272e+00
5.981075127530430802e-01
2.642867631612232593e+00
-1.274146695446508160e+00
-1.118476090568899473e+01
7.787095312147973569e-01
5.293834134865077701e+00
-4.908299920770346603e+00
1.845089006350879579e+00
-3.642440149429673646e+00
-5.929013355647729799e-01
-9.885998809053015535e+00
-3.767738570714167956e+00
-2.476189559091255266e-01
-5.193443642865695153e+00
2.159546616896971916e+00
1.015905277237811610e+01
-1.058866253106945265e+01
-9.846482534250503349e+00
-5.013005957588820838e-01
-4.816010196443056834e+00
1.781914028075150203e+00
5.262003968988802072e-01
2.089751937595989872e+00
1.000642397589881227e+01
5.558439479952417273e-01
-2.177206023915342570e+00
2.200879625879574419e+00
-6.087687995210621095e-01
-7.965076853700939763e-01
-5.246389523392537946e+00
2.099486081997952169e+00
-9.464348829979822852e-01
-4.203443141942956984e+00
2.581598738531267756e+00
1.459228669516835719e+00
-1.198724984535346039e+01
-2.449659529039979189e-01
2.511474924234342598e+00
4.002870206032772771e+00
1.938635753611545720e+00
-6.833159329795683412e+00
2.341168787368622439e+00
-1.926665340099012358e+00
4.034255320449025461e+00
1.853964308618808454e+00
-8.146466985473695743e+00
3.602466581107759414e-01
3.792796546452563700e-01
8.628500326038563983e+00
4.128478508977746486e+00
-9.519227495210907719e+00
1.069028370835945818e+00
3.437445467618398087e+00
-7.569242465869726821e+00
-4.740050617033348956e+00
5.789796470922512484e-01
5.065864250485871523e+00
1.464007795748888174e+00
6.381286057069639472e-01
1.931145708404362615e+00
5.737655939590329268e+00
3.406032099242129796e+00
7.632460551448464692e+00
-1.195804105785055693e+00
8.724288332375953470e-01
-1.438009112048078686e-01
4.929702054509798259e+00
-1.264304970511813453e+00
3.388894443327302497e+00
1.486589364854856710e-02
-1.043486476397500473e+00
-1.046631542285486915e+01
-4.916048612929301953e+00
4.792912572583220232e+00
7.036279315427621306e+00
-2.217210343305960230e+00
8.987255433193976017e+00
1.437291898624597408e+01
-1.793340820211298148e+00
3.081328493179893435e+00
4.105314819020106754e+00
-5.768783892580729322e+00
-2.063619570751058951e+00
-7.568358076191362471e+00
-1.835588637424523384e-02
-3.433529576946410256e+00
6.377248324578314254e+00
6.917704615156589076e-01
1.370556546902431005e+00
4.334270837870997539e+00
-2.437772025629389105e+00
9.638880258273536672e-01
-2.987866701204436204e+00
3.977425647568765932e+00
6.350067327940197792e+00
8.841956286515419094e+00
6.117009013167586495e+00
3.404308400982995142e+00
1.381161010470250972e-01
-2.826592562103376505e+00
-8.262574627193955967e-01
4.504256886226873036e+00
2.025537752489675380e+00
-1.956228762472079108e+00
1.007397332694081271e+01
-1.215319563170567774e+00
8.093117363093949024e+00
-6.473704969947847943e+00
-5.142055990220781858e+00
3.633495070657898118e+00
2.311017827225493537e+00
3.977244218389160757e+00
-4.172074666892422456e+00
1.635128861515694032e+00
4.382407113238372176e+00
3.467347911576283970e+00
-1.834020453012214613e+00
-1.388401810957598670e+01
2.539332514300302712e+00
-7.710502975027912598e+00
-4.355557187703688271e+00
-7.638506399252014134e+00
9.090188833535096657e-01
1.015920501871982351e+00
-3.202110436521200754e+00
1.951966192068291139e+00
-7.010867012100287177e+00
7.536792754649028758e+00
7.733939037081479562e+00
-2.712542933643712573e+00
-5.751797456424554866e+00
6.298502148214762286e+00
1.111676551512413802e+01
4.228689042879848259e+00
1.179356533601150447e+00
-2.400286588098171414e+00
8.906074152669426480e-01
-1.734257508382585655e+01
-6.934956582703364347e+00
-1.294148269302281662e+00
3.484656175628433772e+00
2.605825851038175767e+00
-3.261169504431278288e+00
3.126204530627498368e+00
4.323638497316193430e-01
-5.505361795559055027e-01
1.019331648010965274e+01
1.196606267250851730e+00
9.124814514129406362e+00
-8.397533558443963653e-01
-1.441690099029872885e+00
6.264695379338692582e+00
1.393015782583469087e-01
-2.595607739447338247e+00
-1.249199807890777336e+01
-6.109579829380927807e-01
-5.092825265319953942e+00
7.050676338103135876e+00
3.773229592888985184e+00
1.512703445122473234e+00
2.596892635899047175e+00
8.525659919375179641e+00
1.450165566620104762e+00
-6.458816162276197481e+00
5.456749003584149271e+00
-2.569286513309684938e+00
-9.543391220893530758e+00
-1.773941177075899267e+00
8.496896439489578512e+00
2.308146856940963332e+00
2.892707136608545060e+00
1.340205551949443130e+00
4.139877546646940409e+00
1.638686588282740608e-01
9.137772206413574683e-02
-2.115306483869901388e+00
6.683707387050445980e-01
9.523203301517648711e-01
-6.261116645004115355e+00
4.528684597711238879e+00
-2.706520509471049607e+00
