1.481452218837785439e+00
2.469590097347485802e+00
-6.101010197740372121e+00
4.488653620769685659e+00
-1.647450823429212008e+00
-1.333259659474227199e+00
-3.373896105662624878e-01
-2.642763271996771968e-01
-1.256750960481968216e+00
1.446578972344276570e+00
4.336933480121158979e+00
-3.240810284533365060e+00
-3.244583056574263047e+00
-3.569495539801746720e+00
2.697621969122815933e-01
2.096499021644606664e+00
8.065402740195450892e-01
1.207156986822959910e+00
3.264517155204365473e+00
-4.477887256193588961e+00
2.788334392375372062e+00
-1.222133319907984239e-01
2.228854697686543762e+00
-3.633233959119063883e+00
-5.330977989790322003e-01
3.314721989154678194e+00
-2.533338955265048043e+00
-1.129982232708289347e+00
1.861459904261335119e+00
5.154984505978837284e+00
-2.443214908382974837e+00
1.592324406306401707e+00
3.392193098651718142e+00
1.172048490224995021e-01
1.454372992577290136e+00
4.225124627323969762e+00
-2.352249581172966231e+00
-5.150274263908658057e+00
-1.196640514100645536e+00
-2.471908582180797787e+00
-2.574050248137358388e+00
-6.260238569794163155e-01
2.716848355434873685e+00
-7.584927628311466385e+00
1.680373383118892727e+00
5.039569562630641819e+00
9.560710536655087077e-01
7.101492124653799864e-01
-6.194774729371541611e-01
-3.293972711196502257e+00
-1.857850100943940319e+00
-1.870388295236988796e+00
5.810828671660844824e-01
3.659947784039177421e+00
2.623896334134123709e+00
-5.042083507782691321e+00
-1.607741305237810892e-01
-2.095785454898775768e+00
-2.757420487232669082e+00
3.454265623476177272e+00
-2.664478117582608219e-01
7.562725288313788541e-01
-3.323692753227582841e+00
-6.369301474355198778e+00
-2.816047025320070230e+00
-3.169353687897695782e+00
-5.858244153552949474e-02
-2.142633035397070174e+00
1.437298304018743922e+00
-5.559398968140616404e-02
4.937340636628533730e+00
3.813504018404116902e+00
3.283690719251493473e+00
2.408286245730713038e-01
1.030804534260853611e+00
-9.966612703516445348e-01
2.786310128616606541e+00
2.883265085667659378e+00
-1.034640728291506440e+00
-1.986255416503423410e+00
-7.864663882942626305e-01
1.230744611515126374e+00
4.720319644894975797e-01
-3.261889823034102243e+00
-3.560853719595221012e+00
1.776695862003139448e+00
-3.609374445077843774e+00
6.159706315276133992e+00
-6.232010001565910784e-01
1.260781121719991349e+00
-1.237896547395191504e+00
3.337006260171443417e-01
-4.748303376248804497e+00
-3.092948001467271002e+00
3.393243403366648647e-01
-2.782239941799265370e+00
-6.347716099584946647e+00
-1.982349345501645210e+00
-2.717832226004291751e+00
1.985644057629243342e-02
-4.209205541524839056e+00
1.753993481140816879e+00
2.137689089683449950e+00
7.273541660139888343e-01
6.046446777041691867e-03
-1.210130075724872523e+00
-5.154308698745140305e+00
-6.982804342079294013e-01
-3.064622282585535817e+00
8.974108771691708952e-01
-1.713663866498297939e+00
-8.066322121045577109e-01
3.974878804635467944e+00
-1.419193271883393059e+00
-3.975635866810272478e+00
-2.716298035440277925e+00
1.330397446803188277e+00
2.521253739553342754e+00
1.257544125117259437e+00
-2.186441804697738078e+00
-3.720134516350825482e+00
-3.378565936110424772e+00
-3.115681314567622984e+00
4.383999680150501455e+00
-4.466053975874893389e+00
3.649348565311777648e+00
7.515571597888203170e-01
5.596734934042072673e+00
6.689182862652284456e+00
1.522244706138978554e+00
2.609846466068276527e+00
5.209101075581313856e-01
1.703288556133710330e+00
2.552899017223586586e+00
-5.920405367399262708e+00
-5.984947012042487469e-01
2.183829546370222030e-01
8.172945652633802904e-01
1.977831458207095494e+00
2.836189494096945207e+00
-2.353839971360783601e+00
-1.512194366120114264e+00
1.803611402282375931e+00
-2.863999625462568810e-01
1.840947739715049103e+00
1.900264552358271519e+00
-9.723106664860130532e-01
4.324877477378885615e-01
3.122093098132089128e+00
4.988972514795356972e+00
-8.379944063745872196e-01
1.734189116838702693e+00
-9.871679593059685676e-01
1.453465312934349996e+00
-4.377068041292816680e+00
2.939115316882457307e+00
3.112134460161271932e+00
-2.628242671202439151e+00
1.129073473041456666e+00
-2.370885658439743970e+00
3.065393817054223646e+00
1.282471920739962634e+00
-2.925472723878320913e+00
2.849460749756356215e+00
-1.918941664726930174e+00
-2.788581547304080921e+00
-6.418286136236920569e+00
1.049710290579741967e+00
-2.548395406448318301e+00
-1.115150137888973880e+00
2.157059830296427450e+00
1.787731056842535082e+00
-7.625088994835409473e-01
3.938153124345664668e-01
1.255720333614065876e+00
4.401780311002117863e+00
-1.920884513731301535e+00
1.583414711550704013e+00
-8.412995987407174692e-01
4.556955468243705454e+00
3.981803852647637143e+00
2.686290195024811034e+00
-1.031885179543095887e+00
-3.368547175451007458e+00
-1.057124095935885633e+00
-3.605284759141838880e+00
4.687678564101852352e+00
-1.409519353085339599e+00
-4.530748054468839991e-01
-1.614429360068195596e+00
4.895776973723007686e+00
2.358028611898197902e+00
2.448522189395388793e+00
1.305549650978158116e+00
-1.636937594417041009e+00
-4.696924635348581845e+00
-7.730648337908821999e-01
4.470551971623293319e+00
-9.225511997293692201e-02
-3.861508245702997666e+00
-1.315146297627141081e+00
2.552716945353209255e+00
4.974779650048213320e+00
4.702184549564879745e+00
2.408673145206797983e+00
-7.910364118631258989e-01
1.210450043429446954e+00
5.937535685005157937e+00
7.044100804189441511e-01
-2.460018178528845301e+00
-6.066342211033008969e-01
-3.021453808004126440e+00
-1.359394633388997020e+00
3.875121683871256106e+00
2.690493712419079753e+00
9.236525216019222384e-01
-1.024339327522000076e+00
1.835963695375288918e+00
4.706949271377888877e+00
5.485505304285490880e+00
-2.556415393111332701e+00
-2.202351031334313536e+00
5.231515463589265558e+00
1.154973122788085282e+00
-5.603854549170675270e+00
-1.761623895706270426e+00
1.685242761306299908e+00
-2.404891840287899374e+00
9.457893838378409468e-01
1.723783336172037828e+00
-1.924836907515071305e+00
-3.175213115631188909e+00
-1.440881638524809327e+00
-3.174255339014865562e+00
4.171455606207111089e+00
-9.438275904667827731e-01
1.945745753123877986e+00
7.184361068616011980e-01
6.078755291096663349e+00
4.555911378382306864e+00
-2.147709231604963520e+00
5.670216878257384963e+00
1.990500331751765550e+00
9.036303142973117986e+00
-3.513992500121208451e+00
7.917542088119010613e-01
-2.827078389988193496e-01
-5.336595031264381728e-01
1.314238751943784367e+00
-1.249041144256113345e+00
9.279066453439618334e-01
-3.507746555394962051e+00
1.010200789117709608e+00
3.786828763055277491e+00
2.412906192174271602e+00
-6.101152959208183901e+00
6.768891483449919200e+00
-1.858081418119322592e+00
-1.528264446639690188e+00
-3.426683184454147213e+00
3.364075625471030229e+00
-4.010978042850399383e+00
2.471533036740737099e+00
-5.485400044276651954e+00
-1.120214915709508929e+00
