2.303489666135138947e-01
1.102080334311181131e+00
-4.375855686607110329e+00
-3.860931094512539907e+00
4.267611802984154323e+00
2.445705102176975121e+00
-5.768864912878359341e+00
1.841746798206228108e+00
9.086267211253657994e-01
3.104742522630493440e+00
-1.033811739024129217e+01
2.764077564457604552e+00
3.711277879516407530e-01
-1.152088701593456221e+00
-6.803416784041877996e-01
1.254807277508194474e+01
-1.273291240146273706e-01
-4.670129008879563060e+00
-5.794579021262296514e+00
-3.740831084876910406e+00
-5.586403589099621314e+00
-5.758054392822119283e+00
4.669198665801228110e+00
-7.096656716096799933e+00
-2.186454339943663339e+00
-7.867701122907275746e+00
-5.024250954697984106e+00
-4.827722222957930853e+00
-7.550232967061110578e+00
1.379999376969968328e+00
-5.694639166355404569e+00
8.615531871322202662e+00
1.461638395810220103e+01
7.299188489414804026e-01
-2.996496012733729231e+00
-3.782743491349687570e+00
-7.471814212344696227e-01
-5.814379237085045560e+00
-3.979552490299800294e-01
-3.827709356552537745e+00
-1.679865135762107720e+00
-6.038062030206043929e+00
-3.830905957750446511e+00
2.312680263374555789e+00
-4.796219477716526569e+00
2.286941936134077036e-01
3.953703557073829700e+00
-1.805460617504667464e+00
-9.122980626844443552e-01
-9.994624956757704126e+00
2.634016031198296748e+00
-1.680950447651939905e-01
3.365263304752671214e+00
1.022281304538138480e+00
-2.242875607419280826e+00
4.139877908051020405e+00
9.812445357260196843e+00
1.423997911905581448e+00
2.714415416852292928e+00
-4.401092658135624669e-02
4.430994853220973972e+00
-2.778393857425537905e-01
-5.463091752136469914e+00
4.484845471301624364e+00
-1.977086634230060591e+00
-4.611507564311253304e+00
-6.410294729020136195e+00
-3.263325485960231198e-01
-1.222193144699842371e+01
-5.214925843764965929e-01
8.178504561031703091e+00
-4.909495883314789921e+00
-2.205293320889636366e+00
-3.218203887228187732e+00
2.201094789167911792e+00
-6.045917431250512841e+00
8.440708587483573666e+00
-5.028672978457445986e+00
6.532554564863126689e-01
3.679498464425491999e+00
-4.441387485173536653e+00
-2.331079789637508615e+00
2.767550678919203033e+00
-6.854594468122231277e+00
-4.965964588767156407e+00
1.712626756991459720e+00
-2.631685555575568269e+00
2.765427555155345996e+00
3.665590625002198788e+00
3.156307458380781306e+00
-1.359819389841675941e+00
2.893976746607100359e-01
6.977835761754325183e+00
8.940025880338968278e+00
4.499189153414159925e+00
-8.537141470803508270e+00
-1.908866714698316702e+00
-2.830705536101878028e+00
2.748010490919368998e+00
9.304768221158303376e+00
4.024545649227048827e+00
-5.788124269023476209e+00
-1.112525394241176180e+01
-6.456315330103114647e+00
-8.865773282633217178e+00
5.316717368989896109e+00
1.175410753744237979e+00
-5.366286615788794512e-01
-4.572764176971492844e+00
-5.927321239758893689e+00
6.648168747447401827e+00
9.143233965079848868e-01
-9.942301719620163070e+00
-4.853964707099668985e+00
5.854717611624633555e+00
-5.542046115291418218e+00
6.906527615960189159e+00
-3.616889544706553217e+00
2.687418178987385886e+00
-7.329308149826555763e+00
5.320001434600329482e+00
6.631325494295808864e-02
-2.877360988755389926e+00
1.703032719042462118e+00
-7.898507397846000089e+00
-1.414066030346513014e-01
1.024201176688441706e+01
-1.409067281100475855e+00
2.903422220436602252e+00
-9.342793098799969442e+00
5.069310471424911313e+00
-7.695511710118356774e-01
1.964742463313286613e+00
4.297017345227935436e+00
1.218360990233879892e-01
2.616256069693397635e+00
-9.207436545402938322e-01
8.745084373556519797e-01
1.190947694894226494e+01
-9.054346402668338456e+00
-2.504366791714666363e+00
6.188205718407115974e-01
-4.007548819465821532e-01
-1.768721306449223762e+00
-7.114907360266032654e+00
4.639311615000731415e+00
-6.631779775769597762e+00
-2.945509139480439131e+00
-3.790352446699386313e+00
5.324141644515086647e+00
-4.161051641870604278e+00
4.298002553789613600e+00
-2.675343812929351639e-01
6.160060971619220282e+00
6.849660470764337816e+00
-5.654701294376465626e+00
9.815358231418928270e+00
-5.997928077088649168e+00
1.127861474312599377e+01
-6.506475295542157866e+00
1.197792229726958801e+01
-4.979926776730273730e+00
5.372416206415370432e+00
-9.525957215960300317e+00
-1.137201614252650428e+00
1.477251886866048469e+00
9.197656221253811548e-01
6.872201880426920262e+00
-7.592043999656061803e-01
2.566722791508428081e+00
-7.211730526823495468e-01
3.714748201907373204e+00
1.077448549764343511e-01
5.157902223785567841e+00
6.070959717984453441e+00
-4.086356383836005968e+00
8.346509148194547478e+00
-6.940152640462153855e-01
-3.333754551384707554e+00
2.452943932098098134e+00
-7.179108910727805437e+00
-2.863508796777847643e+00
-6.775766792131575400e+00
-4.132725059139183976e-01
3.674161358410266587e+00
1.523891404024610985e+00
3.602875212510263658e+00
-6.851032932163949596e+00
7.148487751878204399e+00
-3.316023440128340383e+00
4.240929888705571860e-01
3.927502743561668286e-01
5.169213043700787047e+00
-1.090566274917693512e+01
4.035570322243421160e+00
1.192264398922584867e+01
-8.246550225052851957e+00
-1.857058250519000309e-02
1.141821603582496891e+01
1.135632135485444572e+01
5.160634805703845807e+00
1.363519075482405807e+00
2.521600706258211755e+00
-6.685480166890858555e+00
-3.441413088714260216e+00
-4.069230470116027010e-01
-4.797272387671645433e+00
5.512941510622808572e+00
-5.956075136625107902e+00
-8.498493282445416241e+00
-1.018443338622127214e+00
-3.230792968562926859e+00
1.168627524014434016e+01
1.648051501626587978e+00
-1.289780209429694846e+00
-5.006330634592996098e+00
5.208683600095403321e+00
-1.996343908673572365e+00
5.377690922564877241e+00
2.740085169530584785e+00
2.039218711342895229e+00
1.753090189965858769e+01
6.758843828563676492e-01
-5.725788757148860597e+00
-4.315243684194528306e+00
1.092720587083914907e+01
3.902771838294936568e+00
-3.325829580421702403e+00
9.397549216024456697e+00
1.009581557273609098e+00
4.357520558666418964e+00
-3.551987037700448990e+00
-5.611132970395552588e-01
4.116163751864068132e+00
8.379908961877148954e+00
2.848500837173299161e+00
-2.436899005836974386e+00
4.264420160627323320e+00
-9.338891710458902651e+00
3.964541191037191936e+00
-1.210635661218350201e+00
9.957771154326215068e+00
2.403230317140112593e+00
1.708364767664357631e+00
-5.863088538818988837e+00
-7.825443514213118235e+00
8.908439072226546074e-01
8.673028871121506000e+00
2.617484152895813931e+00
6.035186072585882577e+00
-8.069655595765087952e+00
-8.927631650388560658e+00
-2.101144791220966312e-01
1.143845019471419588e+00
6.076131267791346602e+00
-8.184818521889832610e+00
-1.906279651362175898e+01
1.071666348853758777e+01
6.965290573434006483e+00
-1.630924632316659073e+00
5.036632432557539563e-01
-4.384780919143962841e+00
6.672238047064647404e+00
8.025021974645679679e-02
8.453457843480215672e+00
