4.606444329266647930e-01
-2.136111894023918989e+00
-3.255392171195674589e+00
-5.413885665187242680e+00
-2.432309082954916768e+00
-2.286605040612638806e+00
-1.854937903886459072e+00
1.087396615445452852e-01
2.052531288378401708e+00
1.472932674698295141e-01
-2.747668239099473553e+00
5.734965410314601719e+00
3.133141467523107515e+00
2.848939673167971698e+00
3.253977908192883461e+00
8.419684385596741816e-01
-3.723406386589618311e-01
-6.758362841622272299e+00
-2.589044218828887800e+00
-2.762386304315825658e+00
-7.540263519306040330e+00
1.769577474478298829e+00
-3.402576836823320683e+00
-3.062901801447660333e+00
6.743512468204103660e-01
-5.297402790302374598e+00
-6.894290388050412055e+00
-1.829848108330178302e+00
-5.968165704121524584e+00
3.212555454734318250e+00
-2.614817781535079266e+00
5.079858879436853769e+00
4.835979871715880840e+00
-2.205944304248173893e+00
-3.488069661675280431e-01
-2.443617195499239170e+00
-5.146751801209321187e+00
-6.974885792728261258e+00
-3.673144270442030734e+00
-4.406247042015818849e+00
-1.984586170593065635e+00
-3.108765082175328764e+00
-2.567152228383022372e+00
-1.114217172145969048e+00
-6.011976662730781129e+00
-2.391167574824041520e+00
4.873900564585204265e+00
-3.031112917855159683e+00
2.857445791270672331e+00
-5.670282690349009336e+00
4.468484023502846902e+00
2.960929057144090049e+00
3.676024799093872142e-01
-2.433155442347167408e-01
1.288595081369689366e+00
1.052718370929020208e+00
6.901737435647427255e+00
4.279518795100568873e+00
-3.081038494034925024e-01
1.263273036997912158e+00
6.569459656244183710e-02
2.517399502558638424e+00
-2.965844438055044385e+00
2.038504266988514502e+00
-3.797525934868856368e+00
-6.298576233654131773e-01
-4.708633364808351707e-01
5.716653441999446361e-01
-5.664685643499133505e+00
-2.503617858289773679e+00
1.958347504067746048e+00
-2.033363689607949443e+00
-2.212160912924292955e+00
-1.550665352485275372e+00
-6.943959051739820865e-01
7.794716088791483477e-01
1.952493690137381277e+00
-2.652777578576020812e+00
-1.987306870089549093e+00
4.547293591961546255e+00
-4.894805570092104929e+00
-4.741755247656231020e+00
2.107484263608849773e+00
-6.017652554298088319e+00
4.564544409765622368e-01
3.376667309637357284e-01
-4.681041142523589826e-01
-1.470942430549886382e+00
2.238089470862262509e+00
3.428898326349905101e-01
-3.472427049546072730e+00
-3.169590063581367190e+00
4.970456010721503226e+00
-1.328645187811102080e+00
5.284314419340154778e-01
-6.776595229253984165e+00
-1.492646424458717203e+00
-1.065740690234629362e+00
3.611718226790827657e-02
5.806264959090059463e+00
1.803307205329421237e+00
-3.697953387332607811e+00
-6.920046075632768634e-02
-5.695999681509139378e+00
1.140017951928342432e+00
6.304445490347736047e+00
4.554811905960447049e+00
-2.312879066206127820e+00
1.654244900179158595e+00
-4.282056714807104925e+00
8.202319050615043405e-01
7.114807581013746329e+00
-1.037717124362250054e+01
-2.864651412967061717e+00
1.941160256020800778e+00
-2.184849780452148060e+00
1.469649332317254364e+00
1.198246186633944027e-01
6.122249956715033470e+00
-4.401862380034055278e+00
5.763585530740294338e+00
-2.721089476917304850e+00
-2.929769862455076535e+00
3.067218244404270600e+00
-8.548554557452591851e+00
-2.476503333531039353e+00
4.334056149007695424e+00
7.426857029805374877e-01
1.162257217262873121e+00
-4.052484695182418051e+00
5.323327588445446956e+00
-4.128351271300653380e+00
-1.471602726162694719e+00
3.900510069919727485e+00
1.229325167592810519e+00
-2.185264816483290851e+00
4.052123760604344760e+00
2.319938032355437052e+00
5.032279471228247480e+00
-3.705570293726158315e+00
3.226370614416419702e+00
-5.743726090495920866e-01
-1.174461013507805740e+00
-2.432729105681585402e+00
6.271315560442540793e-01
6.473775099965808799e+00
-6.521086351285853233e+00
-2.738967988969268630e-01
-3.540832711679485989e+00
8.356080362437714015e+00
-2.993955903246923622e+00
-1.170873656827253750e+00
2.931085026242854941e+00
2.748152939944756845e+00
3.120782345102137256e+00
-3.168137766780669384e+00
7.427683779460973135e+00
9.688486798476576567e-01
1.145985431002628729e+00
-1.330881024356036502e+00
9.929694440535286049e+00
1.458669980460475468e+00
2.114171876205241940e+00
-1.371545760197413255e+00
-1.874621904196092093e-01
4.274476948147376554e+00
5.472391043354331686e+00
4.942133034532161240e+00
-1.753569456938509408e+00
3.800707648833903995e+00
7.434748486374975762e-01
-3.004101791337764560e+00
-5.386186940048477645e+00
5.713008133517275766e+00
1.901958827802217700e+00
-6.430126702128909244e+00
5.652486327290595192e+00
7.439632779514169236e-01
-7.469814954485329839e-01
6.380250129781202872e+00
-2.402143677088229179e+00
1.414726483418182745e+00
-2.238348627031771176e+00
3.866118522241393407e+00
-2.446116651137224984e+00
3.249607154612009108e+00
-1.009418745573891218e-01
-3.118120735057609672e+00
2.305657315447084965e+00
-7.689777626724347837e-02
2.765897233840797220e+00
3.974035607818759974e+00
-4.911285635177958797e-01
-1.019042531342621416e+01
1.200072749937256766e+00
4.118188848914895672e+00
-6.305487305529634767e+00
-3.496994255836995968e+00
4.729729183941236315e+00
6.244962767458259734e+00
-7.584352639183591371e-01
1.419199339985810049e+00
2.058984246671373253e+00
-7.253700044341740316e+00
-4.440970715097728672e+00
2.229446660341900976e+00
-1.043100194933800795e+00
-6.208229025993565742e-01
1.018021957331704419e+00
-2.512176656434560229e+00
-3.320964445641136908e-01
-2.280990019072363317e+00
6.589221240265628943e+00
1.746987543776888252e+00
4.298850101029237258e+00
-4.400082059895981779e+00
7.626432783528658277e+00
2.449791580126694235e-01
-3.146286084098194102e+00
1.908114116928187665e+00
-1.058630075291648875e-01
1.153942920725430099e+01
2.186254879872576051e+00
-1.345060008885853975e+00
-4.091213989687899621e-01
2.877960671296595052e+00
4.795201927893808502e+00
-2.872543781256794992e-01
3.272988117579733292e+00
-2.441569918924584304e+00
-8.515985675400004062e-01
-4.489769054837771556e+00
-5.469078749304985276e-01
-4.510876451130133802e+00
3.218706559525711164e+00
4.967207267857308928e+00
-3.432220983756967492e+00
4.918365051528370557e+00
-2.826538172709613939e+00
1.238067786078604682e+00
6.972537875167803989e+00
7.014310152111284502e+00
-4.067284503622126124e-02
1.335665519141298052e+00
1.291539093117771930e+00
-5.054916426026187182e+00
-1.535783537990202730e+00
8.381308030846145840e+00
3.635293939885126946e+00
-6.101094572755758616e-01
-4.775740851515325680e+00
-1.406839703005023479e+00
-4.891714005001515098e-01
5.490256335633225682e-01
8.227268039437389824e-01
-4.945919852063344280e+00
-1.060205915738696802e+01
-3.209181919908703051e+00
4.353490317177029389e+00
-3.931422429579327638e+00
-3.536505021088410250e-01
-8.083372780918688605e+00
2.402515944192941344e+00
-4.092596892157127186e+00
1.808460622006460516e+00
