1.858369313691226488e+00
-2.452857639337040929e+00
4.060379643405900296e+00
3.161991120181629977e+00
1.950867320632909241e+00
-1.113833567953923520e+00
1.125049365470731866e+00
2.764055113056135493e+00
-4.059526128699517122e-01
-6.205438821557824891e-01
4.430321377642461589e-01
-1.395985399572028385e+00
6.313334426669504396e+00
2.976584515505330542e-01
-7.657237379425085866e-01
-1.739178682827978717e+00
-3.947829111492576204e-02
-3.673083449931084488e+00
-2.020406850920985153e+00
3.611332740746410863e+00
4.098251755215411407e+00
1.638310527071209943e+00
-2.121172882135742288e+00
-6.402395287325303386e+00
2.792342049700281770e+00
-4.151011421814241764e+00
7.282452146064811727e-01
-1.591506174623257941e+00
3.082765535129958323e+00
-1.780831659217913865e+00
-4.005795051425867115e+00
9.828275122174346956e-01
-8.688069413017704967e-01
-2.498753869658044968e-01
4.007401032715940392e-01
5.012852540104139720e+00
-2.827713152187771861e+00
1.532696020601606701e+00
-4.183011199453975593e+00
-2.866648555020491207e-01
1.436424358928065637e+00
-5.943355651107468773e+00
4.016008429687464520e+00
4.064970721296088385e+00
-2.581523965451886671e+00
2.695069113526800564e+00
-3.531024576067839371e-01
1.963109976980660143e+00
-1.498123235377652573e+00
-1.321706402423409088e+00
-6.313274189293107241e+00
2.175262794743014538e+00
5.979071395203816586e+00
1.510512901115385942e+00
2.188787081055798112e+00
-1.192325359974325316e+00
1.032294877117095444e+00
1.142705870474516106e+00
-1.163762128663301532e+00
1.290992960156600589e-01
5.355294114801021355e-01
5.304106775648667060e+00
6.498729070838179744e+00
1.202138779595026907e+00
1.341867232894699447e+00
1.222491632979084919e+00
2.737683193366987844e+00
-3.094897603955953924e-03
-1.299108979501873984e+00
-3.668591612055382978e+00
2.764997383681378817e+00
-2.847186537053726929e-01
-7.048469060681160414e+00
1.871956982966697325e+00
-5.672063281818500613e+00
1.613506863220140142e+00
2.446001512146490420e+00
-2.454861750380029406e+00
-5.252097330096719752e+00
-1.609301894501837582e+00
3.207390496815815339e+00
2.877625191459727283e+00
-3.166508054663761840e+00
3.878231029544525033e+00
2.472398554921285463e+00
1.996139823076108932e+00
5.213661055366761943e+00
2.375118286639151588e+00
3.355415286067704006e+00
3.107768768381270696e+00
-6.628859235332658084e-01
9.083385002101858063e-01
-1.783040523695234469e+00
2.169954640482357200e-01
7.216068370945476484e-01
1.744702408790489212e+00
-3.989656868885967267e+00
-4.284082821167762845e+00
-3.168225237820830653e+00
-1.095447915404682337e+00
5.027077225386175074e-01
1.684834082220394880e+00
1.373316639575275833e+00
2.208268398479727779e+00
1.326793516117528160e+00
-3.030972060218409592e+00
4.292276667424179237e+00
2.966523902226664955e+00
1.761796359646163879e+00
-2.961083967293047792e+00
2.573519603826286861e+00
4.576319493291048701e+00
-1.081990582067828832e+00
-1.369065941050157553e+00
-6.913245365886171001e+00
-1.227709509868886384e+00
-9.756362353642110685e-01
-9.261147635208404338e-01
3.613892846749096943e+00
1.530958293067361975e+00
-1.308305061566200411e+00
1.019746698704592003e+00
3.873986342764336399e+00
-1.963544905948185981e+00
-6.349032312891635943e-01
-4.100895466073209761e+00
7.161550494289576907e-01
-3.277697209558569358e-01
-4.233389923365892926e+00
-2.885909865036746069e+00
-3.517593010056349279e+00
2.376499292394314455e+00
3.847250993089199156e+00
-1.791363453458057364e+00
-2.377811803887785569e+00
-2.315824878343577531e+00
-5.190813269789871676e+00
-6.874548966646157888e-01
-2.851234335687781396e+00
4.575146123057118430e+00
-6.700815573075054488e+00
1.816027040592106179e+00
-4.257003629269218159e+00
-3.892882810369567292e-01
-1.741608028952930765e+00
7.739797171318520963e-01
-8.246078456257272649e+00
-9.873910769279936606e-02
1.325345515658104434e+00
-9.937148244368336769e-01
1.276425774927813395e+00
2.646581276251568138e+00
2.734691421234261455e+00
-4.250622674058051942e+00
-3.272892199210612141e+00
-2.626022363551340888e+00
-1.548978295537552397e+00
-1.556656585865037634e+00
-7.816040572523461627e-01
2.247937760147419528e+00
-3.381006354159048932e+00
7.556989576237355122e-01
-1.235744270843488479e+00
-1.470726105230182101e+00
2.955632910427397064e+00
-1.130862344478045234e+00
1.442853299588676919e+00
1.464260510544184379e+00
1.033087168493917352e+00
4.598044730059805296e+00
1.052249439355733562e+00
-3.311982883315650383e+00
2.885665356122993241e+00
6.829738431935589160e-01
6.852480102215636748e-01
-1.180486806800880029e+00
-2.530864494148304722e+00
-1.079240664349683465e+00
1.301557697804668345e-01
-1.755828382341831251e+00
-4.677207182075049374e+00
-6.097233957966490259e-01
1.555953729766029303e+00
-1.633544532830207174e+00
-1.501156664342916613e+00
4.265667810255506787e+00
3.762983323878172470e+00
-3.400594375020298266e+00
-5.611458570273195612e+00
-1.877683817609602013e+00
-9.412373358797780920e-01
1.539891056014127679e+00
-3.513760287982676367e+00
-5.495662462873979415e+00
2.669616251872232171e-01
2.639981428991058920e-01
5.406569263288252269e-02
-4.075616710865157089e+00
6.513062512354128586e-02
2.312949768944815077e+00
2.097115407363326911e-01
-1.585355473703021767e+00
9.520007808992264620e-01
2.773511087998921987e+00
1.330543955333037376e+00
3.012046033466632688e-01
1.137036797650369024e+00
-7.294912871428463341e-02
2.113982580936355493e+00
1.957767838527286308e+00
-3.584248660304608869e+00
-2.171239928098392724e+00
-7.131235205465081828e-01
-6.287495162308266439e-01
7.429370774647654496e-01
-6.555489328496343582e+00
7.720561446309059939e-01
-5.220524814279281500e+00
-1.994719604491810738e+00
5.371200926038971479e-02
-4.822509628343467192e+00
3.935970694672837222e+00
1.820973705894103123e+00
1.961452221135467688e+00
4.225891048902459257e-01
1.061469660226992406e+00
2.589851689191517092e+00
1.602470143141923931e+00
8.248946129613528910e+00
-1.622239081654027526e+00
5.214661829975199225e+00
-6.352628407942040312e-03
1.642889335259509975e+00
-2.735459319262594668e+00
-6.402727341874279610e+00
-8.091201839745955082e-01
-2.437921440241432869e+00
1.318943154832555198e+00
-2.298980792846157861e+00
-2.226961497848047422e+00
5.063357656428252973e+00
-1.041305818119499932e-01
4.393071435182795970e-01
2.481425161077535524e+00
-1.480132550203148600e+00
4.851309708826239131e+00
-3.792732052240858298e+00
5.268256184702955203e-01
-1.885074257983215817e-02
1.616094465985610795e-01
6.520505842518971029e+00
2.682891757529398014e+00
2.519207309744039058e+00
2.070303647907492994e+00
4.452244086973019321e+00
1.891707877771046986e+00
2.940462385382118793e+00
-4.322216566118329162e+00
4.476113839533677030e+00
-4.702748337032450543e+00
3.404131776963741363e+00
1.316131773713529629e+00
-9.687538697062956228e-01
4.259473219265860422e+00
4.643937567858268167e+00
