1.447891229637901400e+00
1.329473353717726347e+00
-4.599812949684224606e+00
4.807103033842296647e+00
-1.688899122676150055e+00
-1.285803184627297702e-01
4.492914731797753580e-02
2.101197819148048485e+00
-1.448305921497786475e+00
9.464509569305844527e-01
4.412232688072563747e+00
-6.706091064770776988e+00
-2.716316143671638095e+00
-1.762867729932178440e+00
-2.929607930107452907e-01
1.751358304844444991e+00
-3.660046758974506709e-01
1.382323535198998421e+00
4.815571828660698550e-01
-2.863276893302483472e+00
2.312993107053116670e+00
9.482925628918682515e-01
1.195129060452384540e+00
-3.517518988120080792e+00
4.735446770226626745e-01
3.200272183683817939e+00
-1.979974648685254301e+00
-8.443952676784914901e-01
3.083134293976101059e+00
4.117671625173981553e+00
-1.755222443196709392e+00
2.511778058610332209e-01
2.284189720147139724e+00
-1.508459455700621232e+00
1.336516947144426259e+00
1.484127954073547029e+00
-2.280774963556527535e+00
-4.643906303931631285e+00
-1.608869389570611430e+00
-3.207619520051483875e+00
-2.397589250675899120e+00
3.239379558173423046e-01
1.669232437304201788e+00
-4.330912211044905646e+00
3.378079653720885922e+00
5.465144005614670064e+00
1.407486975655839911e+00
2.825697395370543319e+00
1.256403848756675767e+00
-2.407280951160129412e+00
1.253635958112359061e-01
-6.220284291879456529e-01
2.542858670000111565e-01
2.139920281577711414e+00
6.672103704847447414e-01
-4.771917397017639395e+00
2.161788410391092541e-01
-1.519158156460638454e+00
-3.853349480424738793e+00
2.982151634896564207e+00
-5.246380625087723182e-01
1.228232083837755839e-01
-2.375322260193577228e-01
-4.850861407619486698e+00
-4.636821682387011201e+00
-2.640977776204696426e+00
3.585118312020472153e+00
-5.574076902654192534e-01
1.485991354888070548e+00
7.504716631222306811e-01
6.303608819965818455e+00
2.769460369871981520e+00
4.832886326013977829e+00
8.276527884767785892e-01
1.210830860736979320e+00
-1.876472846541203054e+00
2.165255807603299498e+00
2.188489270730098024e+00
-8.947783322863944733e-01
-3.054278072306915170e+00
-2.015878418532134564e+00
7.668292946881790639e-01
2.347385803420141137e-01
-2.598857303906516591e+00
-2.072591613673796296e+00
2.321594773823774993e+00
-2.050108772973339821e+00
5.864130843852288777e+00
-2.475300886513309984e-01
6.407158762862996682e-01
-2.229708767686699122e+00
1.342043036306503012e+00
-2.272445822362128887e+00
-3.594539801427676373e+00
-2.081118251681616904e+00
-1.982252606199619294e+00
-5.250385039818520561e+00
2.811824796575797536e-01
-1.600157053833651588e+00
2.456679848777799435e+00
-1.169359363369866456e+00
1.888730499983969136e+00
7.009240929877579296e-01
2.387303702386328608e-01
-6.335823917725442733e-01
-5.912698753298637477e-01
-4.138049932571599143e+00
-1.858481468129827396e+00
-1.498184683058075617e+00
-8.471170038696691496e-01
-6.092570725290424871e-01
1.315107512450306437e+00
8.088058424654168688e-01
-2.340851715079954598e-01
-2.563337846368017647e+00
-1.283192069577075545e+00
1.740279569885571309e+00
3.964499556261443569e+00
-1.231819476250549217e+00
-2.807687181611377536e+00
-3.010441392543343753e+00
-7.604660410100617940e-02
-2.853174269866421753e+00
5.025739384960671075e+00
-3.622531057138475674e+00
1.015065694416028785e+00
6.687128408948290748e-01
3.630237320284797953e+00
3.564998823530239225e+00
1.931600204127771558e+00
9.387462800053574252e-01
-1.762050600978102954e+00
3.086659749546293074e+00
1.165822014417108310e+00
-5.064525834314409281e+00
1.912810461936937101e-01
6.824551676950442181e-01
1.561640259663220398e+00
4.131032233464844161e-01
1.937480408380053643e+00
-2.295624838844847915e+00
-2.384281150498740232e+00
1.284324524894629782e+00
-1.172322246207993413e+00
3.526556223344330943e-01
2.815519651190597994e+00
-9.857547349882899157e-01
-1.144118594685590740e+00
1.168828558530783157e+00
1.029743087178009775e+00
1.062842333930587718e-01
1.270196802714419926e+00
-2.524068966739662301e+00
5.284599254944295499e-01
-3.304793959791673341e+00
2.560720356444806001e+00
2.778054919428299296e+00
-1.339579997720380167e+00
1.669949447815458843e+00
-3.365330360614891880e+00
1.007934076135305501e+00
-1.183540450723003373e-01
-8.379007486296921048e-01
-1.223231611835915222e+00
-1.987302991549138476e+00
-1.598214027280234539e+00
-4.391979724199409851e+00
-2.024961461759315906e-01
-3.283334943899708147e+00
-5.486421634192757413e-01
2.642772327847066283e+00
6.327135302074242684e-01
-8.884424936822590269e-01
1.061475273315185541e+00
1.825559834758041955e+00
4.812685390638218763e+00
-9.629993586550570361e-01
-2.941651287526708680e-01
-2.562971672070222806e-01
2.845656467248372401e+00
3.582491622516819518e+00
3.019494562666137583e+00
-8.614750532947965667e-01
-4.445911590721762785e+00
-3.297165330402262562e+00
-3.705283603170309803e+00
3.070684555317867659e+00
-7.294384174922168285e-01
-2.481902081887697176e-01
1.830133701125105650e-01
3.744390236631980784e+00
-8.589491128022859190e-01
2.955595315399607514e+00
1.677109404112868241e+00
-2.758840656734075303e+00
-4.817631549273931668e+00
-2.531168545375244161e+00
2.583966223016877173e+00
-1.070962106532168390e+00
-2.219870760484239369e+00
-3.225686935986742387e+00
2.117776749099669509e+00
4.574301983632404145e+00
3.430150014536470948e+00
2.247168766520090788e+00
-9.241147535582138195e-01
-2.714062836586786931e-01
3.150643769188721688e+00
8.476545629342855381e-01
-1.974780673386410168e+00
-7.299966776891841924e-01
-1.274328134220339859e+00
-1.768603781850297541e-01
4.276365476831226253e+00
1.671694475360113064e+00
4.863364931443938666e-01
-7.972492678524079057e-01
4.459150287646266309e-01
3.993697957021238754e+00
5.435570313230612349e+00
-2.273901745648309713e+00
-5.882200374136301591e-01
3.537089474714398829e+00
3.346789560539106478e+00
-2.794577316096035435e+00
-1.533285399254802339e+00
2.664689627762612645e+00
-2.111772869623090187e+00
1.316679118582833041e+00
2.690310997445718222e+00
-1.402751544146136897e+00
-4.346725378581028032e+00
7.973299718454454066e-01
-3.756662740401461420e+00
2.844909947869799893e+00
-6.048745415991541030e-01
3.820789704381279517e+00
1.736345307998377052e+00
3.399179472841336480e+00
3.707474613726823520e+00
-2.730375317498924037e+00
5.362986118540134406e+00
2.603022016196221866e+00
4.714342383625270472e+00
-1.886993475620375671e+00
-2.209262043384462859e-01
-2.456455159293430557e-01
-1.081294399946184814e+00
1.128015748281029795e+00
-1.113283766159386623e+00
1.253607200253794129e+00
-4.528200232659315816e+00
-4.094869690612395474e-01
2.857755246640864222e+00
3.975925446424812826e-01
-5.374195185949504960e+00
3.587485002626089603e+00
-2.107105121897217437e+00
9.464553934975118432e-01
-2.583793705383216732e+00
2.562814328840933520e+00
-2.834435127215807704e+00
1.798390387747459851e+00
-3.667834713675349079e+00
2.937405706194447519e-01
