-9.014544354467780574e-01
-1.124717422607465434e+00
-5.178288689886647589e+00
-3.817001611541834372e+00
-3.638931797534461055e+00
-4.408675753092923699e+00
-1.051948232355972124e+00
-1.289947526252529952e+00
-1.034587575079917832e+00
1.672472393644090838e+00
-1.614942403017988415e+00
5.259443156288294396e+00
-1.299442558908051604e+00
-2.525230802396851160e-01
2.109429039329684397e+00
2.677471881725725922e+00
2.132246933452426774e+00
-4.042215851354055367e+00
-6.418801681383708768e+00
-2.479124556334649565e+00
-6.205224589324644491e+00
-1.203064199648826049e+00
-3.181939706898076814e+00
3.584058718069760285e-02
1.091204952536968475e+00
-3.600866827937529102e+00
-6.211215582537970015e+00
-1.226510935400914937e+00
-6.386365079506334475e+00
4.054522382201689368e+00
-3.616801385990416229e+00
5.656972155054011964e+00
8.592804803567398508e+00
-2.083464334599496759e+00
-4.683861598696759110e-02
-2.248210928847282020e+00
-5.350593948154642732e+00
-2.992599365288173274e+00
-3.998725025457266380e+00
-7.255480913443008717e+00
-1.910444373327372825e+00
-4.853040366215501500e+00
-5.866693020951880833e+00
-3.776286813101075168e+00
-6.189781737612305434e+00
1.282064871818263230e+00
4.428955285337517367e+00
-5.287055978053964544e+00
2.362235701482410466e+00
-9.061636651234403317e+00
4.844046344540614335e+00
1.126689776250811015e-01
-3.303614102165952637e+00
2.542946471325197022e-01
-2.863821023810760313e-01
1.631020566570993147e+00
7.536191742486989753e+00
3.653227455182575856e+00
-1.147094512299944302e-01
1.013799105981850079e+00
8.252669122996191264e-01
1.241081817370629059e+00
-2.909528498289486897e+00
-6.848840107335356642e-01
-4.247866966601511862e+00
-1.058834420480057048e-01
-2.684199796984005015e+00
1.027006537863099256e+00
-6.171445494598966519e+00
3.671486540362852713e-01
3.609243142115436953e+00
-6.976915851801217094e+00
1.968285350736159733e-02
-9.453524176175056581e-01
1.541539375153890390e+00
-3.816318565142841734e+00
4.360518419224293396e+00
-1.361898112141615602e+00
2.204988882766856229e+00
5.913263268833948594e+00
-4.625457320284179552e+00
-4.049502257099236502e+00
2.273149140957802405e+00
-4.173877589594309434e+00
9.322345934227150854e-01
1.925137223499445494e+00
-1.188764222068829479e+00
-2.471943441165322941e+00
5.426913355141307349e-01
9.515702805157386646e-01
-2.137781865587240926e+00
2.425614608684109608e-01
3.111023471653461936e+00
1.072434856835287720e+00
2.241638166173492985e-01
-6.985029825651630553e+00
-7.199493194024505494e-01
-6.694564308937603236e+00
3.116660938391651481e+00
9.963289360637425318e+00
2.580444168797126459e+00
-5.091164562896349999e+00
-5.714732783618903689e+00
-9.529493245968950532e+00
-2.213552683041224434e+00
6.360098772017421354e+00
3.297450745158956309e+00
-3.982702469348781804e+00
-4.095279516827575073e+00
-3.807355045534550175e+00
1.061402779741934976e+00
6.730063438668758558e+00
-1.012602624570695653e+01
1.586212476928655635e-02
5.368594766649224859e+00
-3.016230577320828665e-01
5.727911136311448992e+00
-4.166139147152047584e-01
3.164609384124588587e+00
-5.018898708065069769e+00
5.748091026032497552e+00
-1.764246125521984787e+00
-3.693390825795145549e+00
1.931283959996520139e+00
-5.997730813101324721e+00
9.361672668769202010e-01
6.732134832969657978e+00
1.347968404055855940e-01
3.182080320042036448e+00
-4.974994265187500098e+00
8.140110509287017848e+00
-4.005042207045060643e+00
-4.074764436456038696e-01
4.163603081022820618e+00
7.216828029122120958e-01
-2.973076767934386133e+00
3.623322038096516984e+00
1.019085548281787101e+00
4.127214737473214434e+00
-1.544873537913020733e+00
1.053645178343332045e+00
9.757673319140123258e-01
4.909179696069612131e-01
-5.019117062398672502e+00
-2.393578714578603606e+00
5.102742118450841247e+00
-5.282317419293946159e+00
-5.417014203545078566e-02
-1.520017274828837639e+00
7.588246418362953882e+00
-3.664355574735714605e+00
3.685742100812847699e-01
4.684307960178171193e-01
4.586797789567444994e+00
4.975960992738921895e+00
-6.253239157102349566e+00
8.247121370766233639e+00
-1.157433100041445950e+00
7.179937959338666076e+00
-4.453965924240111285e+00
1.354684696024325419e+01
1.547011870378848908e+00
1.402952781949292071e-01
1.672434045047365370e+00
-1.981666046454617192e+00
3.453060611900645949e+00
2.625500933548527094e+00
8.115529000690388628e+00
2.934042123581319106e-01
1.066803825831894370e+00
1.605778205340302911e+00
-1.229660235901327336e+00
-6.706168682238879519e+00
3.537878261446880224e+00
2.867737327710902839e+00
-2.872003584051621594e+00
5.960251165365081150e+00
1.582205126318738220e+00
-4.050352968517018759e+00
6.115419725152946739e+00
-5.445496676148048110e+00
7.255981993746574155e-02
-6.084653179350994812e+00
4.378087773830399598e+00
-4.689609714230369875e+00
2.339694772135235468e+00
2.529370081044667096e+00
-5.439205293062270297e-01
4.629957783915381597e+00
-4.546915584922182063e+00
3.507322777840587769e+00
-4.345334100741822803e-01
3.268916027696843751e-01
-1.135056476249626911e+01
1.257153006258076022e+00
5.632319953951765434e+00
-6.154135794954002314e+00
-3.494013695606196457e+00
5.769967548569788107e+00
9.165633690472301254e+00
-5.206129520026157032e-01
5.311744857651127028e+00
-5.973183514451424481e-01
-6.768482767285818547e+00
-2.527861472848029756e+00
1.273036015371475260e+00
1.270328817566795387e-01
7.212045933056409064e-01
-1.680917681984709589e+00
-5.933082160212701517e+00
4.316660312034522051e-01
-3.222603036928984865e-01
8.494698444422949635e+00
6.376112595974403163e+00
3.998200281189470129e+00
-9.571603144394307705e+00
7.570382839985933643e+00
1.464828569518377810e+00
-3.847010392608097185e+00
6.845096364523618249e+00
2.293384712567486439e+00
1.439781802132457322e+01
3.629897654597640688e+00
-5.093964917300861650e+00
-2.131483881932415780e+00
2.739967601433129119e+00
4.440567456881296948e+00
-4.586741887259833561e+00
3.977782704172637018e+00
-2.884570332120052427e+00
-1.751089197775155815e-01
-7.478802962162951040e+00
-3.592046534525365598e+00
-1.750310444715853953e+00
4.878011470775717839e+00
5.152092680447338147e+00
-4.165927911929077077e+00
3.667360527130496095e+00
-2.404470089142765499e+00
3.902639717656661844e+00
7.269931882530809908e+00
4.442263989801151780e+00
4.571465586183490970e+00
3.200778829338849274e+00
1.955622727203731204e+00
-6.843213675834936005e+00
-2.279548396019109191e+00
9.473954339322490981e+00
4.150116953400865283e-01
2.020632914252464829e+00
-7.006740333257281073e+00
-4.050727651615284586e+00
-3.248446177493168885e-01
3.147852929879182415e+00
5.927611760437083710e+00
-4.313467047305736379e+00
-1.522897978764790494e+01
-1.880589858330676822e+00
-6.392948624867350604e-01
-2.406565409271365752e+00
3.703036431646542503e+00
-2.993908705821596072e+00
8.964585326134820065e+00
-3.117985765156432443e+00
3.367953753265928274e+00
