1.577732308715909859e+00
7.343185887258644184e-01
-3.383205839803276938e+00
3.737368105175427502e+00
-1.446621206269461224e+00
4.014080080025255182e-01
-3.469049949523548282e-01
3.466593704007014942e+00
-3.427516797319969388e+00
2.114970114147376457e+00
4.118438342623621296e+00
-5.633253394567523387e+00
-2.313439309648967157e+00
-6.954909440313813418e-01
-1.828005950760643650e+00
1.416395981819779992e+00
5.600103629451883003e-02
5.228039013606970986e-01
1.346047213157797851e+00
-2.229883286262168252e+00
2.498871550324574642e+00
7.159399960211201286e-01
7.845720454371106767e-01
-3.299135874841127691e+00
1.589612296621640830e+00
1.371074720362374544e+00
-1.797041791023468615e+00
-5.343864474866871772e-02
3.153671595746052603e+00
4.522960581165754057e+00
-3.349034509781046332e+00
1.563006334112148732e+00
3.145122996923380043e+00
-1.846445150063930951e+00
-9.689725439441465582e-03
8.463652587797527715e-01
-3.521328196416305900e+00
-3.619287071172204939e+00
-1.638397038348500701e+00
-1.989499403657418286e+00
-2.021645173003371987e+00
-1.906380270600441795e-01
1.555083309870458175e+00
-3.995011481333962333e+00
3.088497518392960828e+00
4.901187044059962084e+00
1.118774782881751584e+00
2.914245587585300168e+00
-1.412422783461833586e-01
-1.087226040434198016e+00
9.309180613649221669e-01
-1.554642872034355472e+00
5.118261106678115846e-01
1.569146872123591496e+00
1.019979430842485879e-01
-2.989579284067115150e+00
-4.075808760243824214e-01
-5.503388144982783725e-01
-4.133966431701513677e+00
4.697470414990056575e+00
1.614756648432976505e+00
7.211136873955521498e-01
-1.908472884003000747e-01
-2.533352822637553903e+00
-2.450123197048074353e+00
-1.775743911285859955e+00
2.838202395957234447e+00
-1.278975074476722318e+00
1.712609320207306274e+00
1.859785814034075280e+00
4.627526565709078277e+00
1.693846623079129143e+00
4.269327478487931593e+00
1.580577705032661040e+00
2.078335692113421285e+00
-8.058210675034362946e-01
1.045454774068008685e+00
1.006877326627623415e+00
-1.125919413802607627e+00
-1.236233960887293426e+00
-1.377451509853591993e+00
6.885985348904645198e-01
-1.362739715002415197e+00
-2.489819470854670591e+00
-2.886933858168655997e-01
2.189384383730509587e+00
-2.983825110050779550e+00
5.492462722072016135e+00
2.814317861953833932e-01
2.059485342356473403e+00
-3.584647328349165107e+00
-5.573897186527987380e-02
-1.262661945312819611e+00
-2.758070598658393990e+00
-2.374994001479102224e+00
1.019755723375370682e-01
-4.168732810953367895e+00
-9.417147664004660301e-01
-1.101350603042843934e+00
3.223472338801945725e+00
-8.415188947348448689e-01
2.667124544558854726e+00
7.038733096933568190e-01
1.090044013231328934e+00
-1.118879149904231651e+00
8.140095300437280024e-01
-4.503800029975482566e+00
-2.030452504849073581e+00
-8.249748567171570901e-01
1.090817745872187938e-01
-6.255445247092645822e-01
1.670401560482137615e-02
8.248701628688009935e-01
-7.069441183750855284e-01
-3.003728535922251197e+00
1.750126189880945593e-01
1.685459591958722747e+00
2.718531219977761815e+00
-1.239541535712381126e+00
-4.218381628474597633e+00
-2.569547877836293459e+00
9.426640619570677559e-01
-2.337284587184011997e+00
4.459597893905903554e+00
-4.236917940198304144e+00
1.488026222858195080e+00
2.488968091516439163e-01
2.327816711049178533e+00
3.040827323591716702e+00
1.845524278292631548e+00
1.565230362647698215e-01
-1.166724584579862167e+00
2.983350658142693845e+00
3.042950853714087245e+00
-4.234874829941214891e+00
-1.596761023245791833e+00
9.496089752379104354e-01
2.321662116371858708e+00
4.068478103715474359e-01
6.731972770660771266e-01
-2.657230103982737734e+00
-1.616383929745453196e+00
5.073758927056908341e-01
-9.319247562477434021e-01
1.571021434407927853e+00
3.965942278388090436e+00
-1.426696228705813807e+00
-1.243295753421649774e+00
2.054681526255570656e+00
1.915018144149012169e-01
-3.532204078151362503e-01
2.490858709033352270e+00
-3.859570540497191171e+00
2.160658712201387832e+00
-4.145876623228309299e+00
2.696042125613828055e+00
1.119108744889092399e+00
-6.233048526527780187e-01
1.429946800794565043e+00
-3.601338835297529517e+00
7.637014192462027173e-01
-6.482994098245923320e-01
-1.737013235246973153e+00
-1.444222618126930646e+00
-2.250378341127288628e+00
-8.077766717067595970e-01
-4.053200410688347688e+00
-2.650750688464291294e+00
-2.283494862879388521e+00
-6.873215294842965895e-01
2.813578111408630011e+00
9.800246408061747960e-01
-1.653440289521199258e+00
1.281812442824589393e+00
2.740244861972208845e+00
4.551987525741992613e+00
1.524780196628572337e-02
-1.318205999068515322e+00
-8.674042052246241363e-01
2.665712025411568931e+00
4.081326850280225571e+00
2.737171813003484111e+00
-2.119393526112433257e+00
-3.132123006052829783e+00
-3.362021718740213494e+00
-1.773351431410110868e+00
3.322198095905929627e+00
-1.622671004710069642e+00
8.474523596547974824e-01
-1.401519080709671128e-01
2.758594271409311460e+00
-5.099910622819553430e-01
3.939641503208068496e+00
1.550807389028920680e+00
-3.382436030822862261e+00
-4.523932618083231993e+00
-9.647541449854938334e-01
4.254323816362295396e-01
2.615493266843922360e-01
-2.981625249111575560e+00
-2.504886404270183942e+00
2.530913525285454657e+00
5.114782750106178888e+00
2.630967842217735608e+00
8.475180046896108044e-01
-1.771794723512604586e+00
1.209610759756250875e+00
3.745145152997211291e+00
1.766768898480147731e+00
-2.322692590080842834e+00
-2.878995591332657256e+00
-1.782768894240547741e+00
-1.450055145303238646e+00
5.295555191999451239e+00
1.867680744863363440e+00
9.148843858496626957e-01
-6.539581158893041923e-01
1.989222954464862969e+00
3.897495543651811278e+00
3.481816142139465331e+00
-1.266022563430197811e+00
5.832481819014697644e-01
3.254313321384768365e+00
1.449047089709850411e+00
-3.008624894711432241e+00
-1.522284252093277113e+00
2.705871098905904493e+00
-8.959355446146439750e-01
1.281720624179865542e+00
3.478393441462666935e+00
-9.005542456716000288e-01
-3.014005750867879030e+00
1.560520572273329798e-01
-4.605295405115764851e+00
2.019035036506514835e+00
5.670820420233202430e-03
3.183360870352013539e+00
2.404381909888290370e+00
1.998877106068004395e+00
3.601684270306805491e+00
-1.760724878689836181e+00
6.200389270768189576e+00
3.203820763624452006e+00
4.917358981030363729e+00
-1.087084644275091438e+00
3.680306449413113246e-01
-8.195373542395030242e-01
9.504765191018509363e-01
1.378684920772782929e+00
-4.477411779383803081e-01
2.286697844026575943e+00
-4.603580075143597128e+00
-1.357025213207804670e+00
1.873857492084340048e+00
-8.443044914079731456e-01
-5.044168651505361645e+00
2.927315149635877134e+00
-2.265122004252806409e+00
-6.329046931742791093e-01
-1.320021309538089938e+00
3.238014987792328991e+00
-3.178953759436604187e+00
1.098632780250055507e+00
-2.634970541101735453e+00
4.340929911010322773e-01
