1.024854097920481877e+00
-7.607676784405214221e+00
4.435782014634475523e+00
-2.020336601967441137e+00
-3.707430704151011558e-02
-5.324913966069714455e+00
1.360641413137571032e+00
4.050134993596702593e+00
6.299308602662140544e+00
-7.850510226968110405e-01
-1.046007579602491244e+00
-1.162465210891101997e+01
3.543490373107045510e+00
-2.712124460715006347e+00
-8.395389758693624360e-01
-1.715416259329384463e+00
4.894879086796544154e-01
9.864194211139063029e+00
-2.551024380261373015e+00
-1.642321592140005282e-01
5.183734752894160192e-01
7.115011260349065836e+00
9.960912099149389354e-01
-7.571490731821977960e+00
-8.943155119665316732e+00
-1.048483257862592133e+01
1.151074431025084888e+00
-6.760286197109552475e+00
-3.468753461439583186e-01
7.992236672241865847e-01
3.371704448485024930e+00
-5.602905424345795637e+00
-8.493060153569691462e-01
-2.603068024702242855e+00
-1.666361920836430421e+00
3.105244504373740888e+00
5.036110305470313797e+00
8.494125771943553005e+00
-6.057683818371189410e+00
-1.234985155154048719e+01
-2.270927118090146024e+00
-8.639780452161127666e-01
-2.766474012149114703e+00
2.557363885218876254e-01
9.792386721608670186e-01
2.553170312200357728e+00
-4.585467826693725435e+00
2.630411190108034702e+00
-4.852870348493603991e+00
2.011831110214110652e+00
1.678971656489415709e+00
1.511022488251201779e+00
8.972536180945430928e+00
4.266796952457576175e+00
1.122112624806303849e+01
-4.611312711077471538e-01
1.597928341132401675e+00
-8.918026887753086385e+00
1.987619355795796627e+00
1.863320042065969906e+00
-1.793927414422981648e-01
-4.140779214384195051e+00
4.170426671880345104e+00
-5.594047113208147515e+00
-1.521702813392601938e-01
-2.761295167756774305e+00
7.705553942745818619e-01
9.342229603359731627e+00
-2.605050714952633406e+00
2.999632421741758925e+00
2.773286428689809568e-01
4.165654710291618379e+00
-5.658762004599598328e+00
-1.341306721317868877e+00
9.319665189208173217e+00
7.497153310125612702e-01
-3.978849925370014251e+00
1.746250207557003886e+00
2.017206525941543926e+00
-2.678829269055369999e-01
3.991241623153903628e+00
7.778657336269195532e+00
1.083424747675798994e+00
-6.522268585256759676e-01
1.804474834070075140e+00
4.486761997718931028e+00
-1.559267446299729576e+00
-7.959042657622670269e+00
6.163175233829119470e+00
1.857171764642231659e+00
-3.885828064587260933e+00
2.313584321009834799e+00
-5.129817960334170479e+00
-3.914387202390305021e+00
-1.056160338553988964e+01
1.104523375908293414e-01
1.262845461702897465e+00
-1.071937248018049571e+00
2.046699031147180214e+00
7.042970569149065163e+00
-9.757636178109049041e+00
-5.697036414984284036e+00
1.742696108090498797e+00
-4.716731570755923642e+00
-5.028679820016747071e-01
1.703103304620168235e-01
9.362047399478437004e-01
7.989646521238536359e+00
2.468708957716197361e+00
-1.430368224188015791e+00
2.816717621101973101e+00
-1.483763854903930035e+00
-1.977113035804331620e+00
-4.719410445115213903e+00
2.798715438619857832e+00
-1.948319424802214650e+00
-2.655520613493101312e+00
1.694152025961068730e+00
9.106271936775102160e-01
-1.106361510319811003e+01
5.326911300001169192e-01
2.209584264081153826e+00
3.487184770540930678e+00
1.880882726780108261e+00
-5.947560141144197843e+00
1.546592609855274691e+00
-4.912083142376165945e+00
7.669870755671279738e+00
1.566707469901126026e-01
-6.997757719347585059e+00
6.870282531729550168e-01
8.568283281976719623e-01
1.120795453311642476e+01
5.000122420695698011e+00
-7.375113686319259010e+00
3.600947451528459631e+00
8.552570667367137558e-01
-6.821191187149754143e+00
-6.186750117384422154e+00
-8.520626213993345299e-01
3.609274751250706181e+00
1.403227602999873369e+00
5.172350398374006009e-01
2.332385664013767013e+00
5.465465167994212337e+00
4.580157052726148592e+00
5.382301225288621538e+00
-1.722412787052046035e+00
1.536143217870989286e+00
1.434647238330689856e+00
3.209214501902297290e+00
-3.368169039486608174e+00
1.021549417387511705e+00
-6.699341338675719459e-01
-3.135296141540062642e-01
-1.166881065900888892e+01
-4.767996308613175138e+00
6.929782411171942158e+00
6.063505743013068106e+00
-2.168866694075315849e+00
1.002097318525600933e+01
1.116952911546032823e+01
-1.329822334138828666e+00
3.516931356854038793e+00
4.483817744150794482e+00
-3.936708988599417758e+00
-2.422351917166278401e+00
-6.571458799709449572e+00
2.574514633979690714e+00
-1.658867275251914686e+00
6.215481406069039316e+00
1.625779021188159312e+00
2.054557282295399911e+00
4.074432564019361713e+00
-4.845874879536343549e+00
1.581719831021650480e+00
-1.120400257251236376e+00
4.471295385454906679e+00
7.835785646599188858e+00
9.423491426354770439e+00
4.324355574092784593e+00
3.710612801388655679e+00
-1.670103235836658762e+00
-2.744095968659673535e+00
-9.062056995034402096e-01
-3.334341146309004467e-01
3.010343389381923362e+00
-4.277927255997872602e-01
1.128817465541863818e+01
-7.134419078210869625e-01
6.941039345890732903e+00
-4.934863262030523501e+00
-1.117139562175571088e+00
2.677673560996420399e+00
3.874752903179004893e+00
2.743837380567565098e+00
-2.030784692475665398e+00
3.421119522063528429e+00
3.517794995251672940e+00
5.922401374906123728e+00
-5.829546092738124852e-01
-1.355936474120744961e+01
2.439301344179641173e+00
-8.601546120543645202e+00
-1.562747961034477884e+00
-5.864742916910991255e+00
-5.501387130381730772e-01
3.049881996344675272e+00
-2.171960416336145006e+00
6.150068014653625070e+00
-7.912283581477773886e+00
8.763143438450990530e+00
7.057922017538681203e+00
-3.278652729854965919e+00
-6.353781523894809879e+00
6.672714498845500941e+00
8.888049111352843923e+00
4.285976776603525273e+00
1.142260221147028521e+00
-3.488124118237379889e+00
-2.418412871321456770e+00
-1.565966685958831128e+01
-6.590036269288832571e+00
-9.232605881211077836e-01
1.829650214394717145e-01
1.791408883732579005e+00
-5.007637017638227661e+00
1.932510174518546675e+00
2.783875187725402434e+00
-7.093064991475978021e-02
9.833455565530098141e+00
1.456458234423933407e+00
7.298407647324792968e+00
-2.724612287222469398e+00
4.952669269648237726e-01
8.418776896402974330e+00
-1.460388716520923058e+00
-1.328773877845916607e+00
-8.819664601391963288e+00
2.428836852256060830e+00
-5.014082687954691586e+00
4.904176238664835097e+00
2.437604843784783260e+00
1.650274793395113182e+00
1.402271873569302940e+00
9.111527947586033349e+00
1.622874305966797603e+00
-7.832319805888756648e+00
5.228525237175334794e+00
-8.515120578327454171e-01
-8.312561247067026926e+00
-2.250405929173250996e+00
6.048012293365894188e+00
2.885622397928175431e+00
4.503755427765981700e+00
1.766924107472954697e+00
3.968089596364135829e+00
6.120326388878303270e-01
1.034701131199808222e+00
-9.635220294079566150e-01
1.216988399020672851e-01
1.516789171720063667e+00
-3.734927430544285887e+00
2.987559228646398779e+00
-1.761202201260908540e-01
