1.257437566195266143e+00
4.688206469380231667e+00
-7.351696371097228067e+00
4.350613775581772202e+00
-5.234202266722655317e+00
-1.022583097010975939e+00
1.981778239139376119e+00
1.793291725309805462e-01
-2.001556161936727918e+00
-8.589988810466392399e-02
2.641520076391724370e+00
-4.766782757759770561e+00
-2.615905479852357551e+00
-3.888636598385596166e+00
-4.666666731520277001e-01
-1.638495237062190524e-01
3.369500425846255531e+00
9.687446509593899968e-02
1.948114929908817405e+00
-4.750353531480794089e+00
3.497178200175806495e+00
3.570399419685956310e+00
2.585323780784670955e+00
-4.475496550831493892e+00
-2.621225575779625228e+00
3.155906535316324479e+00
-1.669398544448691624e+00
-3.095439982610302287e+00
1.380013495368328957e+00
3.702184486972106114e+00
-3.036509653224320093e+00
3.026003727009379141e+00
4.835570164503289803e+00
-2.346542559350949020e+00
1.688662640971902773e+00
4.315749954702270408e+00
-3.362861903476164205e+00
-4.519544460947909847e+00
1.116837450120601760e+00
-1.663010840545268820e+00
1.482490451527717745e+00
-1.059018092834440594e-01
3.224348174945780521e+00
-5.415831153476250215e+00
3.937141491664341686e+00
7.432539148963114961e+00
1.607529703378718922e-01
-1.606857068716568193e+00
-2.332324406741753009e+00
-1.901164554381765903e+00
-8.512116876655244635e-01
-2.078547827276937543e+00
8.940717628169687625e-01
1.265822335796628950e+00
5.150888598295892962e+00
-4.833836014823918781e+00
-1.729524012194084914e+00
-2.389357022861233304e+00
-2.611470126092407806e+00
3.653332333032250911e+00
1.628045644531996183e+00
-3.204097065888330320e+00
-2.397490542367608057e+00
-5.031699416404511460e+00
-6.097223540738130332e-01
-1.717990864766617776e+00
1.018141711060750243e+00
-7.909997315885324287e-01
1.077362091499626529e-01
2.976545722044043885e-01
5.091892990983440725e+00
2.790760679212185291e+00
2.297517544002563916e+00
5.926033841363094190e-01
2.460388938689495042e+00
6.757401767019892702e-01
4.242095517653736714e+00
3.539505229901801275e+00
8.759547246712864332e-01
-4.484824888939797916e+00
-1.792946887370602926e+00
7.617448562222173258e-01
-1.612586674660751562e+00
-4.458995791875464576e+00
-3.938268465263005336e+00
3.427808708929624082e+00
-2.004302872713256800e+00
8.759076382167277686e+00
1.376948303520527661e+00
-1.125482290938135455e+00
-2.007412005421882473e+00
5.474813247139953543e-01
-3.488453504776639402e+00
-1.110015459306334495e+00
1.136289260892183517e+00
-2.890939159725244956e+00
-3.530227053316902897e+00
-3.472711856779098660e+00
-2.387343594282041348e+00
1.374837897951044718e+00
-4.571559435473201205e+00
-1.267057996578009327e-01
8.395637212329359889e-01
2.699351344227103766e+00
2.375440169764270415e+00
-4.484412650732303440e+00
-6.916297614794582493e+00
1.023135623027508490e-01
-6.532655368915162519e+00
5.579524737525857425e+00
-4.505548189786495961e+00
-1.225677873337403412e+00
3.846566231599399366e+00
9.641687259119725850e-02
-1.604838496549648275e+00
-3.075095665728584393e+00
2.658839683540360266e+00
4.724670576277877565e+00
1.174455538595380766e+00
1.158972833489591014e-04
-6.477138762612893785e+00
-2.578726997222732908e+00
-1.263841769296984330e+00
2.271644772594306083e+00
-3.011714923330019555e+00
4.692008773067862570e+00
2.058871754830600587e+00
5.879776043601484758e+00
6.696096280580077220e+00
5.443342862762450274e-01
6.564012174761001406e-01
9.096386648021841381e-01
6.630801147959068942e-01
6.207301047987670017e+00
-7.720243936140787966e+00
-1.399115980388401015e+00
4.097423789859298005e+00
3.253071006592003656e+00
6.460923744977871142e-01
-2.268407705636390492e+00
-1.110050231901438478e+00
-1.823385663851652128e+00
4.413890750253783857e+00
3.625026200394245723e+00
4.341947577133697944e-01
1.134587162486079492e+00
-4.424361582956010119e-01
8.123395512929914020e-01
1.555770192351978665e+00
5.571102330159234839e+00
1.076177041171987314e-01
1.282082898764320023e+00
-4.902464667415035171e-01
3.480215914373747665e+00
-4.861757123960521731e-01
3.344155056162690265e+00
3.203539154868229932e+00
-3.472567258487023079e+00
7.032457957044981889e-01
-2.403675320114265990e+00
1.468139680107439560e+00
5.749768540910525694e+00
-1.236915178684097727e+00
1.784354735208769638e+00
-4.730344294007753803e+00
-3.221782346877422043e+00
-4.153275125208867102e+00
6.414418143212097245e-01
-2.823304658916803156e+00
1.169617109596631233e-01
3.038050975609596360e+00
2.643632083356548534e+00
-1.767808107303053156e+00
-1.653783004978577775e+00
1.532910385361194283e+00
8.163385204265876993e+00
3.212317147933399397e+00
1.715289606039274162e+00
1.417805128429759476e+00
6.633637231307686122e+00
4.036852248397847731e+00
1.297818920621029104e+00
-2.222536298351817319e+00
-3.655650944522029544e+00
-4.355537267735576368e-03
-2.217425495092587795e+00
6.042261614662387537e+00
-3.335192128400933376e-01
3.621846710576812067e-01
-3.103833150378580541e+00
4.222210363534979471e+00
-4.701359763438354711e-01
1.443457812984793032e+00
3.079305619568972308e+00
-3.561820033903746463e+00
-3.250780011694444305e+00
2.816311708179266571e-01
4.529870156231963207e+00
1.554277097925427231e+00
-2.737453339232788885e+00
-1.054961972705044104e+00
3.175957517057034440e+00
5.540628307698241883e+00
3.564592797049701112e+00
3.500476815275910702e+00
-1.158497893837542758e+00
1.385672886486635225e+00
2.619047774660665517e+00
-1.649023980923236099e+00
-3.362068837039264402e+00
-2.773565742378397703e-01
-3.120351435531498741e+00
-1.938221486666869664e+00
3.739998995215365163e+00
3.152546885734362814e+00
6.942682560040203121e-02
-2.143558055753170599e+00
1.758743550234035391e+00
6.024399588201045930e+00
4.975946086888956010e+00
2.785810411239447726e-01
-6.736926814481463133e-01
6.646692016905194400e+00
9.501797591554793643e-01
-6.790976722695802437e+00
-2.210377224785265327e+00
2.024089132081598130e+00
-1.664345838309981396e+00
8.578564663733453388e-01
-1.359147974138633641e-01
1.906744473215926661e-01
-4.613909077339036990e+00
-2.303811831809793542e+00
-2.565156848353429275e+00
4.064748986360086747e+00
7.756439316151007013e-01
2.052183515868477137e+00
-1.027768139538245640e+00
4.997092529513800230e+00
4.812833576167142802e+00
-1.815133482236427120e+00
6.190117543009996837e+00
1.806753451272277378e+00
7.587523124050738588e+00
-9.589546627289124991e-02
-1.951123423411733171e+00
2.771272897397840218e+00
-3.477588668658357918e-01
2.323881061963660510e+00
-2.646858018179022665e+00
-1.100877994021577155e+00
-7.237969503951100947e+00
-5.207865770560717866e-01
5.560741776291317606e+00
4.610920867493314645e+00
-5.342148823522038015e+00
7.321477780018614823e+00
6.419985640193206500e-01
-1.111483393009733700e-01
-3.666669281403585945e+00
2.452897635626421380e+00
-2.547029760317827130e+00
4.702936563169383355e+00
-4.402968889077732761e+00
-1.624756041677248852e+00
