-1.457927802499002112e+00
4.110963629046604950e+00
2.984757841017811053e+00
5.763544950528436406e-01
-3.581539844545994278e+00
-1.680368950315290322e+00
-1.572339414189566797e+00
1.901345841834927830e+00
-3.228934429723394839e+00
-5.326939440869296050e-01
-1.104998199774619660e+00
3.796589688933124318e+00
-7.847304689385058429e-01
9.534757305141360328e-01
4.073366204588714901e+00
1.955969410535487452e+00
3.269007052948985415e+00
4.986590181319483506e+00
3.403225322157000132e+00
2.989729759872319814e+00
-5.644280322466480371e+00
1.331376549621848815e+00
-4.017005150283692316e+00
-4.052980214049354046e+00
-2.572235296696927964e+00
5.874759655142656634e+00
5.842947012513428184e+00
-3.667788567870210681e+00
-1.023885670584405272e+00
4.082810709957648498e+00
-4.963209880481345593e+00
1.557415493577550603e+00
-1.135676423280924441e+00
1.530820771383211154e+00
-4.404596508435576041e+00
9.992546054669287914e-02
2.576831926653617266e+00
-5.257575856798849756e+00
-9.488091406201265565e-01
2.087291752687902235e+00
-5.327596898652188884e+00
-1.887677981935570459e+00
5.922349548134435260e+00
-5.667377635319969187e+00
-1.498826773204628537e+00
-3.140361796795657412e+00
6.847411278419093250e-01
1.157168597245441521e+00
-6.979335833390487576e-01
-1.431892408459232158e+00
2.983695215873286788e+00
-2.862998061025663787e+00
6.751178882474043519e+00
1.990811018794965914e+00
-2.326102767224821122e+00
1.880975493260705012e+00
6.898631486683092229e-01
6.273013891395841091e-01
-6.467339710547049592e+00
2.655097197159898226e+00
5.130845893512852918e+00
3.853883466458870033e-01
2.621267085167339417e+00
1.119321633332629018e+00
4.448105581940146713e+00
-5.003786790522401162e+00
-2.793901521308630009e+00
-2.806060242570301844e-01
-7.061852938535846391e-01
1.094274455544926639e+00
5.132091329756249820e+00
4.925908930203792835e+00
5.485973672595461093e-01
1.535657070128188639e+00
-6.167610845634323713e-01
-2.243225000952173698e+00
1.353579874206800815e+00
-1.420836668738934883e+00
-1.014741097680963433e+00
-1.553157215898045340e+00
3.436282521441042626e+00
-2.108388648771790219e+00
2.657533976291031497e+00
-2.396016913850970820e+00
-6.266841481924071644e+00
-1.435182660527587917e+00
7.453587146087092385e+00
1.986204324123629628e-01
1.419361595490544747e+00
-1.828512545093469166e+00
2.145923206338889777e+00
1.205712842384297767e+00
2.475215070162908759e+00
1.822469170516797465e+00
1.021506309717824967e+00
-2.081693246289773924e+00
4.577110209954271980e+00
-4.190703492945169195e+00
1.429405100819137520e+00
-3.780775641317020153e+00
6.403287583405778527e+00
-2.355703877101433252e-01
2.407108950898701138e+00
-2.596396185895835096e+00
1.300032562993728158e-01
-5.117166880025878939e+00
2.672586067054310455e+00
6.969386376280534146e-01
9.529215862632380851e-01
-4.342014826617175416e+00
-3.831689705162978132e+00
-4.079281863071804182e-01
1.624633368348846529e+00
-7.828507170709495533e+00
2.162427109644681489e-01
-3.049193613135954273e+00
1.679298816165911701e-01
5.163072503899357457e+00
-5.190356283795697578e+00
-2.905685147236338306e+00
-1.107318498756302283e+00
1.161813923680801164e-01
-6.046997576009344177e-01
-2.367332224027770549e-01
-6.215098567580633615e-01
3.664292787573962595e+00
6.318903553066240741e-01
-2.086007019328777190e+00
3.087551506256672740e-01
-2.160916759967922207e+00
-6.350568990683008508e+00
4.500099402399979631e+00
1.699794907241438668e-01
3.180467936876878454e+00
2.664755093340113179e-01
1.967585393143121753e+00
-5.845032264872314087e+00
-1.733218936158521739e+00
4.352011006268960536e+00
-4.629873555269104379e+00
5.514485521839479487e-01
2.595164377416832036e-01
3.489836258113927503e+00
1.971808452730960504e+00
2.053586246408575011e+00
-7.046262045233722127e-01
1.133914132088608140e-01
2.329005280127886657e+00
1.752534757737051585e+00
1.621587175221922417e+00
4.264175016772895788e+00
-1.457796909771627680e+00
-4.630315311044252091e+00
1.661840471127130625e-01
-3.140608202247486158e+00
4.551427992628112040e-01
1.374148520821104391e+00
2.210738702743035411e+00
3.715489741374165877e+00
4.059176031580143729e+00
-5.948885836813355699e-01
-1.625003013873082547e-01
4.443083630380060267e-01
-1.255481681019743334e-01
3.383779060260941662e+00
-1.100716975626697902e+00
3.829115507162543786e+00
-2.950615134061657319e+00
2.584197468946465293e-01
3.265278336917312174e+00
5.575668441493921712e-01
3.259983525518709513e+00
-6.666466639688324314e-01
3.142032142894752411e+00
2.951840300105909254e+00
1.994485283978894241e+00
1.032834135618633908e+00
4.730576964461522316e+00
6.021387595331952891e-01
-5.062226986757388802e-01
-4.508138504025906990e+00
-6.914523936261115500e-01
-1.796916207538576726e+00
-7.934621418233618328e-01
-2.214355084780736505e+00
-2.400772592334662114e+00
-8.842316243020420519e-01
5.707019196167926189e-01
5.333205030265575353e-02
-5.659654977074764837e+00
9.821344998469343501e-01
-6.330274615538693528e-01
-5.091112931376911011e-01
-5.549493192449397316e-01
-3.740746603901131007e+00
-1.284093952041430065e+00
-5.578707747684327201e-01
-1.850916102953042985e+00
-2.717713127785851057e+00
2.488187879045699713e+00
-1.342651245659687742e+00
4.847146522222899989e+00
-1.097215783402432088e+00
3.455019082835891098e+00
-2.330802937706192957e+00
-8.878322321511609994e-02
-7.034808459841426220e-01
-3.596783555670750587e-01
2.554916814767089317e+00
5.493310295656240072e+00
-7.549081226977010228e-01
-3.346569187736808448e+00
3.166276589800270269e+00
8.559493268425069079e-01
1.746080708004798421e+00
-1.440780747514174953e+00
-4.773810707969310840e+00
-2.647993042351589388e+00
5.268331226592848360e-01
-4.351255251979855743e+00
-2.985005992810974007e-01
-2.520783394892808227e-01
6.079892993633381870e+00
-5.038707525962363709e-01
2.402188793442826320e+00
-3.803335184988663187e+00
-3.831488640172833193e+00
-4.203115491080479771e+00
2.441781425330174393e+00
4.969991982118354912e+00
5.544303442011078165e-01
-6.357353493484326101e+00
-3.208337772396372412e+00
3.217787759799163982e+00
-4.613674517286334265e+00
-2.328608598413510755e+00
5.082590836263380041e+00
-5.253424215658379914e+00
6.646961602125409652e-01
-3.193333794256181690e+00
-5.703911052659516479e+00
-3.806477887511315661e+00
-3.288863130900514076e+00
-2.763191417990581655e+00
-5.385356762589067259e+00
-2.516118920549403892e+00
6.371118705366439094e+00
-1.678334722641972254e+00
9.194830064210151477e+00
1.800519782779325340e+00
-1.961236644245222482e+00
-1.407782556365634097e+00
1.866310838777740733e+00
3.568353258355021040e+00
-2.927898524542166037e+00
5.749054280826929819e+00
7.545311060898623801e+00
1.934980129079633571e+00
1.017840233719525589e+00
-8.537390392119020843e-01
-3.788441575065735756e-01
-3.893123255958637507e+00
2.474888502264485368e-01
1.611406996765622601e+00
3.528293846753475904e+00
