2.219119142804145461e+00
-8.004671244189644597e+00
2.195081283769009239e+00
-2.966605096196493818e+00
1.225330235157210623e+00
-5.807907067344932450e+00
3.771909717296757947e+00
6.253126091158200062e+00
4.613331091735744849e+00
-1.053802760179308518e+00
-1.468767073544334334e+00
-9.743417075519388959e+00
3.921612856516970336e+00
-1.325383886074961381e+00
-2.424971842871629590e+00
-5.870535483163455970e-01
-4.461490166085794185e-01
1.014221578476860053e+01
-2.287096783120117660e+00
-7.406846891088952889e-02
-9.423322635890480914e-01
9.257671804555071660e+00
-1.412461201920613529e+00
-6.955849800787452075e+00
-9.863325170998082925e+00
-1.028188601957029746e+01
5.826054401334007649e-01
-5.862726310359538395e+00
-3.832391800744974208e+00
1.697064719126551102e+00
4.899682143554556113e+00
-6.341995322989430584e+00
1.086247299430578739e+00
-2.144039230270713858e+00
-2.691243705624670302e+00
1.475242771052288848e+00
1.957902676522228713e+00
9.519423336222640586e+00
-6.662428412614390005e+00
-1.033095372963196290e+01
-1.033694055275186985e+00
-1.367956527375755904e+00
-3.395154076858630354e+00
6.193635656801310674e-01
1.474760269993503403e+00
3.782349471235936900e+00
-5.969049972508936541e+00
4.301536553295446375e+00
-3.529494913891079388e+00
2.816069479490667327e+00
9.305209490307759790e-01
-1.804692445201621975e+00
8.041149643621407606e+00
3.575640730498307107e+00
1.101194737324068562e+01
1.534533075304353178e-01
-2.034380424358507078e+00
-8.484329875215733452e+00
2.365727957662386860e+00
4.696794872072101334e+00
-7.725835993404877033e-01
-4.815343562338401107e+00
3.550442984842609562e+00
-4.905465115333984549e+00
2.023757153990548119e+00
-1.292963609973767358e+00
8.316490626564683186e-01
7.122292835326701876e+00
-3.811537801725182195e+00
4.015501917536052012e+00
1.627686898217405531e+00
3.773488978326904775e+00
-4.870160586734362695e+00
-2.238420033599548109e+00
7.410445739768586115e+00
1.467265955607826022e+00
-4.149196563692250095e+00
3.200554945606250534e+00
2.014450239801772291e+00
8.373702429386264967e-01
2.087169500457192406e+00
7.350859114844646491e+00
4.619192518567419303e-01
3.028403996626744532e-01
2.156027071382024207e+00
4.465229427873885548e+00
-1.806936372291929604e+00
-9.563953028923030786e+00
3.504626047086439655e+00
4.459932186376483365e+00
-4.047555977331264820e+00
3.220720659595205593e+00
-3.614800850497771556e+00
-2.501455699847437320e+00
-9.699426945961782565e+00
-1.871115052227187103e+00
1.383490993127304503e+00
-3.903167964630910980e+00
2.670978300826687857e+00
7.238871027500235478e+00
-1.227991047594821339e+01
-8.827401445646982481e+00
1.842206237703972294e+00
-2.628033632013378362e+00
4.018283260656778100e-01
-3.828143506904169158e-01
1.807152408280253697e+00
9.236190459961132859e+00
3.280492297517942912e+00
-1.095067380722226646e+00
2.989486069409291069e+00
-1.285318241057860078e+00
-1.079953397206213639e+00
-6.205858519619875224e+00
2.540056280617676965e+00
-1.043485805658434629e+00
-4.966963907667297562e+00
2.135176515374404893e+00
-1.304349258904141218e+00
-1.129356610775684544e+01
5.896014151974224848e-01
2.489816914687331018e+00
2.175696864748591253e+00
1.132707179849749224e+00
-7.027162740085715065e+00
1.594032400283897033e+00
-4.940988469455485976e+00
6.374542566406952382e+00
1.616469489801060977e+00
-6.040796442977500291e+00
-1.509859479440804453e+00
1.990552602725477183e+00
8.062251329682453616e+00
4.049803722983216225e+00
-7.948520538690663884e+00
7.189763487655118634e-01
2.109485934196136281e+00
-8.414690753530866374e+00
-3.776830272867602645e+00
-2.347675589976278010e-01
3.506612532374217217e+00
1.855195710966832445e+00
1.436981077193064227e+00
1.851246346790949016e+00
5.800970497631714018e+00
3.427943358613721792e+00
7.441482562893418695e+00
-3.227701483153387230e+00
5.143417603651018188e-01
1.548729231275954854e+00
4.067351079083374898e+00
-5.640294078620154972e-01
2.993343385669292811e+00
1.501188426992516201e+00
9.992504503491253520e-02
-9.909153298811446575e+00
-4.815736381870386218e+00
6.080747354365055202e+00
5.083389967587583769e+00
-1.095762734317241804e+00
9.410872857068900643e+00
1.267813940112080218e+01
-8.724236401025495802e-01
2.442734573840346979e+00
2.202622536093838512e+00
-5.011453000080160258e+00
-1.225504529204163306e+00
-8.974300173210499665e+00
3.987383685841618952e-01
-2.726245144467470904e+00
4.426625662647850845e+00
2.049434173200524345e+00
2.480931328144307724e+00
3.575074459549111516e+00
-3.495333083459939427e+00
1.297344654873065828e+00
-1.223942358985105949e+00
4.886700563699337252e+00
7.825254862763738828e+00
8.627836974128717529e+00
5.964126108242139068e+00
4.312944547250737060e+00
-1.085560222514308393e+00
-2.341147642495581938e+00
-7.314199146168811616e-01
1.870256330762496422e+00
2.628703107402643013e+00
-9.346678997403112810e-01
1.195444112643695966e+01
1.794688401608283135e-01
7.767227840202361122e+00
-6.036950355403767787e+00
-3.749061773266624265e+00
3.388321789177766163e+00
1.378351529901372885e+00
2.877411426357037172e+00
-2.208694436129842398e+00
3.740400482722658904e+00
4.605927688513220097e+00
5.339182020894292613e+00
1.453060385358886097e-01
-1.299023125544580637e+01
3.832197017995539579e+00
-7.726399450659474866e+00
-3.726491205545631846e+00
-6.045673219923822117e+00
1.703786029526596746e+00
2.636033781367245865e+00
-2.311959624970505001e+00
3.607200897219907887e+00
-7.584966118221492692e+00
7.075514610541949523e+00
7.474575989014817345e+00
-3.257147846619531606e+00
-6.085798771303091215e+00
7.256522196616840503e+00
9.560353466976044601e+00
3.846283161864145317e+00
7.351094564209258442e-01
-2.137823634846862220e+00
-7.869079260217526350e-01
-1.608905942419326252e+01
-6.310337568173198797e+00
-2.198810196830225827e+00
-1.880523950472354211e-01
3.535621594672613721e+00
-5.941197062990375422e+00
3.771895545825623586e+00
2.930892200717652329e+00
4.955034684805939005e-01
1.012353677148644238e+01
-3.557441193230115317e-01
7.625657834989758577e+00
-2.030039053487001866e+00
3.511014915846754070e-01
7.127881305922212363e+00
-2.572113900374595197e+00
-4.077634235231188065e+00
-1.148896612093711589e+01
2.953452186630407539e+00
-5.200050576280294656e+00
4.018436902779249031e+00
4.787784331662535697e-01
3.328793755474814819e+00
1.838265874281823198e+00
9.106038056111250611e+00
3.162356049966192906e-01
-6.095616483886088233e+00
6.249304004726755402e+00
-2.801219135494798618e+00
-8.743143840521170773e+00
3.258741699544798198e-02
7.913781409879842244e+00
1.357545223366636300e+00
4.232454617511551831e+00
2.629913169464271228e+00
3.203908481893514626e+00
1.482802908702590905e+00
-2.194140472173883971e+00
2.480429596717235730e-01
-2.990096330034084371e-01
1.695222467600628669e+00
-6.420717029867907044e+00
2.922275382226284801e+00
-1.773756491759893583e+00
