9.304514731344477596e-01
3.678931083354472165e+00
-6.792565468950842344e+00
4.589671845804829786e+00
-5.266257194879697678e+00
-1.707728855173333393e+00
1.411537163111370674e+00
1.522843133998133813e-01
-1.825945369187968348e+00
4.913299710739879034e-01
3.516532340046826910e+00
-5.079564972409238877e+00
-2.289751552064545503e+00
-4.187447505493093303e+00
-2.141324106449897346e+00
-7.191267404686197962e-01
3.057008091613861112e+00
3.546663733324564305e-01
2.930574226546068584e+00
-4.947836566519257850e+00
3.606777031282278223e+00
2.118662153451752239e+00
3.634203544283709064e+00
-4.545000144692378008e+00
-1.478432878739350587e+00
1.629300820338170475e+00
-1.919129503109850310e+00
-3.124574860832317391e+00
1.616140775257168816e+00
3.239961419687654054e+00
-2.666984102681392965e+00
1.942102129974337288e+00
4.191901979014833302e+00
-9.153473912134816315e-01
3.672554662002740500e-01
4.106574063687791210e+00
-2.473748335410706822e+00
-5.735933127894413452e+00
-1.537612310865837384e-01
-1.616053347339612589e+00
-4.473147955285824429e-01
-6.970416782637322006e-01
2.668756526724635147e+00
-6.490645421600776288e+00
3.852958487411044075e+00
6.244128655696083996e+00
-1.441002503057228490e-01
-1.295118376799254900e+00
-2.131170981489015404e+00
-2.291672905980665753e+00
-6.047411225557677295e-01
-2.122166364454830312e+00
1.043140001512286030e+00
2.513190066883816520e+00
4.866579095493032803e+00
-3.843230716656186985e+00
-4.903246313503924481e-01
-2.371524669599919921e+00
-3.172442083409425351e+00
4.065665066054956256e+00
8.259773857533363461e-01
-2.962737256683330322e+00
-2.573064425602561212e+00
-5.472601764988599626e+00
-6.888298438631016429e-01
-3.235671612891308335e+00
1.469280828273288542e+00
3.455375620560052763e-02
3.121002206865607365e-01
-3.693727583691109873e-01
4.969995417210171240e+00
3.413622181326169347e+00
3.181435611909877004e+00
1.823200681191006756e-01
3.028222208672757265e+00
1.167187102399747767e+00
4.052882227291089379e+00
3.151353870212936226e+00
1.036417073070588835e+00
-4.718144860956865472e+00
-1.516255078473524698e+00
1.108920143794075441e+00
-1.887312834426023045e+00
-4.551984531125671474e+00
-4.141551131244378681e+00
2.843027080440002852e+00
-3.182804023512289859e+00
8.132017193140251621e+00
1.169174807469845589e+00
-5.487421594178606421e-01
-2.049634820386986078e+00
1.355133905412854167e+00
-3.638423091659658937e+00
-9.585669582809781541e-01
5.633016255503193737e-01
-2.707343668221738220e+00
-3.096881585060416775e+00
-2.656187512258979311e+00
-2.693539419766191934e+00
1.939933923443475372e+00
-4.444817288103603659e+00
8.287403572557010545e-01
1.140268501541276347e+00
1.712585364301411062e+00
2.141561973790679030e+00
-3.237950561011256667e+00
-6.459570444488504037e+00
1.608013685978713081e-01
-6.646131092122677941e+00
4.770289045226881797e+00
-5.048780836526550964e+00
-3.169314506561409672e+00
4.426214578299537905e+00
-5.111729017026704902e-01
-2.227754319077853484e+00
-2.711718955302642620e+00
1.832476700597116537e+00
4.308175254264085652e+00
1.694861404717652231e+00
-1.624455452246660325e-01
-6.332398834306331992e+00
-1.859375564679222048e+00
-1.817227267200755669e+00
3.325221772828784061e+00
-3.458428155789274427e+00
5.115863899605038512e+00
1.827384145522024550e+00
6.109057602888523064e+00
5.229891712524545433e+00
1.176737636820206490e+00
8.778455619014848832e-01
-1.044603800270828692e-01
-5.380283424710986528e-01
5.883524052564931495e+00
-7.550131793681686965e+00
-6.049505969330312150e-01
3.090002937749692258e+00
3.328255390439287531e+00
-2.867365672601029924e-02
-1.383386657248899088e+00
-1.024277094414290268e+00
-1.958449338219454772e+00
4.235475804168756575e+00
3.923341949333615020e+00
1.362463752986096788e+00
2.205506370485742274e+00
1.416851078456199176e+00
-4.829713182328487786e-02
2.063370447389725193e+00
4.381447605700645731e+00
7.717210105193303971e-01
2.824247951719923488e+00
-8.960061811498594153e-01
2.948516833113532076e+00
-1.712842082612437089e+00
1.924019714916415325e+00
2.709603999206117386e+00
-3.999922343476398634e+00
6.615352968556588165e-01
-2.269268554096191881e+00
6.571226867534065708e-01
5.087899763119074770e+00
-8.409325329918968528e-01
2.562993334529600098e+00
-5.272440234345713961e+00
-3.968410687987741881e+00
-6.389022823346782509e+00
-3.830250229121316963e-01
-2.788255140256686193e+00
7.478791906043928961e-01
3.337258603942635737e+00
3.713503806078568559e+00
-2.391644203384834189e+00
-2.978666148323606322e+00
1.313303306380190882e+00
8.110762152606772801e+00
4.223848401248095463e+00
3.034639967889984913e+00
2.511423871321945001e+00
6.729771041790767683e+00
3.917511509221492716e+00
1.140494889194540340e+00
-6.616923585134705244e-01
-3.848447549578863480e+00
-5.959050018228806422e-01
-3.095888222730423411e+00
7.247432699883342266e+00
-2.267973105994563365e+00
7.504747886887761510e-01
-2.811053913701759832e+00
4.669138768094454051e+00
2.425658563974399939e-01
1.395988085312195759e+00
2.312459156997121568e+00
-3.258945683429458562e+00
-3.512725513138471811e+00
1.059042443527130839e+00
3.343386954580358505e+00
1.175986475993385239e-01
-3.684328063016101495e+00
3.927162360318892098e-01
3.248435236753652866e+00
5.103359928507517296e+00
4.179835755875727976e+00
2.301844324560888833e+00
9.252209556170849503e-01
1.118582700119104878e+00
3.934356567898924073e+00
-2.240010122646931556e+00
-3.081151801800992462e+00
-8.013217189292830556e-01
-3.317845938602795197e+00
-1.202761199341411125e+00
3.824889007892841253e+00
4.895976664510499177e+00
-7.550669576165511820e-01
-9.996991223139686245e-01
2.326155970314567778e+00
5.738640304979019113e+00
4.669441280562866226e+00
3.842137466131875789e-01
-6.419167792259572458e-02
7.455443803577299633e+00
6.807393805336663384e-01
-7.027451428738522132e+00
-2.255523800874299489e+00
2.601104935609240609e+00
-6.340062603990960222e-01
1.192971507999638359e+00
1.692314641072896197e-01
5.630304867080861975e-01
-5.318952563832721303e+00
-1.796276547026418369e+00
-2.969414201579293699e+00
3.559873158811598604e+00
2.258316334381408108e+00
2.714714380184104492e+00
-5.344811569139797935e-01
5.164699960277999935e+00
4.395990084264218112e+00
-1.430709265851290546e+00
5.426343931520017705e+00
9.332273489297039371e-01
9.359292253000122130e+00
-1.288358298865855955e+00
-3.744786580527081910e-02
1.387849508554821254e+00
1.896501506007471638e-01
2.610271914024178574e+00
-1.510614156214971082e+00
-1.442916566174311965e+00
-6.395650780432731608e+00
-7.143519837115988036e-01
4.404084214485720850e+00
3.335447552136942218e+00
-3.228809547880668873e+00
4.952079773228766690e+00
1.377677820670413222e+00
6.600319134345347116e-01
-2.768157670109418156e+00
3.140286746963143028e+00
-2.850567642405295032e+00
4.627687878922150944e+00
-4.634478148323281310e+00
-2.010676765701056468e+00
