-9.441811169585530017e-01
5.431900585512303259e+00
4.690125038552759307e+00
1.012939975707660700e+00
-4.046558010322185872e+00
-4.309557486050129782e+00
-2.100411022446989406e+00
3.741504993982025074e+00
-4.712984803747474416e+00
1.182342057218512599e+00
-2.245917961577111210e+00
3.955184323740300378e+00
8.118354568855790099e-02
1.837414879763862308e-01
5.150298011332426817e+00
6.502647978874247503e-01
3.384379678876606512e+00
6.254991598802284614e+00
5.014247587322478772e+00
4.807385054210286057e+00
-8.137764410420924577e+00
3.667444150187890717e-01
-2.061145043848281233e+00
-3.539008985814174668e+00
-2.681938151031529660e+00
7.910225383861490656e+00
7.352341874047977122e+00
-5.474199632241086633e+00
-2.933597516753541079e-01
7.289976158586599198e+00
-4.120527529949408851e+00
4.780717888326432075e+00
-4.712319619282133054e+00
-1.416545237475266505e+00
-5.552021150263836802e+00
-2.055767823013598505e+00
2.690338383732544081e+00
-4.351165688742264948e+00
-1.170995010204263886e+00
6.675747831298992629e-01
-7.184649384499616431e+00
-2.345980259505004106e+00
6.272926344144170052e+00
-7.872919212997699923e+00
8.271728053179425721e-01
-1.142081888324807615e+00
-1.059221561037778425e+00
3.982684155963438499e+00
-5.190697841728200146e-01
-3.081372292675958136e+00
1.281128509361473267e+00
-1.505217183625074284e+00
6.373788678807994046e+00
1.367536449725736736e+00
-2.363783671589441582e+00
1.934191098019280020e+00
1.175797329621161236e+00
-2.780123934482784387e-01
-5.701234880670706495e+00
9.532263015820225949e-01
4.163705195204898679e+00
3.712806924891680183e+00
5.948095205968200183e-01
1.282373726084567456e-01
2.887644514288880249e+00
-5.850820687693736311e+00
-3.363735326075137699e+00
4.575498074800330439e-01
3.355882936320075061e+00
-1.586721808205086681e+00
5.517854764393794298e+00
4.245844198321740315e+00
-6.835000377264529581e-01
-8.011356921504251272e-01
-3.021761962288652015e+00
-2.799971372558929250e+00
3.348070559299689997e+00
-3.963085610781095447e+00
-1.178156231240796270e+00
-1.011600380402665866e+00
3.953459539282092372e+00
-2.588964292682174317e+00
5.960214898023555641e+00
-2.573834411376640041e+00
-4.711782152208870755e+00
-2.596624891883384745e+00
8.861316398222550461e+00
5.852260462818715814e-01
9.413020300348102776e-01
-3.482372568612515984e+00
6.253581318590240024e+00
-1.259428562457666878e+00
3.643883811853954491e+00
5.968911173865773634e+00
1.246221496805640427e+00
-4.053432966317283004e+00
3.965925146767759202e+00
-1.030589472749842805e+00
4.596856686501804012e-01
-5.583381905112051236e+00
7.409905021951937343e+00
-1.246968430897018143e+00
5.957273451038975765e+00
-2.401406557740259462e+00
-3.479208810587593792e+00
-3.638255543515677815e+00
5.234959759637634491e+00
4.741263627651692403e+00
1.797008176477084884e+00
-3.771782998048452296e+00
-1.527820609099009630e+00
-8.204134626544357101e-02
-2.259258141454753677e+00
-5.513967418305949941e+00
6.704886676608596829e-01
-2.002333268578715408e+00
-3.053292712736717651e-01
3.787791334619161177e+00
-8.708261322061071397e+00
-2.263404610657995808e-01
-9.045002322111436177e-01
1.070008207304586678e+00
-7.244847895595917242e-01
1.310039518215505794e+00
-4.008405608408945220e+00
4.443209051598943304e+00
-3.663466962852426345e-01
-3.009371195094966644e+00
1.169812432304396133e+00
-5.843586874388389418e+00
-6.048689013278372606e+00
6.249009008401495535e+00
2.097555016374037073e+00
3.875505185713687961e+00
-1.062968686763518633e+00
-2.771114334064003204e-01
-3.237257497336748280e+00
-2.928507772790358121e+00
8.163806667930590066e+00
-6.645060007372204147e+00
-8.454687708145679492e-01
-8.366812907922488440e-01
5.132834737330196351e-01
1.159400271417240003e+00
4.782026937656559951e-01
3.260012375799209661e+00
-1.304569895199651164e+00
2.999538705085964985e+00
3.692390928421812824e+00
2.469335567662683140e+00
7.329210204434265741e+00
-2.151117616838174484e+00
-4.326949658100498475e+00
1.178148999511446249e+00
-1.541689162353174325e+00
2.912003704260741621e+00
3.506289166597063023e+00
1.642511278625159443e+00
3.316010326776429373e+00
1.707460802150603474e+00
-2.174811708887214756e+00
-5.613782334539980656e-01
2.982247098842641719e+00
3.452432389504085375e+00
4.320857971429817646e+00
2.152209301070457492e+00
3.964383853488742560e+00
-2.133095846213004076e+00
9.538756619379299417e-01
4.563462601824934239e+00
1.850830585952580876e+00
5.455418989605405500e+00
-1.006952662345192095e+00
2.960765413055316486e+00
3.609109665418638091e+00
3.242422588129680872e+00
2.259896355785985023e+00
3.833563787094244724e+00
-6.890959410043140387e-01
6.669713077018468717e-02
-2.186302494554117182e+00
1.218039922063022251e-01
-1.004462935019306169e+00
-7.787982639625614656e-01
-2.021859398304508115e+00
-4.233739573921116772e+00
-1.731246177479237591e+00
-2.734582657567317249e-02
-1.017500030376333964e+00
-7.546381612710347575e+00
3.697779873657129013e+00
6.743752832271322495e-01
-2.580472870127827889e+00
-1.819515548011582329e+00
-2.007599689769852702e+00
-2.409563748794925964e+00
2.683788722903061030e-01
-2.666265742048798959e+00
-3.613208448157704034e+00
2.771440321987598931e+00
-1.683236019537164285e+00
6.812432172848449596e+00
-1.851764519522495434e+00
-6.177403903044259570e-02
-1.761463688759912882e+00
1.696616893574705021e+00
-5.943445631233874593e-01
1.120375419961873176e-01
2.053687177464730507e+00
8.115491627017245690e+00
-4.536960971258280351e-01
-3.049588582538885539e+00
5.031810035812799953e+00
1.083198015028601358e-01
3.408162551780062444e+00
-1.031478584740264326e+00
-4.159525344261656876e+00
-2.151570940693774858e+00
9.254887305734371683e-02
-4.824297460683152572e+00
-4.380830097957447156e-01
7.651568497031240312e-01
5.685334864773561314e+00
-1.877155751104320647e+00
3.083807923081026914e+00
-6.761262241310267207e+00
-5.563972499713787379e+00
-4.711643463715676106e+00
4.165844736475995624e+00
3.748354773490581771e+00
6.210833866211451504e-01
-9.195246270641918684e+00
-6.506045431982983018e+00
5.451598019147694707e+00
-2.060097473814261892e+00
6.018091048766488482e-01
7.009741069643189881e+00
-5.641605421084946670e+00
1.915880009042673748e+00
2.129234210864350274e-02
-7.735005248173416170e+00
-2.623082851607942523e+00
-2.579889317025336748e+00
-4.086973275917020310e+00
-5.483614185183883549e+00
-3.176239283575315042e+00
8.575807502255671011e+00
-2.877619806014642290e+00
9.066186942571279772e+00
1.073014288346167522e+00
-9.579554602336136648e-01
-2.276845704690163785e+00
3.116084214546675391e+00
2.188274925018625972e+00
-4.973462175620755765e+00
7.746971163493149071e+00
7.223688152927318029e+00
1.826050391471934375e+00
2.037602106074740238e+00
-1.248697489302317498e+00
-2.242084919580929370e+00
-2.346239542879847040e+00
1.340090245247564482e+00
2.396830685583620557e+00
-1.614766000129766454e-01
