-1.434236248235989386e+00
4.381423747542669389e+00
2.116231182735106575e+00
2.915866554266377531e-01
-2.908037567433899628e+00
-2.326056527448414180e+00
-1.541375378947954067e+00
1.972282449796908921e+00
-2.312206898785399645e+00
6.292324869280002675e-01
-7.143031760990540269e-01
3.910271562535796885e+00
-3.007345172784676723e-01
1.552817118926796525e+00
4.341793794908728188e+00
1.160233765070979306e+00
2.799513252939077823e+00
4.891497812535745560e+00
2.858589021410570474e+00
2.755392315103423417e+00
-5.645310403141587940e+00
1.111952456512965259e+00
-3.920585109437785043e+00
-3.790246215396436025e+00
-2.847465045567517450e+00
6.143989763748399113e+00
5.870077990034480386e+00
-3.559310008865089969e+00
-7.801568998409178501e-01
4.483861230869503167e+00
-5.586235911826590517e+00
6.239460277124989629e-01
-1.357088940205349648e+00
1.422426815425021029e+00
-3.491835055246820030e+00
-2.278060063331566187e-01
2.919563579592615810e+00
-5.318275718114772843e+00
-1.093245176632418714e+00
1.596365882019138205e+00
-4.817781020897629496e+00
-1.636660189422478151e+00
6.272741840397332957e+00
-5.722076234018236285e+00
-3.971820459553829785e-01
-2.995118644211254733e+00
3.355594692320555961e-01
1.295025458197270662e+00
1.774091206042438529e-02
-2.375836291444437087e+00
3.002300247027316793e+00
-3.518400583403445303e+00
6.603687503642623469e+00
5.930046701283034905e-01
-2.082428613219814206e+00
2.250059972595199742e+00
1.519627573328700798e+00
-2.892273560301505952e-02
-5.863927626667774007e+00
2.649222645821751598e+00
5.300107881128069742e+00
4.113958310473272428e-01
2.185729655019242657e+00
1.488320819241974791e+00
4.483797262105926329e+00
-4.816195128892108990e+00
-4.430779690248067837e+00
6.901772133841708179e-01
-4.173085794457244702e-01
1.573963936753612014e+00
4.678180845411557875e+00
5.172826118527487971e+00
-1.318101973436742735e-01
1.319361491127914787e+00
-9.643397606748540518e-01
-2.944741175088297247e+00
1.639766186396486969e+00
-1.264225953700187421e+00
-1.165297598012151159e+00
-5.296182895943606361e-01
4.711654764164666886e+00
-2.306337501767631082e+00
2.434237228567352140e+00
-2.563330818423684043e+00
-5.499594444802071713e+00
-1.178926073044367806e+00
7.136103561100269665e+00
-3.519093715710917003e-01
1.189652954109262195e+00
-1.606268817538018867e+00
2.256945138574045995e+00
1.340303851181252615e+00
2.585937113429090495e+00
3.070513903277146461e+00
-1.626728015518004722e-01
-2.781145015657223052e+00
5.144741402308032896e+00
-2.951845508272553875e+00
2.328756325766923041e+00
-4.088465927424866919e+00
6.358735545989055993e+00
-1.647626245941435918e-02
2.326153306524761266e+00
-1.210440561303053997e+00
-7.976831345433301745e-01
-4.216253665113757876e+00
3.288650185392910874e+00
7.839113759216654875e-01
1.676479535848082403e+00
-5.245962114189182124e+00
-5.164594699375426146e+00
-1.322774008274687940e+00
1.781958840197042093e+00
-7.468792541902273818e+00
-9.343411624810943339e-02
-2.582296978636466900e+00
5.901065193380162777e-01
6.194515782678081450e+00
-5.222848407993747166e+00
-3.106883711103761936e+00
-1.208720995863290515e+00
-5.240635238823576625e-02
-1.679321549042308792e+00
-5.800696229694024542e-01
-2.750389097946238648e-01
3.831306373248674735e+00
4.674315674072252458e-01
-2.065621715483860310e+00
9.050589449555571098e-02
-1.716982477908115978e+00
-6.287465228890392943e+00
3.082544413754410240e+00
1.337690568047378070e+00
2.784556420573994551e+00
5.064866578755919946e-01
1.112757707640418481e+00
-5.117569622326932688e+00
-2.808264800776884673e+00
3.878592779560700254e+00
-4.795631817286937881e+00
-2.966618328975532681e-01
3.706442326507830565e-02
2.676534615999600852e+00
2.096815086609133960e+00
1.407432791212894108e+00
-3.829075022815248142e-02
1.040154612534621936e+00
2.857187524704996928e+00
1.613429105942847164e+00
1.842374904142945358e+00
3.833267020946814263e+00
-1.683706966660019955e+00
-5.097736307516780307e+00
-7.566389367426592516e-01
-3.348606857640797241e+00
-2.285452480608773929e-01
1.472149981941732300e+00
1.458794430689507760e+00
2.999310675486990707e+00
4.256416709661699826e+00
-3.469501520158574381e-01
-1.270912637098247089e-01
7.106148157678929822e-01
1.447390426679801889e+00
4.145121453998783068e+00
-1.148085047150160243e+00
3.133688597448681890e+00
-1.866473186665870143e+00
2.180146625790612969e-01
3.053255811109209628e+00
5.131718189819269860e-01
3.417281523379366526e+00
3.679964403903071557e-02
3.064655429260736419e+00
2.817816581931789965e+00
3.149766852316268739e+00
5.675733473873136870e-01
4.761457440267140129e+00
3.868684201426707547e-01
-2.570869804916959822e-01
-4.047023535663313076e+00
-7.442613323261859648e-01
-2.276352841200311783e+00
5.578379453519560771e-01
-1.834187568003031510e+00
-3.360770860837790419e+00
-8.281921660807299856e-01
6.029324440913654826e-01
-1.180976272757659817e+00
-5.597709761515552884e+00
6.056604433554860778e-01
-4.648099200522647911e-01
-1.328035406479846969e+00
-1.541539534843607839e+00
-4.484884841206049799e+00
-2.350609988122756455e+00
-1.957354770948751321e+00
-2.113655883353459775e+00
-3.373324408353413073e+00
2.783918153884379798e+00
-1.414414707917621472e+00
6.077380196736553053e+00
-1.224189389020996055e+00
2.370941982653372193e+00
-1.664373380228531429e+00
-7.821218095806126147e-01
-3.945652143247078136e-01
-4.259622083724834973e-01
3.669730770761799654e+00
5.683949706634554566e+00
-1.328402537735998257e+00
-3.085928506350627210e+00
2.569790415018456731e+00
1.200963743792323957e+00
2.118208903733279858e+00
-1.371191645227705980e+00
-5.311307493797792212e+00
-3.326685441156821632e+00
2.962381573565159854e-01
-3.970147326670608656e+00
4.184701307387775904e-01
-8.746987377343344860e-01
4.859305720226801739e+00
-8.665294471894087192e-01
2.719342285944818194e+00
-4.164271553242286039e+00
-3.964629895523634318e+00
-4.012840268993683068e+00
1.967107986104103867e+00
5.036245885082371920e+00
-4.078080309903038270e-01
-6.969374743665968985e+00
-3.853274758243579790e+00
3.253178195513752868e+00
-4.275427986254588753e+00
-2.261266226659492506e+00
5.087050749104736092e+00
-5.406197662551917027e+00
3.548858626976925112e-01
-2.824611595429992406e+00
-6.318037083867369397e+00
-3.910707396737788333e+00
-2.561714459726145421e+00
-3.507454685056769161e+00
-4.690628634789283602e+00
-2.033805306662010093e+00
6.903738351773734294e+00
-1.775631195887617420e+00
8.945986515847966558e+00
7.594374330471131973e-01
-2.559213550099622037e+00
-9.162684571870529648e-01
2.606360382235299866e+00
3.805734987912970269e+00
-3.116517829880970147e+00
4.606135082794315494e+00
6.994240427111076741e+00
2.013595324406384002e+00
1.537198827505757537e+00
-1.152323414931689660e+00
2.725503606100616594e-01
-3.271112584420016400e+00
7.646136202670154036e-01
1.777202344894908137e+00
2.629766745680682583e+00
