5.487892231041263003e+00
-1.203195929999291280e+01
6.150966306680345497e+00
5.675086137250778151e+00
-3.104498244415949237e+00
-4.365505341842854214e+00
-3.064472652378986250e+00
7.348965921056297645e+00
2.131244117253392467e+00
5.452793996359992512e-01
7.459701597575358889e+00
2.134756143480173840e+00
8.637401324889103504e-01
-4.492606035787974905e-01
-5.567677964632710363e+00
-9.711088591766792177e+00
-6.722671709460947831e-02
-8.422740642517531739e+00
3.098830727007081620e+00
-3.076977223686717888e+00
-2.777628746752947020e+00
8.278119112990131256e+00
-7.708601066723463902e+00
-2.225462388697076932e+01
-1.941035047327366314e+00
2.723578911755193843e+00
2.272963606006202397e+00
-1.366820383279267048e+01
-4.686729093720646944e+00
-6.172617272794705734e+00
5.706904184248794643e+00
-8.108112644708805661e+00
4.484045123791291054e+00
2.237210700126241569e+00
2.519984381236477500e+00
6.894747259436972975e+00
-8.763325238566764819e-01
-1.585857785738801207e+00
-6.913595554407576671e+00
2.467115448401253630e+00
-5.053695103768713892e+00
-1.126586104726217918e+01
-9.954245256482382231e+00
7.291192438028674339e+00
6.901995622407886444e+00
5.185799296106902823e+00
-8.182490518360797438e+00
6.118038868530634389e+00
1.463405829448721551e+00
5.161779787026388178e+00
-5.296673722833078024e+00
1.392586883839937340e+00
2.509294407180075126e+00
-3.298766339032956463e+00
-2.069048273075066557e+00
-8.959679413391251401e+00
-3.689957247175921662e+00
2.683376015015629612e+00
1.985059212130035888e+00
2.447189378869240262e+00
-1.941623312735045070e+00
1.376849027258522540e+01
1.309108035596999464e+01
1.044777790970979936e+01
-1.259005990276625742e+00
5.045466813710064891e+00
7.837382892034148618e+00
-9.115400424368003129e+00
6.746194835967771475e+00
-3.193345368833643505e+00
7.336905796009113523e+00
3.500943233174032887e+00
-1.177023667101571114e+01
-4.562011571559116518e+00
-1.116297934627769983e+01
2.124669966354196138e+00
1.734241632023186375e+00
7.254848756311487179e+00
8.444227737112697696e+00
-6.920796747673954030e+00
5.919908717589450475e+00
4.784367716315636621e+00
2.225480164953038686e-01
1.333537450039140460e+01
-4.936986820141651577e+00
6.830854590262264159e-01
-4.873303990628485849e+00
-2.427567391786963569e+00
1.248008837848188080e+01
9.029621788028322271e+00
9.793006774733061803e+00
-2.519802264843231665e+00
9.533443902804375369e+00
3.569258695135611781e+00
-9.284813114533266187e+00
1.051078339497506065e+01
-1.751933700777348779e+00
-3.765523448809384721e+00
2.613112821468377422e+00
-4.338665749269452476e+00
-8.924206252794192329e-01
1.365118705670787769e+01
-2.215774327617366257e+00
-4.398240375152972170e+00
1.661853247934514943e+00
1.659887243964426551e+00
1.443203388580538693e+01
-2.044370231724935927e+00
6.725634416986468800e+00
-3.776636783914496309e+00
3.299392670613774836e+00
3.136359449914967623e+00
-1.543472253674524453e+00
6.087198894669640481e+00
-1.300650775032600848e+01
-1.749413014017293122e+01
1.444014314159945966e+00
8.584018038885108837e+00
7.296119377686021146e+00
8.403243441923512691e+00
9.291155711767293823e-01
5.894173924359411565e-01
1.069021891195174412e+01
-4.078922877298128746e+00
-3.540225106530716648e+00
5.643592932838409126e+00
9.618690357489454001e+00
-5.658859311875809261e+00
-7.625462108988457111e+00
8.053492983770138558e-01
1.067970063061811636e+00
3.393662890932170217e+00
2.648277165243328568e+00
3.911013001103404552e+00
-4.840155490406382377e+00
-5.454072426410571772e+00
-8.560820112693926731e+00
2.833769756290844377e+00
-1.510624239182076556e+00
1.350787402607355858e+01
-7.005065920477045793e+00
3.797475311994196634e+00
-7.219067157299027038e+00
9.853096264698406159e+00
1.749971852282667273e+00
-1.052239990796786984e+01
-7.252626489113969122e+00
6.108890321005603141e+00
1.427223832243620816e+00
-3.587192446327714723e+00
4.697306226106600313e+00
-6.680621302521613458e+00
-3.000297402292624316e+00
-1.026384921320513044e+01
-2.420061480749866600e+00
9.094262595401012561e+00
-9.253950113871388439e+00
-3.822444367376017560e+00
5.301479396410218037e+00
1.014845503278006866e+01
7.360699857746480390e+00
4.287701356974029210e+00
-3.299531167972602042e+00
-5.545937470882611464e-01
1.110412256920344065e+00
4.950480251001526888e+00
-2.130571907889486027e+00
7.384906516860107573e+00
5.059806135429380625e+00
-1.758035593082591497e+00
-7.969933721933649018e+00
-8.927792565085562515e+00
5.282398242302740243e+00
-8.639848859811378290e+00
8.082737421344019069e+00
7.944334494525870927e-01
2.396211576534330145e+00
-9.530798798437393415e+00
-8.489510340970188196e+00
-1.072611216674203405e+01
-9.152969673421427199e-01
-1.292995664259343336e+01
1.026844668892740664e+01
-6.287493557515754894e+00
5.221120317404942313e+00
4.703191838779587464e+00
-7.559907767899260556e+00
4.640024640800437083e+00
-1.130875737923290458e+01
-7.163241626170366416e+00
-8.908000797659331838e+00
1.423059017991106145e+01
-1.551014643226213963e+00
-1.171650658048243621e+01
2.022776520792076038e+00
-7.875072324621769759e+00
6.764774668775465294e+00
-8.369832054042086966e+00
-8.173423958252671317e-01
8.431366645445777408e+00
-4.088817672240410594e+00
3.769426924117317501e+00
-2.633014447585304563e-01
9.757040887645146654e+00
1.980720209364525308e+00
-3.361434900863250697e+00
2.392521948404404242e+00
4.825210102180107263e+00
6.620728448956603174e+00
5.952797006314456851e+00
-3.513527260116461104e+00
8.579058053439621023e-01
-7.691515234221774078e-01
-1.389048426377244905e+00
-7.316826225158084007e+00
-5.629035781611550604e+00
-1.389494360671953421e+00
-9.429357271209579672e-01
-5.346468373264617213e+00
-5.914698539179894965e+00
-6.237227704832117858e+00
8.550776426353655424e+00
8.101176113802164735e+00
-1.638927794023793405e+00
-1.105087335496165446e+00
3.647645545898498654e+00
9.862005104871212069e+00
5.157089616768320006e+00
-2.026083489769835433e-01
2.436634399832204423e+00
1.289951737518827990e+01
7.176834813879165331e+00
1.733744498363438025e+00
-8.397128269697946124e+00
-8.336975407525525128e+00
-4.376527749863105221e+00
-8.925379891552511324e+00
1.358132557304689403e+00
4.333550779633801309e-01
-2.136911962173112300e+00
-1.342362862890737196e-01
1.055047054244083737e+00
-2.572031459165254330e-01
1.151535303087822815e-01
-7.712881883835323471e+00
4.109404976002945631e+00
-3.163608923666757500e-01
6.948504766469060456e+00
-1.303473446479285647e+00
1.332638287805409272e+00
4.947451969572551178e+00
4.176146321714215404e+00
8.306894978913520688e+00
-6.416365627200724120e+00
-3.504754278105897125e+00
5.037544949478929723e+00
-3.385326638589919668e+00
-4.316545262998098487e+00
-2.036155513059922040e+00
2.648439960139008509e+00
-5.081202897325877155e-01
-3.297621558421258925e+00
-5.991256213581358736e+00
1.460747245223253721e+01
1.923395011161729684e+01
