1.468265624807747027e+00
4.256761154545309900e+00
-7.898530364134050075e+00
3.566762495542774580e+00
-6.598902010679134733e+00
-8.940454577324272734e-01
4.218836752301937665e-01
5.071154958943422386e-01
-2.336483706195040533e+00
1.601123753723089571e+00
3.418268417200278630e+00
-5.763866166073064790e+00
-2.481682527476606115e+00
-3.491041549019545887e+00
-1.429699477039445998e+00
7.079103195770524160e-01
2.446937120968094348e+00
8.303681025497091639e-01
2.487805704134092633e+00
-3.971926761412841955e+00
4.993739077275916927e+00
2.574282141253064093e+00
2.867689991540912864e+00
-3.552259570280532408e+00
-1.817239804380368806e+00
4.042538405967950332e+00
-1.834062560003175246e+00
-3.060011068262039835e+00
7.338087620763612540e-01
3.050086391722994783e+00
-2.760158273817325814e+00
7.039367733350159195e-01
6.173545399532699207e+00
-1.698119462534164459e+00
8.256101099098426266e-01
4.347747248888104821e+00
-3.362134762535090360e+00
-4.897371680482925704e+00
2.007689937134021108e+00
-2.315185202008315901e+00
1.180029907536850775e+00
1.639214825901792183e-01
4.714659410251977434e+00
-7.027956965240034215e+00
3.162974567893870770e+00
7.872482098461586197e+00
-1.373882505256676656e-01
-2.172497655220253510e+00
-1.661477406247730215e+00
-2.622785566442828120e+00
-1.316164318413967971e+00
-3.483888224128790512e+00
9.738696107650967049e-01
1.626261391915353460e+00
4.974896328295250747e+00
-3.508620546281212782e+00
4.521114933812627190e-01
-2.854511908001129861e+00
-4.119983293519786649e+00
3.719555447712731944e+00
1.898326845466046464e+00
-2.590199262094306398e+00
-1.882005792871428662e+00
-4.742730919884715846e+00
-8.764871449573770068e-01
-2.276218847349007035e+00
2.285517353729326295e+00
-2.217244827930585416e+00
8.236777427578499955e-01
1.855777181692649380e-01
7.026070012226750983e+00
2.595588279264315013e+00
1.405524462204858160e+00
3.994616782933593235e-01
4.814051948061456976e+00
4.485979129477096206e-01
3.336303823984879457e+00
3.585357753031534145e+00
1.554640726379302951e+00
-4.675904062156726937e+00
-1.992805746039095771e+00
1.273225054575256365e+00
-9.853857518739819188e-01
-5.275116392415998945e+00
-3.528001529969436945e+00
3.824814877750903452e+00
-3.122018880562731802e+00
8.325260626261345109e+00
1.035199344000421462e+00
8.092812651695802106e-02
-2.310134749169211243e+00
1.435759281909140928e+00
-3.560036319853207676e+00
-1.618815773797272151e+00
4.169416906180345439e-02
-2.676529520633017967e+00
-3.660541422638645237e+00
-2.188243678960358984e+00
-1.440320260193261426e+00
2.031581752931404417e+00
-6.071583771480128178e+00
5.829252030517100280e-01
9.944469746075472738e-01
2.084610303113046292e+00
3.215070765496479410e+00
-3.004433206526105238e+00
-8.327461809823990535e+00
-1.327725754245357770e+00
-7.188420016946808211e+00
5.278334862033986496e+00
-4.849030169713317129e+00
-2.415975896478077978e+00
4.493280579544240538e+00
1.505459977857933063e-01
-1.055737933784732796e+00
-3.849965606352537595e+00
1.998705492935451300e+00
6.153787539508528859e+00
5.757492438384188560e-01
-5.068367546026817383e-01
-4.945633208125729929e+00
-1.938322709822372758e+00
4.418785666158098202e-01
1.587895193746038824e+00
-2.139639879612528883e+00
5.193310694371377600e+00
1.793243757376039804e+00
5.962747401617271237e+00
5.708800056588820837e+00
6.712891378306947709e-01
-5.334139584762844777e-01
9.314497408446449356e-01
-2.674588257321328100e-01
5.023758737211890590e+00
-7.021523750452726809e+00
-2.216281493720671403e+00
4.314951199360190337e+00
2.208455476542330764e+00
5.464395205919825305e-02
-1.487421416920876815e+00
-4.558657547460663317e-01
-1.180212777160470683e+00
3.274203051440913281e+00
1.820858788601733336e+00
1.775641420833988793e+00
3.399496198585618689e+00
-6.434781183640028712e-02
-1.000189386187484153e-01
6.685206224271003084e-01
5.843490645891167290e+00
-1.088490695364239813e-01
9.886346745949737835e-01
-1.584228482112435277e-01
4.202622746197523185e+00
-3.195973262553344907e-02
4.585351086842607948e+00
2.927764638361340488e+00
-2.526284747931465624e+00
1.795288559814095741e+00
-2.638976542426571203e+00
7.352094136965967586e-01
4.732903023292559297e+00
-1.325176679322014106e+00
1.054618137256057242e+00
-4.620140591996037216e+00
-3.111478218287313524e+00
-6.050090325394646307e+00
4.136084403358997741e-01
-1.732799282458503676e+00
6.605984224307899222e-01
2.836952159723369338e+00
3.283851526105194818e+00
-2.476335444956891951e+00
-2.745077207712270706e+00
2.150152429347167438e+00
8.245729681980888515e+00
2.409854168491605719e+00
1.065475947074589813e+00
2.681657262683053711e-01
5.591613537066728590e+00
5.318586646194869871e+00
1.865708854188824040e+00
-2.120146526314118152e+00
-3.781147112509410935e+00
-1.578656743846078347e+00
-8.652929577604552280e-01
8.873751247999784653e+00
-4.978161014207427293e-01
5.657116883742652202e-01
-2.109910824656775485e+00
5.524999403880111792e+00
8.041741539479361212e-01
1.897997056781311365e+00
2.164892867676113219e+00
-3.111985545514659890e+00
-3.940984355043815501e+00
6.345615480567138311e-01
3.589077946632185601e+00
1.040201196886801682e+00
-3.882762111692496187e+00
-3.698257408621393738e-01
2.415316415024043817e+00
3.903129072014311696e+00
4.039353900032800482e+00
2.561310443464341891e+00
-1.813093891239442312e-01
1.688045239977710832e+00
2.488069513565460245e+00
-1.194848016733307317e+00
-3.507442884812125516e+00
-1.299970005474500701e+00
-1.485387109929440896e+00
-9.087745187823670356e-01
3.923255442629645984e+00
2.458853813346075778e+00
5.012742813831877475e-02
-4.803883491361264912e-01
1.842565581609612257e+00
5.124496328458982397e+00
4.715146745098565795e+00
6.546273338501046313e-02
-9.144806060508502421e-01
4.612797006272975509e+00
1.188751074773204852e+00
-5.911795483666098860e+00
-2.422148619746992804e+00
1.110267516439224611e+00
4.401749937307530836e-01
4.733492703115601552e-01
-6.252946526350946499e-01
1.862015156252213144e+00
-4.546359219184402889e+00
-2.728765450701665429e+00
-2.594561688257655874e+00
5.620902840423077862e+00
2.198847274445608679e+00
1.888075714057335652e+00
6.102709714376945982e-01
3.269986059990728222e+00
3.619398274970402341e+00
-2.355897475190797952e+00
5.517386616284596812e+00
1.010291079605560860e+00
8.159087137307375670e+00
-9.490129180263868758e-01
-7.692961623246418190e-01
1.595450169954506503e+00
-1.398200187612688827e+00
1.643505416571640065e+00
-1.409998446375636760e+00
-2.183507187283667772e+00
-7.099285181649267251e+00
4.473583792426201744e-01
5.929557308999680032e+00
5.688026859609530916e+00
-5.307971097235053115e+00
6.466960471030672508e+00
1.875954257443584128e+00
1.144427330701581758e-01
-5.215460707134367269e+00
2.533110707137372408e+00
-3.025171798938162571e+00
5.035714036981860708e+00
-4.357139267381453962e+00
-3.138568293154524458e+00
