1.682775705100905128e+00
4.346485084850731262e+00
-5.915256273732254044e+00
4.214087518705603053e+00
-2.417064546850533624e+00
-1.080783150429507344e+00
9.516195508053545415e-01
-3.541611316523081143e-01
-9.253460234972152865e-01
3.857706587618639493e-01
3.816854971147785491e+00
-3.817360086635635863e+00
-2.349091084549086883e+00
-4.142403180643430716e+00
-4.686817885751199952e-01
-6.541386068469100534e-01
2.691298319735775380e+00
1.353694610586492431e+00
1.420422550846855314e+00
-5.371329564169049497e+00
3.686468636199787596e+00
2.868586300696727154e+00
2.214269472435484332e+00
-4.950804258502236266e+00
-1.645436034682773219e+00
1.529024874285833224e+00
-1.824385517779702592e+00
-1.728042665761876373e+00
1.946121686691516306e+00
5.836400102988345218e+00
-2.068613191034049503e+00
1.186232870512265114e+00
3.732821169332213085e+00
-2.391405664016563293e+00
2.507110622982542392e-01
4.093201393669886556e+00
-2.921252197698946951e+00
-5.712616329164063700e+00
-9.633303452172650161e-01
-3.110704548361647337e+00
-7.653996906975735204e-01
1.679378375132483114e-01
3.304024426398530778e+00
-6.132437946497135250e+00
2.886872626983627566e+00
3.530876640281158441e+00
-1.668871747860018573e+00
8.277193995776381819e-01
-2.063875986565228970e+00
-2.119116229837738175e+00
-2.319875884536057420e+00
-1.635382310333755029e+00
7.237763365238092383e-02
3.693376467125000673e+00
1.125096280724156461e+00
-3.797732910121359939e+00
-6.475976654695737578e-01
-1.329802956729075225e+00
-2.793722421546744439e+00
3.953781191107698767e+00
4.933457444837709982e-01
-2.135155701194422218e-01
-3.820710929381347043e+00
-6.159618922301117294e+00
-8.984278052228140687e-01
-2.127820042373247400e+00
1.627519457633668454e+00
-1.195528386491257367e+00
-1.334145115130001003e-01
8.374436392751122282e-01
6.693443544536780365e+00
2.785854708309824623e+00
2.506077954612641712e+00
2.143316871051351713e-01
1.032978562219414309e+00
-1.118502083454210316e+00
4.152351538953182875e+00
2.710796498042975067e+00
1.427904054266269762e+00
-2.373518650471545310e+00
-1.137357551901153840e+00
-3.391481450907747885e-01
-1.007298880940541874e+00
-3.183024441340281729e+00
-4.182208688463759927e+00
3.172422679076664753e+00
-2.024427216639026028e+00
8.277528779002887305e+00
-5.953603036609667054e-01
1.681053820329927229e+00
-2.495242878225690575e+00
-6.323013758708240228e-02
-3.246252856581977486e+00
-3.872447949665088096e+00
-7.162300398596627149e-01
-3.093332246373470262e+00
-5.678842967588001223e+00
-1.200185472281261712e+00
-1.604315312402184279e+00
1.667961729878024935e+00
-4.212059502422026647e+00
3.166981699756231450e+00
1.755028448972628885e+00
2.247016819952305511e+00
1.254324870348999532e+00
-3.562386595059105598e+00
-6.779832566311232434e+00
1.237793987041685861e+00
-4.283733598889920557e+00
2.619790877111726424e+00
-1.639009729717550101e+00
-7.498709947643407148e-01
3.254832206714422860e+00
-1.763393681851510131e+00
-3.811104912401491074e+00
-1.991771231058999003e+00
2.519351066072816892e+00
3.050674932168552012e+00
1.315884069137883916e+00
-2.208519599605712536e+00
-3.812855612911497882e+00
-2.281517824406771311e+00
-1.091505005376117055e+00
3.858191356485740187e+00
-4.483073784208999157e+00
3.978539484603389020e+00
1.584120405712422741e+00
5.003805280363869734e+00
6.191152729529503240e+00
2.270404852441494370e+00
2.660788386911124626e+00
-8.532514475592678505e-01
1.736228076386320929e+00
3.759777469832403796e+00
-6.982221954505391182e+00
-5.086432532786904215e-01
1.739192531517708806e+00
4.358982730907903225e+00
8.233065576710478783e-01
1.558537198132826651e+00
-1.400191953543533874e+00
-2.340145391096744465e+00
1.088834492344370464e+00
2.034166479987271181e+00
1.267600699321306035e+00
1.366967769519202403e+00
-1.557813807525212368e+00
7.065626345633380101e-01
2.850801247604382471e+00
3.741874987547616271e+00
-7.787911331412418203e-01
2.536246940953471807e+00
-5.905741790428438165e-01
2.168474165702368506e+00
-2.722191851118562322e+00
2.781395989947600178e+00
2.786095471817774616e+00
-2.420432507316004234e+00
7.824645836756265460e-01
-3.718932603182995678e+00
1.597101252237386415e+00
2.641415516579592726e+00
-1.066409507036524706e+00
2.500056672467829699e+00
-3.803676268609346156e+00
-1.340338336249025986e+00
-5.803519776045331646e+00
3.579861658246613620e-01
-1.311603527928150381e+00
7.802513361327548802e-01
2.694338138087810197e+00
2.985075645022526203e+00
-7.569744030590622730e-01
1.518085039887143439e-01
1.559159350037266245e+00
5.528848025306138503e+00
6.969860518688377748e-01
2.923379028507321564e+00
1.882095948505281835e-01
4.052616753491373736e+00
5.607955681575106155e+00
3.208077506309942706e+00
-2.555209562008706747e+00
-2.567022626308846256e+00
-8.617861407242928262e-01
-4.232102203848875810e+00
6.322483916901879830e+00
-8.748730198748364550e-01
-8.108056061801907077e-01
-2.104809280051175957e+00
6.322041586392508350e+00
1.834134984365076937e+00
2.543738743874223829e+00
2.412748832572598534e+00
-1.498648248088824797e+00
-4.310524629614573833e+00
2.103385970342867228e+00
7.815520190601934480e+00
6.754590242296756308e-01
-5.188609850511946675e+00
-2.197793175114129749e+00
2.516064677109364212e+00
6.357404459677481690e+00
3.689830758009664535e+00
3.029436432301267690e+00
-9.398652765736559278e-01
1.014092711140284653e+00
4.958568822994499747e+00
5.549112095390054122e-01
-2.358232760874176215e+00
-1.472773810549816487e+00
-2.407244437614187493e+00
1.020927616279165839e-02
4.429335510757444361e+00
2.943616868853552226e+00
-1.805344596650365396e+00
-4.645765155799838064e-01
2.109096155720785237e+00
5.799736218800184417e+00
4.778314206345700477e+00
-1.629881408995740077e+00
-2.276215263181669446e+00
6.711229253941133344e+00
1.467607418214319281e+00
-7.604692477601259881e+00
-1.497121712109494851e+00
4.354608671783336327e+00
-2.369001974335672056e+00
8.813952287219463111e-01
-7.140144607702099133e-01
-1.181984136005755914e+00
-3.660266821775687962e+00
-1.450267959361529746e+00
-3.609264462222848913e+00
5.452540630243166930e+00
7.966369699852660080e-01
4.119490128549704977e+00
2.064051804925379763e+00
5.000812621129277602e+00
3.098230032144413393e+00
-4.491121060395152353e-01
5.912308412171219274e+00
2.605051917432289477e-01
8.020522373008491357e+00
-1.592136999245471696e+00
6.648838428450263294e-01
-1.323405573484638609e+00
-8.211853551874658264e-01
3.363787452213937712e-01
-7.889547733546000696e-01
-6.156328312089910382e-01
-5.627467885673689274e+00
8.302681989310625177e-01
4.735030239730951607e+00
2.688466658461753145e+00
-7.165895680678686652e+00
7.681411757106554994e+00
2.372741270349437159e-01
-2.090618002947457477e+00
-3.358996960437932167e+00
2.192855621463686955e+00
-3.966669323343637643e+00
3.865982277786776500e+00
-6.808769910064388142e+00
-2.741404270197767001e-01
