-3.787611989152825487e+00
-3.223500005446172434e+00
2.045313715539878174e+00
-1.143160654468903914e+00
3.394360812986597087e-01
4.496992490167602163e+00
-1.585303165852170570e+00
4.119820982177705981e-01
2.426019989321642534e+00
-7.069333023869546651e+00
1.805415235283808206e-01
-3.496458879614027904e+00
1.690681532456235425e+00
-8.189830373877024172e+00
-8.173859416624976504e+00
-1.328296307121264341e+00
-1.339948193547973343e+00
-2.059849584921118026e+00
-2.544076254352381827e+00
9.792102518342875594e-01
1.636598428588764698e-02
-2.205999301734842710e+00
-1.128525836379754343e+00
-2.586119248468860654e+00
5.293635000372328037e+00
-3.192620471017440398e+00
-2.978907782250720615e+00
-6.646229601450436064e+00
1.755852495815056979e+00
-4.354419052014786296e-01
3.451329799918428698e+00
-5.244204304977603925e+00
1.802323834941240710e+00
5.573108094648522304e-01
-3.499000084837212032e+00
2.368769926119961955e+00
-4.124028611256921550e+00
2.081187550318051915e+00
-2.214339426275848122e-01
1.949105838674422220e+00
-2.302460225794392468e+00
-3.473500322905596072e+00
-2.711130361260815747e+00
2.210893006060596910e+00
-6.076713008731246646e+00
2.785401037984431394e+00
4.397005868533248041e+00
2.954006647784944484e+00
-4.162905471623329912e-01
-8.423009305899423205e-02
3.108292573643959833e-01
-1.529413181852436354e+00
2.424828615637309781e+00
6.554075500058160308e+00
-3.843582445069397835e+00
-2.772058698703518398e-01
2.675222239521504619e+00
2.621939980389059066e+00
-4.991229980020819745e+00
-6.948418878210718130e-01
3.907506006107806407e+00
3.888505537318308614e-01
2.405958193042581517e+00
-4.638344704565853238e-01
-1.253196304379827541e+00
3.355054946966780083e-01
2.936626175764724955e+00
7.008406087989091926e-01
2.782213330975920940e+00
4.791371121765328756e-01
4.033783346466040420e+00
-3.068167324500322479e+00
8.868702393328606881e-01
-2.199889850886040055e+00
-2.403045101531556593e+00
7.431702224118856837e-01
-4.854474436951390359e+00
-9.229476689344885687e-02
6.902034183707397297e-01
1.339012851026046613e+00
-9.123858285474930607e-01
6.584781499504423152e+00
-1.562816496884711359e-02
-4.852567152866253508e+00
5.434915603557683994e+00
-6.239977621164150889e+00
-9.792645678338023352e-01
-5.630406586987555251e+00
1.433091292945250395e+00
-1.339590873342026978e+00
5.775745299503132202e-01
-2.190475513927049533e+00
-4.734242315271679935e+00
2.507598156398754830e-01
-7.850901553443120129e+00
8.220928670621132639e-01
1.901307162465752043e+00
-3.499606709072896837e+00
-5.363880104026259588e-01
-7.830578719722194325e-01
-6.032538985612180937e+00
7.911126493840409113e-01
2.880544920809579246e+00
-8.028062688273432945e-01
1.000653554106380128e+00
3.798941301361558942e+00
1.004450626581837591e+00
3.591627536169262669e+00
7.252107589626192841e+00
2.199645305101986636e+00
-4.683430772150138921e+00
-6.735483623828177002e+00
-3.716074455742168769e+00
-3.776181698312321089e+00
-4.797608494297765702e+00
-9.465735589892181334e-01
-1.493776912829784531e-01
1.024696448012067940e+00
-7.454347516345949387e-01
-1.840760109072385076e+00
-1.589135996086360247e+00
2.086090373213519200e+00
-7.111501400790413152e-01
-3.572036558855781863e+00
-3.171627445339852969e+00
7.697015362837172914e-01
-2.080838001119647895e+00
1.856071349096139800e+00
9.114825408366700188e-02
-6.687861384422685518e+00
3.253164547588990985e+00
4.530992186994320825e+00
1.296017613338307006e+00
3.756580876437991101e+00
4.409328922539063278e+00
1.246257884825493489e+00
5.633916790309244860e+00
9.808077988432641892e-01
6.992601171460488096e+00
1.591006391377738804e+00
-3.494129841980010642e+00
-1.133500295799052759e+00
-1.270347253206735028e+00
1.961682963726510687e-01
6.542884951413913130e-01
-3.953412699144612574e+00
-1.275735936162827544e+00
-5.254500996744343233e+00
2.388147838615346963e+00
4.084771673360303446e+00
-3.038715277817233495e+00
-7.548711559951431838e+00
1.078909837343758227e+00
4.292848522256734078e+00
2.304344410187280978e+00
-4.767416141778314298e+00
1.739258957943738526e+00
2.968934754285596611e+00
-2.574962231468562734e+00
4.558851154925315008e+00
-2.385372411366949219e+00
6.280981973833119625e+00
-3.841504600416817627e+00
2.562012588384158462e+00
-3.989155393896261614e+00
1.092467191579657326e+00
-7.321283205661648807e+00
-1.198341435727632298e+00
-2.380551093048614231e+00
-3.892700750165142276e-01
2.020847087125778874e-01
-2.770546335769858537e+00
-3.658833517421676174e+00
-2.130645210184911320e-01
4.036976878119803658e+00
5.513446505626848015e+00
-3.287909810175736192e-02
-2.345621327985950799e+00
-3.041173694958326790e-02
6.009831756108709122e+00
2.158353516171771513e+00
5.683300723663006870e+00
-4.028092449765918737e-02
-3.544891194128136025e+00
-6.242473974204289178e+00
3.706535159485579101e+00
-7.259118439216695862e+00
-1.221020518579081893e+00
5.173769453463029855e+00
-9.781704066976563139e-01
-2.462459238402864958e+00
-3.365343237758750217e+00
-3.072155160938891960e+00
-5.215370273789130984e+00
-2.699962383006845101e+00
-6.172093564983484271e+00
-2.658522774591692839e-01
-5.469947608790324267e-01
-5.234905849901901220e+00
2.561805998157342223e+00
1.812277686719774739e+00
3.007987725525580025e+00
-3.596127713800378878e+00
1.984562005524903583e-01
2.056939060983872469e+00
-2.997165876494249037e+00
-5.402052955440744597e+00
1.061176122251956677e+00
-1.137529475448199934e+00
1.219808160685311282e+00
-3.737286213641852761e+00
5.302343633825146174e-02
2.233028677584686150e+00
2.449492847982996047e+00
-3.553812386688592451e+00
2.724425113926259634e+00
-1.233408586002713747e+00
2.191950515951182510e+00
-5.092268336584597321e+00
4.238770260462389139e+00
-3.699947587236765312e+00
-3.114200691803930443e+00
2.178501586317941552e+00
2.881991759358870642e+00
2.204930818837550710e+00
-6.711463637944907745e+00
-2.593990814727382244e+00
6.258637145046964001e+00
-5.663005062855632765e-01
-4.853568745064936962e+00
1.492254341507421200e+00
-8.976968689444423388e-01
2.178866394175702492e+00
-6.233940548648894131e-01
1.673279418602336088e+00
3.463851839108022190e+00
8.059090516744831234e-01
-4.997186375623706489e+00
2.809920037697679618e+00
1.037406635936997557e+00
5.566650650326140592e+00
-5.036273545752153247e+00
7.909010461383283008e+00
4.702594215131744804e+00
4.635528113543863071e+00
-7.109917715718092612e-01
-7.483583247570501085e-01
1.649847061729980524e+00
-8.485165565976985347e-01
-5.106916522278202919e+00
2.840451977825271257e-01
9.442632851521344239e-01
4.700027616720202417e+00
-2.673652355773779909e+00
3.060095854209778921e+00
-3.271515429633827576e+00
6.013133905538814439e-02
-9.096381214039951368e-01
-2.215240075081933990e-01
2.863573961305661886e+00
1.066842793270262879e-01
2.740681300876369964e+00
2.501640203934336171e+00
8.604726848332798994e+00
-1.914851990179293750e+00
