1.728728647788987383e+00
-3.745616167829047161e+00
9.142951110998453146e+00
2.503418378781847586e+00
1.448798960088529819e+00
9.924743979407829597e-01
1.327280081514384147e+00
3.195347097127957614e+00
-1.133732890332009191e+00
2.858504295401744777e-01
-3.073887046057026673e+00
-1.071009286460820054e+00
6.101021644853013903e+00
2.419371887396826182e+00
3.803556838386615846e-01
-5.703813852982741572e+00
1.160509490042094666e-01
-4.260600513330631500e+00
3.065348647437362128e+00
1.314718750093046840e-01
2.139664573558173188e+00
5.257936700304167488e+00
-3.174397709505823784e+00
-7.770386087929954222e+00
-5.627375079138019487e-01
-3.683149916280269665e+00
2.972442472200466312e+00
-2.841549423074706482e+00
3.559325308971009183e-01
1.647658319804474081e+00
-6.497957060220606706e+00
-5.562192501612510664e-01
-1.094889932391938547e+00
-4.163184273695522464e+00
2.756036842951748334e+00
4.098187110948846801e+00
-4.498329013878886506e+00
1.576502618137181955e+00
-5.594447128010198611e+00
4.156738853039853687e+00
-6.832439301862178738e-01
-3.947743673936681130e+00
3.032827685738008316e+00
3.463030221217621829e+00
1.976431176492560837e+00
6.024136528157810311e+00
1.600112605743262861e+00
5.984558290750851661e+00
4.110652443021799440e-01
-1.218676714015646034e+00
-7.433255306259288098e+00
8.138106847292054802e-01
2.609921142013714057e+00
3.517316551391064805e-01
3.892960662757347645e-01
-1.042684802132453958e+00
1.776145189434182647e+00
1.477913355894667324e+00
7.119966336800459539e-01
-9.052532647344273542e-01
-3.015622273680455212e+00
9.687842734736516803e+00
6.035047721051394198e+00
4.507407457545873797e+00
-8.927851640040893599e-01
-2.960373172460715185e-01
3.652671909603132150e+00
-3.820837967415604108e+00
2.551771499138721033e+00
-2.026716519934253391e+00
2.769869243606497111e+00
-1.043265819281110396e+00
-3.602057667815762976e+00
2.190142996802939113e+00
-2.877012289825186642e+00
1.093762621114414912e+00
-7.142123652532079703e-01
-2.372538033305930938e+00
-4.137402294340166264e+00
1.258774881713585481e-01
4.346755463950407794e+00
3.603963536480489616e+00
-1.751578456451995391e+00
4.935265744234878404e+00
5.266686051020888826e+00
1.277217398503140977e+00
5.831457611765891613e+00
-1.127352951675737680e+00
5.907199840847604300e+00
2.100242058524615985e+00
1.298915417495650981e+00
7.230020704674564591e-01
-3.515668570939519899e+00
8.618183863968020830e-01
-5.356044777392075851e+00
2.051814538659312070e+00
-5.841100918192156932e+00
-7.591527831912051383e+00
-5.102148398707930799e-01
-1.396000937031113720e+00
-8.239182530631883328e-01
4.952928504256487230e+00
2.821716168650619139e+00
7.129690390776095565e-01
2.485542743808261790e+00
-3.989045487766111897e+00
5.247562717304625757e+00
3.612223268678101284e+00
1.063943345274282581e+00
-1.400573950281075897e+00
5.432264793543034820e+00
1.858019086881077309e+00
-3.644285009353143590e+00
-3.020751425457597339e-01
-8.357702972399694730e+00
-6.474446301774954726e+00
-2.011418159655295579e+00
-2.206364646364472382e+00
4.639862432265550396e+00
4.794895659341709582e+00
1.678525757998356571e+00
-5.358807706027828299e-01
5.091037934785394015e+00
-1.838755934348704102e+00
5.292911156768554726e+00
-3.749507779571075172e+00
2.155473243397838079e+00
-2.273922912087680270e+00
-3.941804597179381808e+00
1.433690439785174853e+00
-4.201139654270241053e+00
2.583573745081973350e+00
4.004029549738067573e+00
-2.951935442757194217e-01
-2.056243241135836008e+00
-4.711628539699449725e+00
-2.918870092244973957e+00
-1.630501926599075668e+00
-2.714934580309296575e+00
6.259689445109410499e+00
-1.014620762615397886e+01
3.690450622850975027e+00
-2.178550622096550260e+00
-3.917094928676612131e-02
-4.321103249219399589e-01
4.597183581697069643e-01
-1.198677175090775826e+01
-7.313599539847108755e-01
3.343517555096378047e+00
-6.013262109417127910e+00
1.341042736758451870e+00
6.629388181068779362e-02
1.744199259353849119e+00
-3.109599967629886663e+00
-3.309955060344371702e-01
1.329120710556943585e+00
-2.669826163282264631e+00
-1.132029884456177582e+00
1.271468700640270066e+00
2.224191030374993994e-01
-1.140700423450127010e+00
-1.280352827728197029e+00
5.113019508771534660e-01
6.137202312290661599e-01
3.912061539836600987e-01
-1.371576418510755957e+00
-1.404959007716686692e+00
1.953981106506148979e+00
7.245141096630578481e-01
4.452787012152267465e+00
-1.069461388268778901e+00
-4.850539074836189180e+00
7.076784828972917385e-01
-2.221055448761476647e+00
2.131738825572992990e-02
-3.131828187288012266e+00
-8.894464817478617835e-01
-2.354760368514047464e+00
-9.094743052968681241e-01
-5.252780906881723944e+00
-3.858828066973020388e+00
-3.418492509308780902e-01
8.061060577520431925e-02
6.706256474785466937e-01
-8.083576312543293563e-01
6.904647781870792755e+00
2.609795905735755372e+00
6.064296043983402607e-02
-3.562691128952993669e+00
-3.015548756439062839e+00
-2.216092301140251131e+00
5.513524872722885384e+00
-5.369179233690682729e+00
-6.366043480590631631e+00
-1.272409924946324988e+00
2.380195263025935981e-03
1.555769339643985560e+00
-3.625760492360676324e+00
1.175456575912279034e+00
2.448428116109832686e+00
-6.320215145197826123e-01
-5.929978915075142964e+00
8.137950641921081196e-01
2.507007488280222685e+00
1.963789252312133415e+00
-4.842439743806267183e-01
-9.955835809864179708e-01
3.304275553472965754e+00
2.362790043978808541e-01
5.416601541878239168e+00
-5.220291682063538552e+00
-8.252653351824190686e-02
-4.460532093952254140e-01
7.584555116894452498e-01
-4.080245781668514482e-01
-4.990344787529522819e+00
3.361153508603644813e-01
-3.483211256961337821e+00
3.330095736795278261e-01
1.045924912421393183e+00
-3.951336810854573223e+00
4.631369990949045778e+00
3.341247261273414093e+00
3.114842526415025237e+00
-1.663867740264284967e+00
4.730331658798638372e+00
3.675240424359056401e+00
5.455750743645199741e+00
5.849796185912744306e+00
1.258367509122471639e-01
6.866824834861669835e+00
-8.225417074932175332e-01
2.059203817220830679e+00
-6.636316548504299639e+00
-6.105149567404894562e+00
2.526645626518010390e-01
-3.109001488147224102e+00
2.056324591426595738e+00
-7.704723823630937884e-01
7.407907782520872786e-02
5.026249776369684952e+00
-2.103440593168524053e+00
-7.007583648748950678e-01
1.997053409161581472e+00
1.225431599204664712e+00
3.136252798886680182e+00
-4.258937396251066154e+00
-1.518559912268751422e+00
9.564677738334961266e-01
5.443701386563448708e-02
6.356494027390872326e+00
5.909841665565136459e+00
3.045358461319767507e+00
2.599594436000678854e+00
2.991765551335329398e+00
6.948399360906757360e-01
-3.448043370461013057e-01
-2.301764867383325530e+00
3.381990991450996908e+00
-2.458822277506107046e+00
-8.027211900522139842e-01
-2.790623461523381366e+00
-3.076385059946752154e+00
5.560513630026600040e+00
6.812116263182930176e+00
