1.785903939503128646e+00
-1.302210883582726630e+00
7.998607926376776867e+00
1.628800435538263258e+00
1.870774167400873988e+00
1.417261643049994024e+00
1.797342314359180904e+00
3.385248878351633461e+00
-1.141366511382387650e+00
4.997188457918643745e-01
-2.920041205749409841e+00
-5.186384783236601681e-01
6.100097549747767189e+00
2.170168369289354970e+00
-6.975916806679784976e-01
-3.568043911258305556e+00
3.214669984501752897e-01
-3.911529045594164256e+00
2.034866807608155082e+00
1.287589799148413316e+00
4.096072364632606266e+00
3.621134893149238199e+00
-3.019004400640611152e+00
-8.330552796064266019e+00
1.509262625020069692e-01
-3.702181177402739554e+00
2.957277552212103089e+00
-3.135975885158257093e+00
2.086926773623804521e-01
1.082703081937906653e+00
-5.503498581712870319e+00
-2.451193811006165735e+00
-2.568911305532594280e+00
-3.211676514005875838e+00
1.748914598029019940e+00
3.033876286146842016e+00
-2.935894406516576183e+00
2.559966603530899221e+00
-7.189461793489098973e+00
3.436608290702372059e+00
3.095167071402377124e-01
-3.866086407487829391e+00
2.526919645512861745e+00
1.593910443140812205e+00
1.062861812015614138e-02
6.031614060390692700e+00
1.007675603197165426e+00
5.311378404978057688e+00
2.340724029053858235e+00
-3.279589844711241486e-01
-6.672375586697204319e+00
2.711716729229812106e+00
1.227528555755992734e+00
3.380831527738921150e-01
2.395978514069958987e+00
-1.550253250230288149e+00
8.134587084049164085e-01
1.393242962410110142e+00
4.761016827568405052e-01
-1.309564841179808869e+00
-1.864444826872958538e+00
9.779568321295522892e+00
3.980243820898504481e+00
2.679129889560522670e+00
-1.343667859508757556e-01
-1.343896034341704571e+00
4.068203153419698737e+00
-3.041111889296265858e+00
1.042024477307436081e+00
-2.964159542480835352e+00
3.783989318113403666e+00
-1.173900884181544035e-01
-4.374270106736209307e+00
4.180348053030169098e+00
-3.267058945423696237e+00
1.068881265409511450e+00
-1.053325117010528000e+00
-3.755007942214945160e+00
-1.852841393653976487e+00
-1.196780824914556618e+00
2.792661491869983248e+00
2.768181109478433211e+00
-3.340788053663912738e+00
3.832956629819315619e+00
4.461108124041167855e+00
1.806858102337331129e+00
5.638469354229657782e+00
-5.118643206570789861e-01
4.567149940591135326e+00
6.717518680465776049e-01
5.898831481192488013e-01
-5.273583825338881148e-01
-2.700537389279016764e+00
2.201437371806850507e+00
-3.113688129467025778e+00
2.133448681267471780e+00
-5.763008228263544197e+00
-6.182813228082255641e+00
3.622764915624232529e-02
-2.029599373233688553e+00
-7.590653746617576081e-01
4.192837843127153796e+00
2.446626468270888921e+00
2.715931058566746437e+00
1.140477400805149255e+00
-3.491471740012161984e+00
4.864651825906526561e+00
4.704663363138615217e+00
2.257661914524020208e+00
-4.795184951640484305e-01
3.834296416914370287e+00
1.140346748891831519e+00
-3.123084023329913084e+00
6.185983461159647590e-01
-7.243551480903088979e+00
-6.634408640328566698e+00
-3.745569897509281265e+00
-3.156227200247858633e+00
5.711233158280345279e+00
5.061064656058436917e+00
3.448706933251987072e-01
-6.530403526918654444e-01
3.126093377896656200e+00
-1.438041147161031486e+00
5.564159042863031424e+00
-4.429921316069612480e+00
1.696941076746785404e+00
-2.921807984676289216e+00
-3.714851370303728917e+00
7.076212216367057106e-01
-3.493347718050154427e+00
3.570412353325849608e+00
1.007804976030836963e+00
-9.324930392706276550e-01
-2.146602134664357564e+00
-3.001358282898312968e+00
-4.731137423200382663e+00
-2.153459269331978732e+00
-1.300004120323005274e+00
4.756942910468266561e+00
-9.776840418722526849e+00
4.339123570677744901e+00
-4.081077837552023801e+00
-9.991715748447596024e-01
1.192968698091562141e+00
-7.600717816388719017e-02
-1.020406063713618039e+01
-1.594389620325113111e+00
3.094294443358926561e+00
-4.744416855220516815e+00
1.635225772851845338e+00
4.213559105675779293e-02
2.573005239597830673e+00
-2.777225241369615905e+00
-7.184659242471229668e-01
6.076100315010735109e-01
-2.809676573111046238e+00
7.288106828361550216e-01
1.180473409118786066e+00
5.493906837399542553e-01
-8.503458766870796159e-01
-8.154732374215833968e-02
2.360417683577785142e-01
-8.419049783278952370e-01
1.197644045520252831e+00
-1.248871917759878158e+00
-1.072362034475712322e-01
1.469346606468501459e+00
-4.879408967335263636e-02
4.504364698043113791e+00
-6.615942961528586963e-01
-5.204892366873152376e+00
9.114602197131085326e-01
-4.171927051173655698e+00
-1.925646971044298938e+00
-1.910821693148943456e+00
-2.192096149378172765e+00
-2.713090080622433842e+00
-1.061260778552135742e+00
-4.584816933572497533e+00
-4.232344055883307199e+00
1.177005032352489433e+00
3.296031532825312582e-01
-1.907213502180510112e+00
-2.084640166915643800e+00
5.407985885201782139e+00
3.418052767078669785e+00
-1.180034391892813117e+00
-2.766698324588152236e+00
-1.621914007296918481e+00
-5.670929488910576577e-01
4.962284234567474250e+00
-4.964006351934626693e+00
-3.719506738477411201e+00
-2.789418680717522303e+00
-1.662259686375779921e-01
2.225278435362806562e+00
-3.901352755591994903e+00
1.396209109491683753e+00
1.147346339517592018e+00
2.285571592345028158e-01
-5.182014114533865623e+00
-4.767602376902038142e-01
3.291219885100783671e+00
2.110895145582621701e+00
-8.259112156526943194e-02
-1.174080996528733101e+00
2.854578229062786576e+00
1.218167073395790334e+00
3.296888794598247241e+00
-4.885197632482287666e+00
-1.162230566779090646e+00
-8.327262172291026721e-01
5.501711036321210724e-01
-2.601665781482484174e+00
-7.374682809332234967e+00
6.840374936045268139e-02
-4.244480966030120150e+00
-1.514801099663036110e+00
1.629777187702968755e+00
-4.112456070754877402e+00
6.283680177039078885e+00
4.037975487247500439e+00
1.711660104850294628e+00
-5.338105594509547913e-01
5.134885412985556563e+00
4.137318732135682353e+00
3.976993505141567908e+00
6.240647574552564691e+00
-3.495910790442057214e-01
7.747014062437726167e+00
-3.259563731047674384e+00
1.408823627493619002e+00
-6.155520529584465272e+00
-4.757732199161269548e+00
9.366395906249469494e-01
-3.692644720081880383e+00
1.523806386034406657e+00
6.464856821278466281e-01
-8.374842529227138899e-02
6.347983825330496543e+00
-3.092653298614975732e+00
3.846778131736818818e-01
2.285551816095727773e+00
1.105325927769334804e+00
4.068659357226807494e+00
-4.826384164455165049e+00
-2.211305848771059512e+00
5.584503347110231219e-02
5.530708216566312396e-01
7.484126136432738718e+00
4.531626874982968012e+00
3.300748529699313760e+00
1.274926839179616911e+00
3.192201604799140391e+00
9.377953191112400333e-01
-9.035815543155312213e-01
-1.166667401129419801e+00
3.687280931588159838e+00
-1.778010473207055631e+00
-1.446096306080505656e+00
-8.256446749372355898e-01
-2.425926114759655139e+00
5.058267448961145440e+00
6.961168678647977615e+00
