1.682426458851855822e+00
-6.367354050853025527e+00
5.141382054611812968e+00
-1.391420693179838519e+00
9.388720895662383548e-01
-6.071088277703993619e+00
1.964361731932114497e+00
3.008101924920188797e+00
4.822828385021819209e+00
-1.424594300443715600e+00
-3.650964308093563315e-01
-1.290432905809225694e+01
4.018900279326363290e+00
-1.249793418395743316e+00
-8.812309486808713732e-01
-1.766873879358331623e+00
1.279645329701119660e+00
1.055793609015177204e+01
-1.832469572482875675e+00
8.633431318949287281e-01
2.216264423799071959e-02
7.935074560056060378e+00
7.526970921402015291e-01
-6.504367706301479757e+00
-8.852737963152092604e+00
-1.053029843060257953e+01
2.435867741857562774e-01
-6.368802188090052496e+00
-2.461230114709714312e-02
-2.461144382592317381e-03
3.185767848193671092e+00
-6.191379802456806303e+00
-5.946766248865132942e-01
-3.046723732895768144e+00
-2.408213687396038249e+00
3.063753954034305949e+00
3.725360481022225834e+00
7.669973095384758466e+00
-3.823290331083666782e+00
-1.120856341734268469e+01
-2.340806289013062091e+00
-1.223957029086214066e+00
-1.973577303348358791e+00
-5.664369762608530978e-01
-6.009477533104584657e-01
2.991562162450109863e+00
-4.257443837174651691e+00
2.513615281075993746e+00
-6.654445027498928411e+00
1.413807508031483362e+00
4.800804568381134563e-01
6.517722243070571686e-01
9.075078203945954769e+00
4.686466732013445657e+00
1.155676519095336374e+01
7.733324242876444821e-01
1.318622176143636970e+00
-8.812179999646609474e+00
2.828033597135283461e+00
2.546874395489577836e+00
-2.144209765469791584e+00
-5.674045551405441756e+00
4.451402831026578077e+00
-6.593047514702122136e+00
-3.165777366241592783e-01
-1.526723521992749522e+00
7.778397475376662706e-01
9.000270551163241706e+00
-2.268342219845109309e+00
4.536008700806966054e+00
7.606060843330990640e-01
3.372537285501173265e+00
-5.305912253976132753e+00
-8.096431122912792766e-01
8.008125785788109852e+00
5.526586541096327743e-01
-3.470518213256430062e+00
2.101971703759577981e+00
1.706414509539238455e+00
9.694441019464656861e-01
2.328571642474049241e+00
8.095648720059964276e+00
1.592213988277564107e+00
-2.963665831578394250e-01
5.784362627813368629e-01
3.946324526104909580e+00
-2.769302103708721763e+00
-8.439344211861090628e+00
5.094805128095507563e+00
2.120313953956677544e+00
-4.142313100652941671e+00
2.384907666056304443e+00
-5.238211031111445593e+00
-4.147338938555364507e+00
-9.450007242662341156e+00
6.557422162002710109e-02
1.669936979015603562e+00
-3.071395263948213383e-01
1.714293494306764032e+00
6.773228391427460693e+00
-8.653188973152513341e+00
-6.223294879648664235e+00
1.573838824341984299e+00
-3.819212356670494302e+00
-5.278025550291221002e-03
1.997792622991084066e+00
1.397662237686332798e+00
7.540417382063011154e+00
3.304936887645456789e+00
-1.821076428914158107e+00
1.797998371960871200e+00
-2.014778983359406972e+00
-5.074539020550228319e-01
-5.067544279386179795e+00
2.719538471018390080e+00
-2.881293159064427734e+00
-3.808052685042338847e+00
2.375241960509856476e+00
2.436117959046738335e+00
-1.047476494183416662e+01
4.836847615629640273e-01
1.904183548620466127e+00
3.824098774635092735e+00
1.779119001469935624e+00
-6.510305421975112417e+00
1.347711291969538205e+00
-6.582826803554070239e+00
6.984783507105586153e+00
7.935888830494577384e-01
-6.656390752411621925e+00
8.843925235269606278e-02
1.689702049727740851e+00
1.124408844441620126e+01
4.149975118225504467e+00
-8.083011752442201825e+00
3.681593089788747442e+00
1.441733080071410988e+00
-6.574466311385010364e+00
-6.787422911129707082e+00
3.637790428499668161e-02
3.833548298263969034e+00
2.356593662583560622e+00
1.294875498080911846e+00
2.192369523304559920e+00
5.198032142553998369e+00
4.243596452004611663e+00
6.110333390098434236e+00
-1.515128296549578923e+00
-1.758037837071643184e-01
1.624117699504211032e+00
3.511573810720256095e+00
-3.744955178579473021e+00
4.695246449515876330e-01
-1.129541944763091665e+00
-1.084885886781829234e-01
-1.114997554876233643e+01
-4.343422290134060226e+00
6.534670639933763070e+00
5.216571234364099752e+00
-1.903856207060087735e+00
9.752698279760990019e+00
9.993607341775470942e+00
-2.031014493452277581e+00
3.693812387576717260e+00
3.563862875669024710e+00
-3.997914065973295461e+00
-1.695466287927423821e+00
-7.514367230107843021e+00
8.921856352136917634e-01
-4.953768481659249767e-01
5.736900769751436258e+00
1.130291225141655920e+00
3.567360691809795092e+00
4.155114976789573866e+00
-4.220013207779824249e+00
8.168434586130416397e-01
-2.734958902873098729e+00
5.278292645284846429e+00
7.401819350242125672e+00
8.953482280842099073e+00
5.152067563610741807e+00
4.165385763097414262e+00
-1.672617269943089457e+00
-3.210893657331007844e+00
-3.607260131444106066e-01
-1.554976560740839453e-02
2.515790990437605235e+00
-6.391131224649588827e-01
1.157409692868565010e+01
-4.191835803286767526e-01
6.087373239333913943e+00
-4.798466308717925344e+00
1.717305357948994970e-01
3.093298319240781247e+00
4.391458008650831246e+00
1.594291888715993810e+00
-2.411448561421702941e+00
3.992201990304815151e+00
5.808415740589571996e+00
4.346167764773843700e+00
-8.444796816949032836e-01
-1.362023512597831854e+01
3.338108151609081808e+00
-7.189130342027939768e+00
-1.972595274181092151e+00
-4.789334342376349696e+00
2.919634398558879074e-01
3.701504805096278883e+00
-2.735076647668453376e+00
5.430608491284201200e+00
-7.032192803476403853e+00
8.335521848006269607e+00
8.601864633871681320e+00
-3.231767113164738525e+00
-6.066138475843689370e+00
6.881953389850993474e+00
9.270239021546293756e+00
3.892886107728636080e+00
1.244489261597693242e+00
-3.027905846798142786e+00
-1.867153367723194846e+00
-1.543633259814689751e+01
-4.933844894827922545e+00
-1.398411098190624813e+00
-1.867568626561290079e-01
1.929374491575316375e+00
-5.670349460674068531e+00
8.459481124783456707e-01
1.662841668168881348e+00
-3.039244122343129906e-01
1.070583258661087100e+01
2.827680235239731221e-01
8.774530239957385902e+00
-1.647656920987595974e+00
1.305719654067630131e+00
8.446360387289882254e+00
-1.851348309842388407e+00
-9.545308555683827967e-01
-9.010076413123762507e+00
1.953113941435737910e+00
-4.893579199651518330e+00
3.472696794280994315e+00
3.122008207858544271e+00
1.910470313673592102e+00
2.087388249430854881e+00
9.037860089075037351e+00
1.835994400680194261e+00
-8.788709088949920201e+00
6.367058748213353603e+00
-2.067048028580843244e+00
-8.114343848227729694e+00
-1.525428448984947671e+00
6.240696961511446261e+00
1.824678553287931049e+00
4.164533514406747017e+00
1.519922944264113784e+00
2.129172450532963445e+00
1.271149362834425256e+00
-3.771072607767448348e-01
-8.939802501246536526e-01
6.437568489488392220e-01
3.028578609583960191e+00
-4.262103102006595812e+00
5.651307940038768907e-01
-1.154803305038413219e+00
