3.207942440569542253e+00
-7.438197503249630138e+00
3.850321712203160551e+00
-2.953568439717820571e+00
1.080410451154035778e+00
-5.407021719090125522e+00
3.269666675555890745e+00
6.055986399350016924e+00
5.732313110829820424e+00
-1.052715236981104141e+00
4.672872339758338267e-02
-9.033229703638081531e+00
3.629284343621083764e+00
-2.465464120057113462e+00
-2.089175333964711001e+00
-6.410344266788844392e-01
2.049606049057110246e-01
9.889021047762982519e+00
-2.308467770046414014e+00
-2.437818882047528279e-01
-1.497180119770651352e+00
8.493114572062687273e+00
-1.132577277216066935e+00
-6.599129427031192208e+00
-1.066144923511155085e+01
-1.070581071996073419e+01
1.878723404766922955e-01
-6.384327360131531570e+00
-2.574908491244355613e+00
1.129032640121804709e+00
5.766366548623016008e+00
-6.369753002526910457e+00
1.873783071334100825e-02
-3.494449760246491454e+00
-2.801378644087572312e+00
2.328314769727821254e+00
2.467564571700828324e+00
9.003885427852379664e+00
-5.354839902667399620e+00
-1.116324201495948287e+01
-3.408151844287031995e+00
-2.266878213853435131e+00
-3.961140826498569023e+00
1.377898984372081248e+00
1.619261139780713288e+00
3.387494589024978353e+00
-4.700781573904203370e+00
3.740257886199024995e+00
-5.213158871774024483e+00
1.270393502600623670e+00
1.697479262190702887e+00
2.222239432539615533e-01
9.162334563374272989e+00
4.467497780997057966e+00
1.194601934692629719e+01
1.140043963621890644e-01
-7.766067930060174263e-01
-7.964740853287473499e+00
7.804522163466224294e-01
4.720960667886520135e+00
-8.790082129701929370e-01
-5.628849706977070433e+00
3.501562765295776813e+00
-5.588931977918766947e+00
5.444614916248472491e-01
-2.456087413753358817e+00
1.210078918079171340e+00
7.270993844653593996e+00
-4.129374153130063618e+00
3.702373580783529849e+00
1.915505093107953416e-01
3.017668841393012613e+00
-5.292400696764059553e+00
-2.135747173593681492e+00
8.362773873319538254e+00
1.383901427944387752e+00
-5.203272668662725309e+00
3.079218283707799042e+00
1.652106283075483795e+00
-6.102232904007117709e-01
2.822018716685787076e+00
7.066507186549486619e+00
9.622709187495515071e-01
-2.065972314710743385e-01
2.088376613941302473e+00
4.250280062547184379e+00
-6.972264026035557283e-01
-8.710697598797132457e+00
3.645078098658019794e+00
4.260305200706912210e+00
-3.003740206693102266e+00
2.728423362622457660e+00
-3.846521259684622329e+00
-3.888874794047223027e+00
-9.372456192599576852e+00
-1.503047631850719767e+00
9.870211451218662280e-01
-3.188503257241154021e+00
2.090340273247984104e+00
7.530253056008354484e+00
-1.104514123830822925e+01
-7.468783826447434215e+00
9.470030322348982343e-01
-2.944263439688570294e+00
-1.321492389703347037e-01
-1.484827642086961053e-02
8.203760077448121191e-01
8.760281615634124108e+00
2.937572699047943825e+00
-2.154668165283049941e+00
2.558592784868186865e+00
-1.807401740561882297e+00
-1.295944143152466532e+00
-4.763873594099683473e+00
3.562360433796220693e+00
-1.471991781539488731e+00
-3.057409136234634062e+00
1.366747169694289887e+00
5.753357234631539807e-01
-1.186706732329604286e+01
-1.386586595208771922e-02
3.021157590802017179e+00
4.218366595057386981e+00
2.162589314053906975e+00
-6.472560624535213414e+00
2.217662730672237181e+00
-5.106572483892700021e+00
5.665000106463359053e+00
-1.114520870546382270e+00
-6.480027089095667492e+00
-2.674513353666664872e-01
9.625332211407652272e-01
9.155933495992616855e+00
4.314897172738791475e+00
-8.894982613208799904e+00
3.038248125693378210e+00
9.961435328225214381e-01
-7.828563421402519040e+00
-5.163032067966563332e+00
-5.123580671590450830e-01
3.979229364174298844e+00
2.801760770803601197e+00
1.281196955282893013e+00
2.551101619973011658e+00
4.517059369622987930e+00
3.660612792471835686e+00
8.208763266717813423e+00
-1.485939698442471979e+00
1.559767775159065728e+00
1.908770853002099699e+00
3.279222284046535929e+00
-1.302678282357173423e+00
2.112483111304311212e+00
6.941640198477111445e-01
2.840304473054111045e-01
-1.041729317623223849e+01
-4.944144831213075797e+00
6.355839675719134441e+00
4.700378438377815549e+00
-9.959515828483780364e-01
9.794726998406272145e+00
1.174629695483658054e+01
-1.968379579293296766e+00
2.674704097341660258e+00
2.392519435017263163e+00
-4.487220709457735879e+00
-2.361490505778712556e+00
-7.668316504497592945e+00
9.365614347653677951e-01
-1.260056677133931657e+00
6.754321607865022337e+00
1.185201323397463646e+00
1.494482952826850841e+00
3.396534828284861529e+00
-3.087397506374378153e+00
1.357276905404887213e+00
-1.823048784890527685e+00
5.784874049966674647e+00
8.708347580997665816e+00
8.130402867578267134e+00
6.564446056603230772e+00
4.383816868648700016e+00
-8.112139989025977105e-01
-4.012678370086423030e+00
-1.128725027465830699e+00
5.389633284746248032e-01
3.349625576502791358e+00
8.405242095865264051e-01
1.090078422552713633e+01
-4.712976161927509011e-01
7.315148977474300374e+00
-5.801835899781277561e+00
-1.830987203071358094e+00
3.412750911519156549e+00
2.247811284172193780e+00
1.087084624017006229e+00
-1.512746978276699350e+00
4.327873929013215992e+00
4.478038965999362908e+00
5.740083963562158331e+00
-5.470489953704321673e-01
-1.511803846325389777e+01
4.250992525540894462e+00
-9.059109959524530353e+00
-1.327375575538682462e+00
-5.969100845258894950e+00
1.217036987764391620e+00
1.942719535737743808e+00
-2.963317041356408055e+00
4.124693462976235736e+00
-7.585090553189587581e+00
7.318207984403220401e+00
7.316744277131733476e+00
-2.901935251081138922e+00
-5.770665551755481459e+00
6.032425479245487665e+00
9.542638933781969257e+00
4.824428222186213588e+00
8.306191112312719671e-01
-1.748802552648717201e+00
-1.950450148929294691e-01
-1.458784636039920457e+01
-6.934982402327269924e+00
-1.128129483925789378e+00
7.857610392286557000e-02
2.134495989977571284e+00
-6.243786078919080218e+00
3.713266185809031228e+00
3.189474213189158913e+00
5.535740196152615367e-01
1.005202548102357341e+01
-2.033473647339889001e-01
7.508687468382376551e+00
-1.695497856993740005e+00
7.969821837818771293e-01
7.107483001468121842e+00
-2.325535678994475663e+00
-2.022547437233039869e+00
-1.187885914427448952e+01
1.192342275825166276e+00
-4.381251143697047823e+00
5.237018257122547205e+00
6.915431357649305388e-01
2.334886795573105633e+00
2.143216062923895215e+00
9.160581073006349939e+00
1.873464100199987881e+00
-6.830617062904030590e+00
6.363571462618537566e+00
-1.934626113852574214e+00
-8.593440983655828092e+00
-1.965205782807931456e+00
7.192862051719373540e+00
2.495523347126339608e+00
4.535603676981859955e+00
2.015488917525306345e+00
3.388054891688582426e+00
7.673661813376246865e-01
3.468324196800006698e-01
-3.813884725405226606e-01
-6.949942746170535424e-01
2.171325294993411870e+00
-5.183820675374615661e+00
1.799217965027911426e+00
-1.091945676391619546e+00
