6.094767421372869975e+00
-1.048251240561396713e+01
6.512686003599778672e+00
5.164894553643667230e+00
-2.858098432707800285e+00
-3.953829952462446062e+00
-4.258401514905772345e+00
4.057663027138769252e+00
3.381055134880960100e+00
1.722665382904266629e+00
4.979804489698198111e+00
1.648776665309747980e+00
2.761767156413751589e+00
-2.158746723856717953e+00
-4.640066004877278161e+00
-1.058319547389489124e+01
-1.266955670776761522e+00
-5.931691542876680323e+00
2.297571235079713947e+00
6.996077376384937097e-01
-4.190628989490837952e+00
8.429671395702820647e+00
-6.476631665081216127e+00
-2.173542040060905123e+01
-1.669528270601803310e+00
1.966074492604878099e+00
3.180942110722957405e+00
-1.390905367716135821e+01
-6.628773497664937508e+00
-7.301796424350478709e+00
3.711542852591243058e+00
-8.513374832810230330e+00
2.698721526811486804e+00
3.598743735893020101e+00
3.039342274746290595e+00
5.410338343122955251e+00
1.024152854281615177e+00
-2.894140916837994570e+00
-8.758750049473675858e+00
3.156730379246853957e+00
-4.468215215909699722e+00
-1.071136236721065593e+01
-9.220615384757877564e+00
5.713746639978147357e+00
7.450130350214253738e+00
9.053843280511619795e+00
-6.595620641318694410e+00
5.483007912900802694e+00
-8.500587716383511960e-03
7.562669349403785546e+00
-6.722627625106788685e+00
2.648690097235914642e+00
1.838285464612993358e+00
-4.523847416458900206e+00
-2.076141409474425714e+00
-8.908956585234770742e+00
-1.417589450195184453e+00
1.126925066813392995e+00
7.516262658088310733e-01
4.325927845853826170e+00
-4.099600116786881188e+00
1.492878202951891353e+01
1.214545957526260267e+01
8.860988245797907226e+00
-3.119906443385437989e+00
1.791923597903598786e+00
8.401241904074989719e+00
-1.036285789816941794e+01
6.196587602633408132e+00
-1.540312175546458384e+00
6.888314752739701952e+00
5.107266810074080787e+00
-1.167694330135755543e+01
-1.711686029306934698e+00
-1.161642715213134025e+01
2.112562473947670050e+00
9.144959645292098926e-01
6.266253032317047555e+00
8.102888734347164501e+00
-6.114610051503314381e+00
6.648891555346757798e+00
3.233043800406328661e+00
-2.209363882346097041e-01
1.493331746184029818e+01
-4.292227584777849714e+00
-5.737286961293456278e-01
-4.281580216019304608e+00
-2.256485713398018067e+00
1.222868808065566348e+01
8.530048027632973984e+00
9.193126907456306895e+00
-3.154965779646818014e+00
6.319078833594693911e+00
2.458415487766028917e+00
-8.528720904568196204e+00
9.727117757243700424e+00
-2.498322168512795205e+00
-5.798434831653743515e+00
4.440613700712403578e+00
-4.320668179971868028e+00
-8.537253164313522991e-01
1.471594237702173835e+01
-1.547876228147896827e+00
-4.415622888922162481e+00
9.916797439780000722e-02
1.119859549514853114e+00
1.223408666940451539e+01
-4.814388409583512107e+00
6.289023109458229399e+00
-4.147097347864188599e+00
3.640258504182674937e+00
1.631628099787307828e+00
4.590049443003735297e-02
3.790715748280355069e+00
-1.390545156070602495e+01
-1.798552866517186644e+01
3.940238220964344507e+00
6.181588990922283422e+00
7.951396198079320854e+00
6.390217076816564479e+00
3.232880634226622085e+00
-2.771335585694517434e+00
1.181325941925790524e+01
-4.174416930269454262e+00
-2.437307348723089628e+00
6.724333689686052828e+00
9.308539849415408796e+00
-7.201776489823385141e+00
-7.289305981600673334e+00
-2.080757002168321934e-01
1.476278123828718369e+00
2.910540165578625604e+00
4.297399368062587044e+00
3.722078607215623336e+00
-3.905636868252505778e+00
-5.941742054203362322e+00
-7.681546806734884214e+00
1.637109967236666019e+00
-1.828460134763391753e+00
1.355365231942758619e+01
-6.819529833308710209e+00
4.560437604697476388e+00
-5.391649399994458136e+00
9.149869818139523048e+00
7.176300379959992259e-01
-7.875761962373805325e+00
-1.008081166314900301e+01
5.039841722308868732e+00
-1.238283376821923132e-01
-3.697525234901868352e+00
6.269261629348471310e+00
-6.923207105639561654e+00
-2.779022987607951745e+00
-8.272484057107808653e+00
-4.170289711141200728e-02
7.520329025803103029e+00
-7.302720441929172246e+00
-6.624126860178468412e+00
3.264064580740863697e+00
8.502416999806783338e+00
8.265693762773345554e+00
1.032667373787621745e+00
-3.741814507737279527e+00
-8.926200515420850135e-01
-2.296177739422085029e+00
2.852328168467180181e+00
-1.723873513982582484e+00
8.343896531875550693e+00
3.730229998250172319e+00
-1.272470487038291020e+00
-1.079053880230958207e+01
-1.209361160657009115e+01
1.957551042911292338e+00
-9.197447816390225128e+00
6.978339860789613880e+00
-1.888705988206370590e+00
3.561697699389755556e+00
-8.307991805434742361e+00
-9.571920998260182500e+00
-8.710923137688213913e+00
-1.752295971827056098e+00
-1.037649544533535639e+01
7.825979972811770935e+00
-3.463858851072158185e+00
6.335479678961783989e+00
4.441293521016891788e+00
-8.151119357323128867e+00
3.551842888470988058e+00
-9.741870952423068886e+00
-7.484770613841019049e+00
-9.567702632626627235e+00
1.312548547651223174e+01
-2.302500497793038114e+00
-1.264385187915851638e+01
1.450709773660595392e+00
-7.718876800609550060e+00
6.599794243846664799e+00
-7.668108546267093040e+00
1.986165410077889604e+00
9.789292075394413928e+00
-4.726353457137984826e+00
6.428021465320096439e+00
-2.009883440977365543e-01
6.946023650766131929e+00
1.893137216648383081e+00
-3.962020345246969999e+00
7.794690244675105406e-01
5.245748510294964362e+00
4.383576338302182407e+00
7.963146650589402853e+00
-3.510196901782564272e+00
7.038542430854724530e-02
-1.122322380122732222e+00
-7.416577991628885425e-01
-7.859863784850426249e+00
-4.817128222260921078e+00
-8.176283346541083352e-01
1.706234015777189583e+00
-1.302229905203272420e+00
-5.274782827939717755e+00
-6.575600027038322359e+00
6.369941944120409261e+00
9.382673370324907225e+00
-5.595936892209208757e+00
-1.884260271767680184e+00
4.659167111358218705e+00
7.161625740465503931e+00
5.593912043387913258e+00
-8.368558182645094989e-01
1.041656714870356160e+00
1.438273412280751806e+01
8.799134789089182007e+00
5.239868704713324110e-01
-8.327434041189709646e+00
-7.708792525147967645e+00
-3.178923843314990894e+00
-8.537887269308367166e+00
-1.813485907581132150e-01
-3.796363674596161975e+00
-3.267685424552935203e+00
-1.635948058362224344e-02
2.349529574980415703e+00
3.326451495924948709e+00
3.565558582492407425e+00
-6.638796554680769901e+00
2.867577703369512232e+00
-1.763145638837817497e+00
7.147137049869281000e+00
8.052017542208329548e-01
-5.325873410546301256e-01
6.257414279384283518e+00
4.380542738053391005e+00
7.306637014203007041e+00
-5.888279839642796887e+00
-7.536689181950406713e-01
4.491601144385690247e+00
-4.838494236748868360e+00
-4.354836965770009449e+00
-3.555527880823676767e+00
5.145459428956413728e-01
-4.701131859686318748e+00
-5.037969674979697388e+00
-6.384846985361609661e+00
1.519566343168796685e+01
1.773213721496874840e+01
