-4.959879392372792850e+00
8.908370203921589514e-01
-1.599709511177196952e-02
4.527180628011428176e+00
1.373928695898956609e-01
-2.691185655569913848e+00
-9.768150107243537272e-01
2.373416529456537027e+00
4.931638339626700507e+00
3.275133697967421487e+00
4.439795598018627665e+00
-4.462128561238478675e+00
1.499180902602243348e+00
-3.066684207983914501e+00
1.782840424809989832e+00
5.719288407247855588e+00
1.446087779782313509e+00
-2.915804953846190095e+00
2.774649486411480570e+00
-2.667731630409359234e+00
-2.670386389703021113e+00
-1.693141902049527525e+00
-4.416538648875061313e+00
5.567833151925249968e-01
1.432401924301497376e-01
-1.119366347340852830e+00
9.022995574083700343e-02
3.497219832597968203e+00
-2.261716027051165590e+00
-1.631754743571169231e+00
1.281512192067096878e+00
3.473900089096797927e+00
-2.308560525434864452e+00
-1.497412048070611013e+00
-3.939230784938768104e-01
-1.160786735645390699e+00
5.652209270719101397e+00
-6.162459672814366574e-01
9.176340862356389128e-01
-1.764029660224106233e-01
-3.094500502312717671e+00
4.573699089688438413e+00
4.847681718572636633e+00
-2.653126753898151780e+00
6.970085571971855742e-01
-1.523772722326763585e-01
8.014486850127550133e-01
4.725762444844660237e+00
1.878839742185349548e+00
4.314955119637837733e+00
-3.087521057070730102e-02
3.893784550080694906e+00
3.494330482136199567e+00
-1.515304762272764894e+00
-2.713711784051444642e-01
1.062525461358145185e+00
1.349173155095835686e+00
3.238090423459135003e+00
3.898380355635144401e+00
-5.116746332266412622e+00
-5.128556640077892581e+00
2.826586400656386999e+00
6.671019653538019512e-01
2.709573769877097749e-01
-2.313898907185103493e-01
1.764177102037016498e+00
3.094116866552479639e+00
-5.429663931926403286e+00
-1.315649360107828736e+00
4.079716141063496337e+00
6.496243304561414078e+00
-4.618656328518851772e+00
3.829505622073627435e+00
-1.125592446172953842e-01
-2.375071884280609780e+00
3.362330609520158831e+00
2.435106400389675851e+00
-1.054460313647602732e+00
3.677752218757992075e+00
-2.026488267567896351e+00
5.515738751306200616e-01
-2.559536294980456983e+00
3.511843324068345318e+00
2.700442400349531091e+00
-3.275295139669475386e+00
-3.171287495470026752e+00
3.851495029548396509e+00
-5.023450623973545248e+00
3.953659731278370337e+00
2.308764771834965313e+00
-3.010129784087126614e-01
1.025288432105587066e+00
2.698937245672058172e+00
-7.310952329736722710e+00
-5.394615796514854011e+00
1.965204133610899850e+00
2.208020141527092139e+00
-1.456287879808741748e+00
3.926782357556417136e+00
-3.343968067958739132e-01
-4.211284387250362471e+00
5.774881252989209068e-01
-9.297106523161247082e-02
9.021024665855024161e-01
-3.956268822356990622e+00
6.038999626296114087e+00
-2.607338504090800146e+00
-1.058683532608976297e+00
2.729106700277686315e+00
-4.134945128778694245e-01
-1.580728696957023338e-03
-5.713654173847805495e+00
2.588112624824169483e+00
-1.879598039298455481e+00
-4.230136205009866757e+00
-3.512097730657324224e-01
-2.654782437763011149e+00
-1.735026718546479885e-01
-8.194426254897955175e+00
-7.194963688389306000e+00
-2.270355338135369161e-01
2.308046284785095992e+00
7.352416058622260664e+00
-1.002077612862567912e+00
5.813809135722184385e-01
-6.162200416549604043e+00
1.399676607996303002e-01
-3.191724541977117191e+00
3.867100840946888773e+00
1.075115626952986236e+00
5.683852225835773986e+00
-1.421684787364157376e+00
1.357880234012932563e+00
1.089721853047607603e+00
-1.997982472139622878e+00
-1.012690438513533575e+00
-4.438754640825188780e+00
-9.051038016339938430e-01
4.065355854822028547e+00
4.965872544575058001e+00
-1.547727960215659948e+00
-3.702703035637961992e-01
-6.521367355685927514e+00
3.923876795703935105e+00
-7.777151210793141090e+00
1.662171244770248801e+00
1.101456754441200836e+00
-8.849112334528853596e-01
1.231207142373746954e-01
-2.206031713989903553e-01
1.098199735897075202e+00
-1.164284444838257215e+00
-5.753443028024989303e-01
2.197487443698349363e+00
-6.026550225733615651e-01
1.718241994664561290e+00
3.379828011195052717e+00
5.100853374637281945e-01
3.003412166346822731e-01
2.490158321616898984e+00
7.433917524879506411e-01
1.244832454259137133e+00
4.422802292877229924e+00
1.189254458640762291e+00
-1.444715533619658654e+00
2.616234337221276629e+00
4.295685810513155900e+00
4.132998897931362769e+00
3.452588649798992826e+00
-1.547283947995722997e+00
-2.185266471771402763e+00
-8.110731389845295958e-01
-1.743135046984430447e+00
3.077905732143138007e+00
1.288785293189746328e+00
-3.161349478728226359e+00
1.673031143412836430e+00
1.605327396349081504e+00
3.229964942950663165e+00
-5.107235729005343838e-01
-5.237065931554732323e+00
-2.825777304686255320e+00
4.241992373111167502e+00
6.866930210762945963e-01
2.620561103508633582e+00
8.147543688233314096e-01
4.535452774771462359e+00
2.329738978722005083e+00
-4.945059415687576454e+00
-5.571062304355142158e-01
-1.789464645958284139e-01
2.422921549414231546e+00
-2.388191277356590536e+00
-5.249628613659951704e+00
-5.025679015484651124e+00
3.613364792590965102e-01
-1.603214907591326455e+00
-2.661193992552171039e+00
3.160399075314515471e+00
-1.569504965843813160e-01
2.997231853975601545e-01
-6.602843207264508241e-02
2.722487534773521123e+00
-1.906578942775025709e-01
-2.805311941904361284e+00
4.902768525628484753e-01
-1.068666892894954756e+00
4.133688003287609547e+00
-5.950064761395896795e-01
1.688470399985858350e+00
-9.894708961201253983e-01
-2.136944051658405674e-01
-2.393878338470794453e+00
2.849526957433668350e+00
-2.726672770357907893e+00
9.105593977841127673e-01
-7.948948900755863356e+00
-3.059080784021676269e+00
-3.368958059435752439e+00
5.146304514066425639e+00
-4.213417758334144558e+00
-6.072264632038661958e+00
3.593552954745569572e+00
1.625014906502923573e+00
-2.691423083258162485e+00
-7.604048931716827830e+00
-2.845885229815904971e+00
2.268360811880267836e-01
-8.484145794659639916e-01
4.228050004774133619e+00
4.043411846582299241e+00
-1.855446403972477620e+00
2.922450440529491100e+00
-2.988721140102190255e+00
-2.713180460859696996e+00
-4.483411255384979199e+00
-4.346594965935818067e+00
7.249287900597083834e+00
-3.206045973862956089e+00
8.588347981640951367e-01
-8.206592360764082272e+00
1.049797969699244771e+00
6.773602846966725322e-01
-5.142518359052481447e-01
7.548102266876542954e-01
-2.781462644800085204e+00
-1.296036316782017694e+00
3.480488798964702646e+00
2.092106547040659681e+00
2.623488032042323947e+00
-2.198035902195892621e+00
-8.204873765207346681e-01
4.249953856267296715e+00
3.342317374894643756e+00
5.051174058391744381e+00
7.109414990357785236e-01
2.506648850358498049e+00
1.832119072098006285e+00
2.820965251043531907e+00
-1.722552786322488316e+00
9.956460688055736030e-01
4.169050795489404493e+00
9.762569251062037656e-01
4.475988120286149119e+00
-3.975604850197216322e+00
