4.346273861989451426e-01
7.196779706671733168e-01
-2.332616578081295078e+00
2.347811073434429741e+00
-1.850098166644150943e+00
-6.183762645495188837e-01
1.022730701298268929e+00
4.325116823701129043e+00
-2.409785358883439255e+00
8.189164193924427515e-01
2.770316263909199161e+00
-5.588450867944089850e+00
-2.935503982260016187e+00
-7.412017348833249697e-01
-5.473820620876097554e-01
1.982882030912440641e+00
-6.713639712582197827e-01
3.655667115215222029e-02
9.396039922442074310e-01
-1.588986334489171925e+00
2.180559328995991919e+00
1.883193670800686614e-01
9.757731323285238068e-01
-3.260856861007429774e+00
4.780851094395529022e-01
2.657775351139758158e+00
-1.733899138365158965e+00
1.077878694060606879e+00
3.112381030118921643e+00
3.581893574179232598e+00
-2.892770801223900623e+00
1.000471295782709324e+00
1.796851509877998687e+00
-2.194119432720619489e+00
1.614688551655098392e+00
1.472597779667570439e+00
-1.270348802482367034e+00
-3.049173199219059160e+00
-1.647974393184659547e+00
-1.807031309628460924e+00
-1.385913146325592260e+00
-2.427901289955752828e-02
1.646566216261691418e+00
-3.483034229690162853e+00
3.102671136354407277e+00
4.687118258334316501e+00
1.772891555847048606e+00
3.436888370929708003e+00
-9.801168066900967091e-02
-4.555254985633768738e-01
9.208405176492082678e-01
-1.338931467729848501e+00
1.198835999446096423e+00
1.030117018567342058e+00
5.804234119855720131e-01
-3.793160787380954968e+00
-1.010820964318030146e+00
3.394678198182609075e-01
-3.644122927124867850e+00
4.413705807882662313e+00
2.442429690968833000e+00
2.165247644157588969e+00
-1.274526429000774952e+00
-3.311455071161877317e+00
-3.193634970116262295e+00
-1.153726892846400620e+00
3.782820407758155312e+00
-1.390038487199360961e-01
8.189010853303959614e-01
1.353032021886142466e-01
5.225854421841048314e+00
1.550736564193611722e+00
4.485992773047510873e+00
1.068229913796284070e+00
1.901532575450244789e+00
-4.942843008081856393e-01
1.298046198709964738e+00
1.150610162865587816e+00
-1.350296213576231974e+00
-6.371179977273991879e-01
-2.745323711588505411e+00
1.189018878711550098e+00
4.315718475232948603e-01
-2.044523349680632762e+00
-6.627516215059003901e-01
2.846112949945713400e+00
-1.367844532830545745e+00
6.441781000028194981e+00
2.069067241383261146e-01
2.862156252800265310e-01
-2.441018800648032006e+00
4.408587493434424354e-01
-1.120315755056422669e+00
-4.451249961449415871e+00
-1.257144971629091890e+00
-1.038227343186914453e+00
-4.826902875598790388e+00
5.631209185111007987e-01
-7.664626247969661410e-01
4.083981938833514569e+00
-1.945614594773028561e-01
2.945091285786841873e+00
2.348071640504649227e-01
1.779871838968955400e+00
-5.575635063456656493e-01
-3.576502246824223019e-01
-3.606103667134750168e+00
-9.881323889205996247e-01
-1.489643741479603989e+00
-2.708253939576821701e+00
-1.449825633371917499e+00
-7.275298419664582017e-01
2.179351656143284910e-01
-1.005277252437602464e-01
-2.177568259970280806e+00
-5.118679916147824693e-01
1.811226291315448655e+00
9.438659011056219628e-01
1.765027323750615329e-01
-3.786489807946745056e+00
-1.390128400243707318e+00
1.093981513325513744e-01
-1.033274868852278816e+00
3.742895843733612615e+00
-5.336037613492814025e+00
2.139398198327707723e-01
-1.469077838194833507e+00
2.096201760241287460e+00
4.039070844819824480e+00
2.160291697938585109e+00
9.099998954725359024e-01
-1.832133031071918605e-01
3.434124428001837259e+00
2.120739377256069869e+00
-4.775350107739292582e+00
-1.830866510790875257e+00
2.740433249283275030e-02
2.274126707735023789e+00
5.896875708089963641e-01
-4.676536632673541916e-01
-2.301584112204802413e+00
-2.211421515743135391e+00
-7.706761403292770041e-01
-6.767800925589829708e-01
1.579431026103448876e-01
3.971765338175676341e+00
-1.950069284227753386e+00
-2.147140775977725013e+00
8.305575104173955614e-01
-1.132558327886522553e-01
4.980821734520454180e-01
3.742331459025219687e+00
-4.927993759020546705e+00
1.412158368043436418e+00
-3.319499520826468597e+00
1.536958041126248231e+00
3.728130677548456839e-01
-1.093811718776117159e+00
8.913954904058163375e-01
-2.664398286634851232e+00
1.125724640196482440e+00
-3.773511428609377383e-03
-1.342371014727142597e+00
-1.698993170552698384e-02
-2.499314525582794211e+00
-1.587718837132058525e+00
-4.034109199390121248e+00
4.859046759845983554e-03
-2.667955134036365195e+00
-5.106664532134986834e-01
4.085401182140632415e+00
1.977583979211647414e+00
-2.055379214533047172e+00
2.457142669035742077e+00
2.375916435325461595e+00
2.601368019818309785e-01
1.876900779871489178e+00
2.133474844900493661e-01
-1.952211020641384742e+00
2.107006039975660272e+00
3.212214172848626426e+00
1.511229067624564770e+00
-1.685264301939662701e+00
-3.600930176760595902e+00
-3.294724139358693016e+00
-2.264642284160133467e+00
3.149137934606462075e+00
-1.499914360504889910e+00
1.023954189393195380e+00
-4.549944246386321001e-01
2.111529277260302262e+00
4.096713008741909023e-01
4.622882201094547838e+00
1.539560554290103855e+00
-3.088032307903902485e+00
-3.759926234400532863e+00
-1.672410951593489736e+00
1.671512010316628993e+00
8.236463327920720001e-01
-3.618361287385119418e+00
-3.813710608838384086e+00
2.385963487213498713e+00
4.068343048913237503e+00
3.959659482151794752e+00
-9.413048331131457225e-01
-1.023752041760366049e+00
1.046956438705180403e+00
2.709933618978220604e+00
1.419311817816354626e+00
-2.237092576346892514e+00
-3.163495432304724186e+00
-7.383757236298266191e-01
1.150583142251370428e-01
5.109728906812890159e+00
2.610789824991421870e+00
-4.129960863011171712e-01
-6.122302893815387836e-01
1.600028077511811198e+00
1.618395397653932477e+00
4.250786920472775954e+00
-3.990044859362126828e-01
2.519139717008930801e-01
2.038105738738730910e+00
1.051039528618197272e+00
-4.126692289259580981e+00
-1.112070754829836972e+00
1.253727706221642091e+00
-1.168885407507408214e+00
1.134164049422366372e+00
1.902867183085938940e+00
-9.615455552717033783e-01
-2.778056698037498329e+00
-3.029923849127424407e-01
-3.766685221214415513e+00
2.788652602697462513e+00
1.945113976100854847e-01
4.198547537500719962e+00
2.700937062742402084e+00
2.484112321013446589e+00
4.686467010594188132e+00
-1.231265084412049848e+00
5.146782750909650872e+00
1.807431749845660018e+00
4.659989101840314341e+00
-1.290600400917450097e+00
-1.408956948152527922e+00
-3.351248103420845781e-01
-8.970644123889937038e-02
2.720743465233433245e+00
-6.169066875605706546e-01
2.733166762826324536e-01
-3.787225615678587509e+00
-2.362667272240813465e-01
3.180311696042165348e+00
-1.270582898273886707e+00
-4.519546611867554908e+00
2.880957595612517075e+00
-1.768166917746823552e+00
-4.425150732972615852e-03
-2.251277228259044527e+00
1.944239984785000264e+00
-1.816599687408666064e+00
1.486534961163137991e+00
-2.288997553769573479e+00
-2.194457485638689143e+00
