6.158562437579151450e-01
-4.703997526242177152e+00
6.313491434877395392e+00
1.960410841056444031e+00
-1.230306306478153866e+00
-6.017971549905452022e-01
-6.417491039367054784e-01
1.354704952908263982e+00
-1.381546273429116400e+00
9.335468242916948878e-01
7.062403385050545213e-01
1.260652770276288637e+00
4.076378819770875239e+00
1.513576575453313477e+00
-5.417036704312147677e+00
-6.407435244440472744e+00
-2.161484403366444873e+00
-4.203507746355852781e+00
6.230344949460467241e+00
-1.037902058863173549e+00
7.070658962115401736e-02
4.208387016192095764e+00
-4.006044405025381394e+00
-1.287596127797738355e+01
-2.087154623407304843e+00
-7.836237276402016505e+00
4.925517991125704320e+00
-2.416641284517740740e+00
-4.394368058331877158e+00
5.107147361422313958e-01
-5.062239588676170854e+00
-1.788174182263878365e+00
-1.291432840442288565e+00
-3.238397632796410353e+00
1.428188333951718736e-01
4.006074579263837698e+00
3.654652191699399033e+00
4.253227162955704799e+00
-3.507306779318928314e+00
4.267250695979055486e+00
-2.974153364805131594e-01
-6.722867540759882132e+00
1.953702976896782406e+00
3.509464008660682310e+00
6.713709432663724996e+00
2.777916175370699126e+00
-5.311656331990251001e-01
6.014152158202199061e+00
-1.204557340567335544e+00
-1.761248944446096587e+00
-5.020037638538172864e+00
8.888792999911836468e-01
3.599308378855762491e+00
-1.917354949677007037e+00
1.250657346462714647e-01
-3.130309732573088422e+00
5.744781171823792221e+00
4.344937908219084211e-01
3.293528618093549465e+00
-1.647724895885920304e+00
-2.962881437698759335e+00
1.039624321458855505e+01
5.967577088445549904e+00
7.739172155320146018e+00
-2.554988083209212668e+00
3.374068914579880119e+00
5.464123432161320792e+00
-7.678338640421594086e+00
8.500182423940538357e+00
-3.737252350986805527e-01
2.214037620027941244e+00
1.702959602838694630e+00
-2.081488777743021323e+00
1.360745082949396556e+00
-7.758929263551968880e+00
2.371898025553366374e+00
-4.036278513168467086e+00
2.027680040242195059e+00
-3.528808323922515200e+00
2.612038936785160970e-01
6.329137104390492929e+00
1.971477206743047716e+00
-1.564953591123703136e+00
6.653777546557810396e+00
-2.342501567796017703e+00
-2.755759079626145525e-01
-6.585020635435285818e-01
-4.396133480374062152e+00
8.847889866243615842e+00
3.959240802595716424e+00
1.919562298039172887e+00
-1.120404748221162095e-01
-9.963780089837248610e-02
6.324512270580811446e+00
6.145011883660995711e-01
4.586820243004862796e+00
-7.393942040395618420e+00
-5.691918130726129732e+00
5.049564283116385610e-01
-3.906221434988264907e+00
7.448215893291467715e-01
6.851018422725745793e+00
1.636551919727978088e+00
-3.225146411938834223e+00
-1.379051667539047399e+00
-6.160493488780174332e-01
8.165733303356320860e+00
5.681845151781568237e-01
5.038872019125159030e-01
-3.103053146599089818e+00
9.028823813461379189e+00
1.274929261895262567e+00
-2.786719634674281743e+00
-1.698337946351946792e+00
-9.027035809538251243e+00
-9.805293477197832175e+00
1.818766363433318656e+00
1.631674604941394935e-01
4.300692842682543038e+00
2.389303383696497640e+00
6.206980049827713897e-01
-3.343608806976023473e+00
4.100845716650055373e+00
-1.558076905997245021e+00
5.034325007720474865e+00
5.458703643484489332e-01
1.800351091755748145e+00
-3.678217143787899879e+00
-2.870423273442642476e+00
1.011195935662934753e+00
-6.645591418150946783e-01
-9.831781270413557650e-01
2.816873317345217842e+00
2.959172836262077277e-01
-3.370480635451211349e+00
-4.562632389970884716e+00
-3.211543974794353051e+00
8.225188325578937087e-01
-1.833678235179210692e+00
4.316981613519777383e+00
-8.243487449800088740e+00
2.700132269688249043e+00
-2.479671828095088848e-01
6.002754394600713361e-01
-1.177865366546931858e+00
3.108344956731450281e-01
-1.556350498389472747e+01
3.389936861920156197e+00
2.147259777706207018e+00
-4.778809474886931419e+00
2.461166000265380571e+00
-1.614549901375903262e+00
6.787662636212242084e+00
-8.674444388146024254e-02
-1.304906809912668830e+00
2.210302161680436139e+00
-6.401393615803383952e+00
-1.892414345207580340e+00
1.926662456509753651e+00
4.341480992584815013e+00
1.609423452092150209e-01
2.161875213266128970e+00
6.926379465149569148e-01
-2.303328449342820328e+00
-6.119851336616560111e+00
2.175539650236736344e-01
-5.957414142941212631e+00
5.374077733993730455e+00
1.482224069987535309e+00
-1.402279945869282285e+00
-1.900642493597879179e+00
-9.043541835067383516e+00
-3.927137266445550612e+00
-4.153331130773653790e+00
1.096815281009809517e+00
-2.989119115307216745e+00
-5.048398347316506829e+00
-4.395448247426467780e+00
-4.163206891058439219e+00
-5.175851517967683613e+00
-7.112481657754265107e+00
-1.380292635410909519e+00
-8.339194179920045302e-03
9.911272577336072143e-01
1.213859071495521302e+00
3.073489559059411569e+00
-1.205062667863763703e+00
1.961508110009581252e+00
-4.187994624327693316e+00
-3.220327290333937054e+00
-6.612622774934605374e+00
7.748359648114519160e+00
-8.492816198227216562e-01
-8.198107174532607289e+00
-5.509504540286096486e-01
-1.738261109510513158e+00
4.189084107391364498e+00
-8.713489413243507897e+00
1.189039638478323724e+00
1.996710209265596170e+00
1.464346990422905836e+00
3.134407034887329413e+00
8.687117926466223494e-01
5.681780257251840993e+00
2.767611016551876357e+00
7.397072249310351344e-01
-2.170216780456173833e+00
5.639328137642501737e+00
7.069108093509134605e+00
1.547558400959342784e+01
-4.598951451081155106e+00
-1.617582667130122553e+00
-1.104074261000627555e+00
-4.279097190437026299e+00
-5.588945310778747455e+00
-4.044116428292832133e+00
2.158047842012300155e+00
-3.249580240614460713e+00
-2.024349975521243739e+00
-1.594815164266563556e+00
-6.296017336218502791e+00
7.553362586371347831e+00
6.304757902368429257e+00
8.635590823689702766e-01
-6.821541379119502313e-01
2.628811524716092585e+00
3.530160229785388903e+00
5.618998541144014425e+00
3.073800551071959486e+00
4.782848349837690805e+00
5.574423165489748477e+00
2.105275538893602860e+00
1.342386069055229392e+00
-6.766547993938648808e+00
-8.595985654183182945e+00
-2.899957913669475751e+00
-3.523050018248305548e+00
1.274401823745710871e+00
-3.175954473721595228e+00
-2.793136887436633131e+00
5.963609776706306320e+00
-3.494855246817289096e+00
1.026081430099587743e+00
2.035972607967904136e+00
-2.344574761077589109e-01
3.067908900254279647e+00
-4.434907041434065000e+00
1.551022408725256652e+00
5.780024953844632662e+00
-1.544168281679138444e+00
5.455476180193712388e+00
6.609700768130762683e+00
6.645635005719013222e+00
-7.905457143504867723e+00
-4.388322827640964707e-01
3.048829580359771363e+00
-2.852001703305135916e+00
-1.297160451028801731e+00
1.694982849271838843e+00
-1.109255414959546382e+00
1.628877939474183911e+00
2.498671480520001931e-01
-4.988166903173526734e+00
6.863915788988386169e+00
8.707059231796009158e+00
