-1.909051820795870213e+00
-3.832430165561875324e+00
3.992518433290696223e+00
-5.527127989540407960e-01
-2.427397055050613428e+00
4.294446457355886260e+00
-1.221701855823056704e+01
-3.561009489962225771e+00
1.531645349230883468e+00
-7.385027919092993720e+00
-8.944709126684315947e+00
7.326292514557047220e+00
7.350902659123115690e+00
-1.561962716777890137e+01
1.092017390538046762e+01
-1.253119208609091473e+01
5.581128956103825089e+00
-5.503783878798164331e+00
5.308025174872392782e-01
-1.703402753334729169e+01
4.084464492258062407e+00
3.918789946818819647e+00
-7.132809249814916264e+00
-9.892740879393725706e+00
-3.614610690363151857e+00
-9.080243036673936174e+00
1.357091056581449884e+01
-1.576903295191953935e+00
4.146146907733307962e+00
8.895810337699046499e+00
6.359452875105017000e+00
4.971181133628635784e+00
-2.408748048239313544e+00
-5.594065022994822556e+00
7.259915502819223931e+00
-3.744969270491271818e+00
2.738211388782720412e+00
7.004859648393298777e+00
-9.285044286403142166e+00
-5.213068084871319563e-02
2.426447870902195270e+00
3.779174852874633839e+00
1.081231754641160592e+01
1.872656456124611180e-01
-7.112389724986770467e+00
-3.221813079828968363e+00
8.477886791933045174e+00
3.454556226859898604e+00
1.934706302143639256e+00
8.193107344017080962e+00
-4.988474450457825782e+00
-5.321211967407086796e+00
-9.143146451717145684e-01
-9.201480416602230150e-01
1.822125225626390677e+00
-1.049218498511151232e+01
-7.138729897263467628e+00
-6.130238719104858625e+00
-7.177187860393686947e+00
6.198158351064477323e+00
-3.621154880672008858e+00
-6.114873923010642365e+00
1.047057644387056996e+01
4.783508287004844206e+00
5.681430530303228643e+00
-6.534892208285511650e+00
-6.817941397991353902e+00
1.257711520136090666e+00
-1.012765915561726260e+01
-6.653437490090974293e+00
-1.050311745533503682e+01
1.019842461640670095e+01
1.214613108105772055e+00
-2.050715706158621754e-01
-9.527299211898608178e+00
6.652243084199029877e-01
-8.191814801971214477e-01
-1.784121176606007886e+00
-7.144608106183025775e-01
8.197961038193795957e+00
-6.051324110726583605e-01
-3.960924302860346913e+00
1.043647416086663249e+01
-2.796514193071563348e+00
2.141638659830926272e+00
1.030214536321356711e+01
8.433382963114475217e+00
-1.033578662037608176e+00
-1.273384018032515774e+00
-9.452420991423574614e-01
3.641116843985495066e+00
1.012443533625611281e+01
-1.270752386008167889e+01
2.239012865425140220e+00
3.290993265435305126e+00
-1.226196267153517994e+01
2.190075168815699413e+00
2.191499150664915518e+00
4.691360967238762392e+00
6.118837179064601450e+00
-5.659776576344710541e+00
4.266695958231296437e+00
-3.514020451640531562e+00
1.722742858696051593e+00
5.924915177796341581e+00
1.677281246209993970e+00
-7.949019188532044367e-02
-9.731008034729377698e+00
-1.254742572494734709e+01
-3.490760730414556257e+00
-7.891077875347329851e+00
3.473599868811318103e+00
1.461332200848462159e+00
-2.746338894933733510e+00
3.792393118237681104e+00
1.200034883355077753e+01
1.282691188740111343e+00
1.566067585519031802e+01
-2.181308156143088262e+00
-1.381748683635598773e+00
-8.408407164522513355e+00
3.000327692856846085e+00
-3.256140931396232840e+00
-2.699051879721281910e+00
-1.877736168129961314e+01
-5.293011696619077888e+00
-9.589789829222167938e+00
2.891163756637844529e+00
-3.149257447580307012e+00
3.152803217480157016e+00
2.825182028458947503e+00
2.204529239201829416e+00
-8.096657516932502574e+00
4.203262634209689041e-01
-6.424076904638812202e+00
4.352438237766653728e-01
-2.579207134361135800e+00
6.111025334775163742e+00
1.181384026637403650e+01
-9.119523623288353420e+00
-6.492536542859879134e+00
5.765241130971288541e+00
1.857747459322582229e+00
6.497641919840717595e-01
5.876696995078177110e+00
-5.269060373691554666e+00
-2.201319732735345980e+00
-6.605473093234532911e+00
-5.452454377957266729e+00
1.113155829031490462e+00
-4.446376073072278778e+00
3.421562045739323210e+00
-8.476899268833497647e-01
-6.431479367078734022e+00
-2.250748480709291233e+00
7.126903387596801309e+00
-8.242889973578559903e+00
-8.555860640699416209e+00
8.039968633992812030e+00
2.564887216499017519e+00
9.236519472548527787e+00
1.206906719286310192e+01
-1.242114045753929918e+00
-5.754128656945103337e+00
4.795716031320705675e+00
1.954211547012613126e-02
1.425232133725909378e+01
-1.643112853616748859e-01
1.575619219526332770e+00
4.775499406758236809e+00
2.805525048102449071e-01
-4.963643866235888602e+00
3.586650633560573009e+00
1.989839593565530862e+00
-1.335558773522607323e+00
-4.150002214412610080e+00
3.150201022724582245e+00
-2.897487277703319375e+00
4.135911756693328556e+00
1.060417354328249218e+01
1.001013095098896422e+01
-3.711200941353106852e+00
1.321009926484283348e+01
-8.132854571598766569e+00
-1.595860384289913503e+00
7.232821878721754416e+00
4.543677476806087689e+00
1.218452295832667343e+00
6.451773767387965819e+00
1.049974173932978694e+01
-5.234389364484838936e+00
7.742869922959416229e+00
9.455717400810708995e+00
4.127214739102964103e+00
5.703668555385710270e-01
6.415457387839476056e+00
9.867138724135514627e-01
-9.980748774598900752e+00
2.490578838493214153e+00
1.098507779492828629e+00
-2.164126326980886361e+00
1.729657368957601804e+00
9.903707059994136586e+00
3.785938495477478405e+00
-9.270757660086692553e+00
-1.165109341821073308e+01
-8.207398311234689103e+00
-2.119585270764818397e+00
-1.061124823727830702e+01
4.088757074392060709e+00
1.279500466458228791e+00
-1.267635784046452585e+01
6.424993622117689540e+00
8.638581331981837863e+00
1.231540613663541883e+01
2.815946344162639559e+00
-1.218874439734816306e+01
-7.985780705508322974e+00
-6.369765755965259402e+00
5.527165031181858978e+00
-6.471575789114258903e+00
-4.993519506389847429e+00
-8.403963975119868479e+00
1.016840012375492286e+01
3.383785073867488613e+00
3.248207117773760366e-02
2.009959248272528143e+00
4.799803242219249810e+00
9.849846878247642934e+00
-1.016680143513487344e+01
-1.622678646324059448e+00
1.033772779506594297e+00
7.089998608572106065e+00
-8.276376572735129500e+00
-9.062585443046355493e+00
-1.454119062105185201e+01
-2.063902993128543084e+00
1.612543392337018133e+01
-1.783626330551283612e+00
-5.685160612853715989e+00
-3.588711218533472191e+00
1.412474899843037335e+01
1.661228747968873209e+00
4.407520161842716888e+00
1.376120804680742271e+00
-8.241617768130231170e+00
1.317857324378888606e+01
1.206404035595113911e+01
1.640205328847701871e+00
-4.716674863338920609e+00
-1.702365664709058368e+00
-2.845774692876877676e+00
-4.130649736590893184e+00
-5.036394817848700356e+00
5.050040990516577288e+00
8.416320355127369091e-01
-2.491605410556751110e+00
1.027387973821495137e+01
-5.609937529931768196e+00
1.650813768024936223e+01
-8.454997090038895990e-02
6.308620909364131890e+00
-6.314776892091009675e-01
1.714216085351889518e+01
1.406427834766470708e+00
