1.138244215561970307e+00
-6.176240952081749391e+00
4.461861691738159053e+00
1.285110302146927452e+00
1.545577001503752435e+00
1.224426523633087349e+00
1.042877547434960528e-01
2.081061150243934232e+00
-2.275659483007876016e+00
1.964162092467176546e+00
-1.608850412643075378e+00
-9.350993236622495708e-01
5.233039897118266559e+00
3.349912148427874214e+00
-4.616001011082540018e+00
-7.053130873347433827e+00
-4.132706676204387364e-01
-4.852040443641514322e+00
6.193026503103846281e+00
2.501531378746528755e-01
8.858307735821311368e-01
7.829592711477070921e+00
-5.561349188304492763e+00
-8.584063054960806127e+00
-1.305800160940871368e+00
-5.886665577260532523e+00
3.427047708170924079e+00
-1.920098578000190237e+00
1.006139039172886607e+00
2.194221766551002206e-01
-5.625448086373284973e+00
-4.015017175036397212e-01
-1.545778067596200733e-01
-2.072394777079169970e+00
7.966175126168588694e-01
4.293363862033005240e+00
6.635133445905998517e-01
4.126343150809308469e+00
-5.083145246903619352e+00
4.223332758907886841e+00
-1.517360150251161111e+00
-9.209900965887806379e+00
2.216352341300839246e+00
1.463137754098313703e+00
7.379425723869584175e+00
4.249957150392557281e+00
5.215485094922389653e-01
2.788095885669763518e+00
1.660661790050991460e+00
-3.171155591560748110e-02
-4.228520312654086233e+00
1.387281299032242066e+00
1.988927691841016143e+00
-2.504690946210321734e+00
-1.678221596039685681e-01
-1.861232350674149494e+00
2.854494299455172523e+00
4.304629050692044601e+00
-1.337691437480519996e+00
-1.203313183787264595e+00
-3.443693783381406526e+00
1.134492760311792026e+01
7.744426207157300013e+00
6.471878626511904820e+00
-8.968864402438362360e-01
3.353930682467812119e+00
3.828249329910938137e+00
-4.740717370248715312e+00
6.812624876377353367e+00
-9.401649025155828232e-01
3.517832343954591767e+00
1.141183567765552270e-01
-2.748868539211351880e+00
6.238652589759189349e-01
-3.932647391780407453e+00
7.654850011728406844e-01
-2.617040357114936100e+00
1.385578558242928526e+00
-3.651638023909620223e+00
-4.235915506378020723e-01
7.228069746036395848e+00
1.813429421399853636e+00
-1.984497487177856234e+00
4.059082721690017159e+00
5.681722955101780048e-01
4.183883238206044242e-01
3.864704643615215929e+00
-3.681440905267362229e+00
1.145608659178168942e+01
2.508921474604330015e+00
1.554040535800290668e+00
-1.205887498561620808e-01
-6.739663410905116780e-01
4.175070306446527546e+00
-3.446438771787308841e+00
5.404059573715312759e+00
-9.770548110960023180e+00
-9.434769780260213068e+00
4.101315842274699808e-01
3.242045121469240565e-02
7.056135374525144277e-01
5.331249417224444898e+00
6.035088483791483105e-01
-1.708172486884889318e+00
3.301281024059806724e-01
-3.081408067042194610e+00
6.651474068677679874e+00
-1.742898740201974661e-01
2.735309623193090900e+00
3.475810816518748458e-01
8.802513573860638374e+00
7.281536823474934472e-01
-2.012537141395582374e+00
-1.479636678791915072e+00
-1.080519183675503569e+01
-9.353852101692995191e+00
-5.837990453072278152e-02
-9.191447712025452299e-02
6.846679856172187328e+00
2.837530211282965453e+00
4.032975811446739001e-01
-1.933333860746302646e+00
6.012894074161615698e+00
1.350499252986935739e+00
4.544101359020277897e+00
-2.887034302330441449e+00
4.029425670999464693e+00
-3.116085746661645395e+00
-4.272763158207826706e+00
2.007697673267942573e+00
-1.708897230115169474e+00
2.099168226474446008e+00
2.055343187560679130e+00
-3.040315507115284976e+00
-2.337629663777822664e+00
-5.226580764908182353e+00
-2.518020256546201097e+00
-2.097116623329000618e+00
-5.205277125028826113e+00
6.530732961211962007e+00
-9.276901167192134423e+00
3.172940853002021999e+00
-8.337186314688691535e-01
-1.973564379558265247e-01
-1.210152409480022673e+00
2.819562014699377173e+00
-1.212147514711622875e+01
1.763265733102054478e+00
2.071269050588021798e+00
-4.063362431046039447e+00
4.456368885033564986e+00
9.872978401217724631e-01
3.593360811308479175e+00
2.850825588977924374e-01
-7.722612631146466011e-01
2.221171863315316131e+00
-2.138380683121378301e+00
-2.772701969055379134e+00
-2.478834055878779807e+00
7.496706335356988493e-01
8.125159912637920367e-01
-5.804797668091785656e-01
-5.871559681104575601e-01
2.046914046633837803e+00
-2.008172644578395172e+00
-2.027382921343598543e+00
-3.475245257368849483e+00
2.566792715592813412e+00
2.077234233073168568e+00
-2.137494662484160646e+00
-1.713796857818169928e+00
-6.881583044663834414e+00
-3.095798707545919903e+00
-5.872749653930359415e+00
1.431106042057832095e+00
-2.027918887755272070e+00
-3.449013965355850253e+00
-1.338710128304777758e+00
-4.772668734115462108e+00
-3.687175187559082357e+00
-5.915533683080615113e+00
2.875348180767357542e-01
-1.144945779647273287e+00
1.473750786120572531e+00
2.402573611003852250e+00
4.376091330436626237e+00
1.172218064118610847e+00
6.744975734588509741e-01
-3.426770673109111875e+00
-3.082039638718248042e+00
-4.432446397915161818e+00
9.815898796089847167e+00
-3.256754637441848121e+00
-7.280589571913107960e+00
-2.286090184178513063e+00
-1.097351078447783568e+00
2.305537307753838583e+00
-4.351348670065629420e+00
1.036778752286480199e+00
1.349597173606616352e+00
1.600081963504095484e+00
3.919677863939011742e-01
2.846035267480576891e+00
5.276714059823786940e+00
5.862448259380946602e+00
7.879047902555784688e-01
-3.160306576940632439e-01
5.510145982458690916e+00
1.803386131595347441e+00
8.864108793401239694e+00
-6.977266469039448360e+00
-3.249027626269551661e-02
3.698377269265671341e-01
9.727000311712934444e-01
-1.758832418973949929e+00
-3.864992168622400470e+00
4.191634673516056453e-02
-3.265259415152507394e+00
-6.228404593879546258e-01
1.027329998204209227e+00
-4.301803335496224179e+00
6.045609797503443517e+00
4.977651253652403796e+00
1.765788889642624149e+00
-7.643716625591080449e-01
5.226570871936307761e+00
5.747770374720643893e+00
5.118116039336511491e+00
4.874040297363864127e+00
1.709882831374720080e+00
4.178873808373724685e+00
2.007085775547301942e+00
-2.878956862081860635e-01
-6.757938139884143602e+00
-6.466616056755760233e+00
5.885671205248458326e-01
-3.850707392742215962e+00
3.044469836362139858e+00
-2.240770227985517948e+00
-1.604338831478600014e+00
7.494012461472085107e+00
-2.388419945394124611e+00
1.660906482106239146e+00
4.452366527365006377e+00
-1.017125391289905423e+00
1.908679346223335349e+00
-3.002285218026967684e+00
6.265004195408458987e-01
2.654907416203881265e+00
1.101324478417073038e+00
5.788722472925596385e+00
5.803240512860181610e+00
5.641572227513981908e+00
-4.363914342298154558e+00
3.284972996411484214e+00
3.382508298567505900e+00
8.143355011808017796e-01
-1.355227185125586153e+00
3.338031981473839060e+00
8.376297934603929018e-01
-1.191904035417198582e+00
-1.661080408790863716e+00
-4.878786881466360192e+00
4.597825762882041367e+00
3.900977231521464805e+00
