1.359659611961736347e+00
5.616774577218006215e+00
-7.309921148730063933e+00
4.531433483209597490e+00
-6.029416382044683331e+00
-9.777912302737835626e-01
8.647102434690950856e-01
1.016028441787335757e+00
-3.775104020171877295e+00
1.503749255013515862e+00
4.639356723496423918e+00
-5.600043431853975129e+00
-1.467150161871932701e+00
-5.501518215463446992e+00
-2.498771643609318360e+00
5.181494053669220001e-01
1.520876495145442986e+00
1.278286241738830320e+00
3.561397840032386686e+00
-3.331698227812736057e+00
5.276665083631828956e+00
3.821852081912734622e+00
3.430167849390453938e+00
-3.660472690134803919e+00
-1.657327181366831104e+00
4.662201386066885611e+00
-1.953486522038115014e+00
-2.197936212178446258e+00
1.838205938153059993e+00
3.022764745788238283e+00
-4.668438432839546515e+00
7.304682390320249574e-01
4.061961120998737407e+00
-5.560659808387136138e-01
-7.802442280510796246e-02
4.475535757221041244e+00
-4.123186632026836662e+00
-4.369480035419248232e+00
5.407909143216538261e-01
-2.537095071453026929e+00
1.774975399324004277e+00
1.189376787477933073e+00
4.141074692064668383e+00
-5.352395493854956499e+00
3.537451937289830095e+00
6.578098815929098286e+00
-5.281644430006089408e-01
-2.849327909727664920e+00
-2.157702039272170857e+00
-3.305095965270778979e+00
-1.780939114145551283e+00
-3.181448354089992492e+00
4.538093686002301341e-01
1.915084061171519858e+00
3.915107878885325743e+00
-3.774311530967376260e+00
-1.782146316344239700e-01
-2.781165449894440478e+00
-4.619518513279841976e+00
4.273149242605351894e+00
1.380373511062160219e+00
-2.568666945668783619e+00
-3.033359626624551719e+00
-4.141061147764139250e+00
-1.154346008079032426e+00
-1.963529257681555729e+00
9.246452867054983926e-01
-1.852212864050849284e+00
1.907127331472621812e+00
-7.314934241738491050e-02
4.980649233615333848e+00
2.097705398009648725e+00
2.159531243486668917e+00
1.979360340542216101e-01
3.671560521767537999e+00
-1.853010955500090651e-01
3.057360764157231792e+00
3.008272879134687106e+00
1.836325162890948715e+00
-5.285918067154931066e+00
1.180953343408985834e-01
1.697182226850377562e+00
-1.589240636860542288e+00
-4.701429016112108172e+00
-2.870981289693175231e+00
4.022021040551770454e+00
-1.867087293920008051e+00
9.227687258468373344e+00
1.685799995788601180e+00
-1.257658138612945509e+00
-2.181100633525050014e+00
5.433482086582244186e-01
-2.607917967624983291e+00
-3.371884621624068323e-01
-2.015641159287506756e-01
-1.670005088302652041e+00
-4.148522158911458035e+00
-2.653981346399514774e+00
-2.563035340172897580e+00
2.241693853769817668e+00
-5.928732004545366863e+00
1.503703398521299417e-01
1.295154152991535357e+00
2.558232580493995822e+00
3.357749542132415499e+00
-2.799977964647556661e+00
-8.181006912406624920e+00
-1.681393661772317416e-01
-7.001930549788949243e+00
5.524776199432431589e+00
-6.222467448806722423e+00
-2.165584665679498588e+00
3.965037828618212412e+00
2.300001813453195765e-01
-1.792914537018457821e+00
-5.137587797605760009e+00
2.529867273778474424e+00
4.502850914489277656e+00
5.736906364379408263e-01
2.338213544523090048e-01
-5.111416919571834860e+00
-5.348500587131728157e-01
-1.124955026424592663e+00
2.352959270629364497e+00
-1.941556350519577645e+00
4.488968082867367926e+00
1.227140795510465621e+00
6.081972570873107387e+00
7.123060911207080181e+00
9.899624659628304402e-01
-7.131773753861601062e-01
1.429778969567195634e+00
-5.562879324023229932e-01
5.913178876026066177e+00
-7.348559730977468618e+00
-6.733796411068091459e-01
4.772350359273440645e+00
1.636613626565790014e+00
-8.366478448190439732e-02
-1.697902527069488299e+00
-1.155403718390061396e+00
-1.521871775940927707e+00
3.051096262265307058e+00
1.645658093768915586e+00
5.933556730604354623e-01
4.112079552135582183e+00
-6.824112605648746666e-01
7.370166485979907645e-01
2.174726172075498010e+00
4.152483718557911985e+00
-4.079134008056159999e-01
1.451522206623419686e+00
9.302931841126170776e-01
4.470369864508070279e+00
-6.155115818104561765e-02
5.356601388364406802e+00
2.094252988825489048e+00
-2.246103384992218288e+00
1.295016245432491830e+00
-2.280204025387144728e+00
-1.004293426495632024e+00
3.243190078992131298e+00
-1.663441382308833205e+00
-1.165109472551143499e-01
-5.166633677303821059e+00
-3.539458450762174913e+00
-5.402529691648054744e+00
1.121304609427011600e+00
-2.403388035830464897e+00
-1.230853308524513468e+00
2.517045012495568557e+00
2.458053705659441590e+00
-3.231015177353715018e+00
-2.217174464605213391e+00
2.479960007414189871e+00
8.072127716873612968e+00
2.203173343669141193e+00
2.823806580988747594e+00
7.935719082948158309e-01
4.714161038261191372e+00
5.630323318311593717e+00
2.516090711841441507e+00
-1.895002530089686887e+00
-4.694931378603810046e+00
-1.570385779894704292e+00
-2.474630869768772889e+00
8.627028412030981031e+00
-1.385421788105660301e+00
1.413710052429420383e+00
-3.814480928040357099e+00
5.805701130890183137e+00
1.003811250953022816e-01
1.880577769970489754e+00
2.015379694669348964e+00
-3.028584967386179994e+00
-4.079360805675229074e+00
4.017169532097745743e-01
3.287375424042552563e+00
3.766706617526807688e-01
-2.994632661094092541e+00
7.473006548458887011e-01
2.361380172749358852e+00
4.068875663141616528e+00
2.863317473249609613e+00
3.300249318596505610e+00
-8.123940843483211660e-01
9.977862079567545450e-01
1.672842195236525775e+00
-6.433740695516984021e-01
-3.452853718220552093e+00
-1.154145128100994677e+00
-2.642735721946360083e+00
-1.021813452755861995e+00
3.725494943468091069e+00
2.168380821671410441e+00
6.102208779161031327e-01
-1.403480939778420034e+00
2.779360488702940835e+00
3.617977115976589886e+00
3.847745825778129625e+00
1.431638825784993685e+00
-1.677780147339767991e-01
5.775862292545765442e+00
1.058019083276187988e+00
-6.910163063337818379e+00
-1.878159970665260303e+00
1.768808869670429162e+00
7.972690556123361860e-01
6.156996696062068120e-01
-5.601639422712115790e-01
2.211294768212911599e+00
-5.081945481783228580e+00
-2.187686988098052510e+00
-4.656678406811225912e+00
5.449298246500438481e+00
2.009710260276220684e+00
2.639308711726086720e+00
-1.268485260504431389e-01
3.004053845976572656e+00
3.383261049360828387e+00
-1.540972289757642333e+00
4.720179428375979036e+00
6.914436457821623305e-01
8.214646000814067150e+00
-7.027251532742827544e-01
-1.231513698872843232e+00
2.238917296494321807e+00
-9.043838090193413448e-01
1.085069402421481533e+00
-1.779195896000855370e+00
-1.445116456391071669e+00
-6.693463959280405717e+00
1.347709558121984674e+00
5.690862201656862851e+00
4.770378029019848753e+00
-4.955414144338736726e+00
6.679121252444244483e+00
1.446535878442161138e+00
1.834688818574414571e+00
-5.088954337085876745e+00
2.352910824672659107e+00
-2.555436403601162976e+00
4.996097730290072647e+00
-4.369702006294338581e+00
-2.442563097798808869e+00
