-4.275586350453649542e-01
3.917201919920587638e+00
3.308152449019567065e+00
1.116753674577214417e-01
-4.666409937965038779e+00
-2.737303256937368090e+00
-1.809083965819441309e+00
1.497569596658737456e+00
-3.066896407316277884e+00
-9.988045358462846468e-02
-1.389376959973178893e+00
4.084120070029941374e+00
1.419065638438957722e+00
8.556171913024228637e-01
5.230968207587487484e+00
1.919008448649986542e+00
2.390464991364853908e+00
4.838202538760295823e+00
3.450846291559660273e+00
4.109925905035957783e+00
-6.433213525096237895e+00
1.246794954756272333e-01
-3.297771323274088839e+00
-3.228312607811326895e+00
-2.336501572586793252e+00
6.490951822968760609e+00
6.434495533294079195e+00
-4.496914947055552503e+00
-5.204975136546092784e-01
4.515320677787579839e+00
-4.979287422836594423e+00
1.157627366818431591e+00
-1.053910775336663441e+00
1.288245526976635302e+00
-4.295858791183664316e+00
-1.864414487615650318e+00
1.880853189587270435e+00
-5.385134159634054285e+00
-9.707562816078065815e-01
1.813719019818339495e+00
-6.514043589228173836e+00
-2.595307066439426436e+00
5.287019983240049292e+00
-5.117020389189287144e+00
-2.457678105422305415e-01
-3.485999591095442884e+00
-6.136824044795344268e-02
1.232819238693007247e+00
-3.970586904392456318e-01
-1.500538424232136459e+00
2.376521302285647952e+00
-2.131987167257604732e+00
6.962621537095592394e+00
1.468262553475430998e+00
-3.196659266131422150e+00
1.245950399460247215e+00
1.519105471211971148e+00
7.955604474801768189e-02
-7.568995645276750395e+00
8.951491489291576453e-01
6.524410252269507104e+00
1.170976890985995222e+00
2.456590095629681780e+00
1.070039226505277385e+00
3.545770910621219407e+00
-6.188560354864244495e+00
-4.470838592201615391e+00
-9.878965694920920360e-01
-1.706815045255600516e-01
1.189956405681628526e+00
5.038912425464592282e+00
4.634435806438038874e+00
-1.282251709817677110e+00
-5.512518897648440719e-01
-1.529665872197165877e+00
-1.448551059880360592e+00
1.794191545861522741e+00
-1.936748812722723923e-01
-1.550795038906808365e+00
9.092387448394667615e-02
2.365961634360566279e+00
-2.946998129013830070e+00
3.028705412986150591e+00
-1.749432155212119477e+00
-4.607144397278641001e+00
-4.188986970973672119e-01
7.934719350384173531e+00
2.637306927305306914e+00
1.507307903913355229e+00
-1.652835942246446699e+00
2.293697364379221337e+00
1.947753066689110080e+00
2.838123050181328377e+00
2.617109550512664917e+00
1.199527598310737631e+00
-2.813880474634619766e+00
5.445794883239959638e+00
-2.627768871832868225e+00
2.200852982451860118e+00
-3.029765014675771972e+00
5.893551652929324369e+00
-1.291936576497523692e+00
3.740767016412084534e+00
-2.493047069096061996e+00
-1.748387213266094919e+00
-4.555605280171637794e+00
3.765409648875663873e+00
-4.230414294896511773e-02
7.503095337416931798e-01
-4.247344549806197911e+00
-3.182353675489604239e+00
-4.932707560270820357e-01
2.860429280493370641e-02
-7.627398519217442718e+00
-4.087526621860289033e-01
-3.511207143707598899e+00
-6.852007788387570741e-02
5.572540002784256430e+00
-5.285948602264086915e+00
-2.800924623213413955e+00
-3.290338641157493527e+00
-5.293796190863756523e-01
-2.244909501525108597e-01
5.411416130406226932e-01
-1.817635280789278829e+00
4.699556577303525273e+00
-3.764636322016219339e-01
-2.266852178163016873e+00
3.515817711390500921e-01
-1.196593699270268152e+00
-6.558868446605185198e+00
3.180175844119984774e+00
5.680399550886692239e-01
2.473086896638910126e+00
1.012865701547882136e+00
1.461817231129196815e+00
-4.928086879769630890e+00
-1.098048387283206750e+00
5.454850068818458908e+00
-5.288443296343169564e+00
9.283959826418597405e-01
-1.890863744358305953e-01
1.618804941771167183e+00
1.606921176939649643e+00
1.535692629537798171e+00
-9.341541306386977883e-01
-4.271545518737940306e-02
2.406091383428779373e+00
2.108174503964457269e+00
1.075429017206682270e+00
4.374542081931745763e+00
-1.271943115277977210e+00
-2.971760269980059377e+00
6.378697192292607232e-01
-3.172119057079763493e+00
4.899399860417747998e-01
4.363211430876586805e-01
1.204147699624804391e+00
4.456711482639923005e+00
2.849209732483989121e+00
7.897529552081241633e-01
-2.451453327730051535e-01
9.529946635105284169e-01
1.630710155696399877e+00
4.163259611925241188e+00
-1.664292604916366991e-01
2.700895660448276558e+00
-1.806946524917384167e+00
3.754099705678520804e-01
3.092788355213343721e+00
1.197061700102477477e+00
3.308963968624524910e+00
5.756191513411565985e-01
3.813403338188428471e+00
3.101368852094642747e+00
1.320068579626895389e+00
1.598330976147498639e+00
4.093225401913565875e+00
-2.684963590915087073e-01
3.303246463750467710e-01
-4.413532535601288664e+00
6.506654256997113084e-02
-1.534555799626839523e+00
-9.165501712805741441e-01
-2.100263582176477684e+00
-3.450829816914219972e+00
-2.731720826369500088e+00
4.301601155770355955e-01
-1.679321443189433216e-01
-5.811711233803348087e+00
3.127379751080359149e-01
-4.157728451372564304e-01
-5.381706790647425853e-01
-2.240523388784114722e+00
-4.106417489804203846e+00
-3.257996560515449502e+00
-9.491108928041843695e-01
-2.808347692591164790e+00
-5.061795819519390172e+00
3.811266486923425401e+00
-1.782684447995330324e+00
7.070945449836724350e+00
-9.083360209090485249e-01
1.924596664695237047e+00
-2.189395940730670453e+00
-3.201374128827140786e-01
5.833023184743866274e-01
1.078862714632632613e+00
3.398948705580920659e+00
5.137219981883639264e+00
-9.360844994196374502e-01
-4.385660228502686664e+00
4.134822244808210812e+00
1.547973724779943439e+00
8.796452408905084397e-01
-1.061863050211309112e+00
-4.421670399216582226e+00
-4.144250434862907007e+00
-5.532257458425607344e-02
-3.956172782427739065e+00
-3.811926093829021145e-03
4.125321835265088333e-01
5.838842649730878520e+00
-1.120485504919066511e-01
1.473451391176295422e+00
-3.665508979838171477e+00
-4.937493281657523880e+00
-4.293335509432917085e+00
1.758660013861137905e+00
3.299603070662697313e+00
5.042641498576747594e-01
-7.354566618503661779e+00
-4.642274097477847583e+00
2.844918908636761223e+00
-3.380918101325167235e+00
-1.571723016773947101e+00
5.542783298220956389e+00
-5.702535960788305047e+00
7.473708905777973754e-01
-3.346161607797828008e+00
-6.075140083798362234e+00
-4.502080729852498742e+00
-2.401489929609065932e+00
-4.501803391391050901e+00
-4.448347688733809591e+00
-1.951759815565050182e+00
6.772594521291511072e+00
-2.855343413797485130e+00
7.747480879010572252e+00
1.125349645490516526e+00
-2.563595573185000198e+00
-1.229017313850870208e+00
4.053174685185838122e+00
3.614638590733382006e+00
-2.318027499413997106e+00
5.880164674304602102e+00
8.969526920891542687e+00
1.134562389987689990e+00
8.067570974639863834e-01
-1.390570175331399927e+00
-6.912545412835100489e-01
-4.528765520590160243e+00
5.550105345833857839e-01
-1.080056361397638831e-01
2.444368502490895878e+00
