6.235870470154933010e+00
-9.214705492731736669e+00
4.163853199463860122e+00
2.615043554227832967e+00
-2.063510926499902531e+00
-2.006200942734424064e-01
-4.886709336839150097e+00
4.456307193466590988e+00
-1.201431951146598509e+00
4.708710876535387335e+00
4.013483803420067275e+00
2.033001273232790673e+00
5.941154462642621148e+00
1.045574156364764251e+00
-5.164343886191277377e+00
-1.131679884017788851e+01
1.241038063180712969e+00
-3.189342798960052239e+00
5.954674865557914032e+00
1.648959936384305491e+00
-1.866205052793604713e+00
1.047735655190396642e+01
-5.791828094376343827e+00
-1.542725818701135765e+01
-2.332050825600048061e+00
-2.284519702868267110e+00
6.035575813339348450e+00
-6.050824848080950780e+00
-7.623021775498954433e+00
-1.123261702798172168e+00
-2.174219043982850152e-01
-6.206582722890863657e+00
-1.930016868676331931e-02
2.339617253890992288e+00
-1.114485200786407226e+00
2.792044686671253828e+00
9.526855214971710062e-01
-9.850925318716838852e-01
-6.472465125425577170e+00
2.858723477179931471e+00
-5.234670631619833259e-01
-8.782717994314268140e+00
-4.592766095488808098e+00
3.285338425630857095e+00
6.383303214744477039e+00
7.179321630291231493e+00
1.210686246823238665e+00
3.602738354976789736e+00
5.940018192248684770e+00
1.966904387427841128e+00
-4.435280139791009546e+00
1.529725842503808053e+00
3.390563916947730849e+00
-3.149546776211019639e-01
1.496109229525551254e-01
-4.847575126135962087e+00
1.209799436549421348e+00
-1.258777859617351114e+00
1.377382874964824255e+00
1.877818138522055813e+00
-6.493783931305091350e+00
1.089406648142695033e+01
1.023048805247595894e+01
8.312979871459392101e+00
-1.742620628419738305e+00
2.365960905575475781e+00
3.861834058546846915e+00
-1.113874214785228389e+01
7.405433005489903131e+00
-1.725838859734179387e+00
2.161218257972837620e+00
2.053276817811250599e+00
-6.729357122160664062e+00
-5.697600111975409387e-01
-9.487053227338584804e+00
3.396531673058057699e+00
-1.775617345211785381e+00
3.348581645520863237e+00
2.493851512848666019e+00
-2.312922179079614171e+00
9.874137057652475846e+00
4.334799542251735360e+00
-2.425490694835372274e+00
9.269468080417322398e+00
-8.618353288335676154e-01
-2.400897169972379341e+00
-9.636218927030222314e-01
-3.066456676277569571e+00
1.232434391466595436e+01
9.292085154055028440e+00
9.620382419306638511e+00
-2.812021465762234218e+00
2.583485625574819089e+00
4.079494477024895538e+00
-3.412615474749128630e+00
5.879568463606695161e+00
-3.936439276330743642e+00
-4.552675195459135793e+00
-8.618864526056877473e-01
-2.435017229633787750e+00
-2.731247417304972558e+00
1.376630197515994425e+01
2.046053130831275269e+00
-5.175786292105754027e-01
-1.476938421860041206e+00
8.051133936976222483e-01
1.120428926998931551e+01
-2.279264517481373709e+00
1.272467537895260126e+00
3.126072751047230813e-01
3.712571404947655473e+00
-3.809164110312154294e-01
-1.258177845137582906e+00
1.615089641744596349e+00
-1.390823135329184979e+01
-1.270721861393019658e+01
1.384923292672947559e+00
4.419860725279876945e+00
5.375035175354586414e+00
1.719008779425809097e-01
3.527942934547754206e+00
-4.222561200796254965e+00
6.893418209679623487e+00
-6.172028567898657947e+00
1.431127821812178402e-01
5.752626320276990057e+00
4.155317853490462454e+00
-4.454777797863074262e-03
-9.123533163787600486e+00
-2.325135955592994463e+00
2.020257493776371316e+00
-3.857904774177446372e-01
3.779567389338542860e+00
3.520210803449443038e+00
-4.095573137108331485e-01
-2.925440305607237779e+00
-4.669792616174897937e+00
5.458187913684238168e-01
-3.784583509702700965e+00
9.723630290296632950e+00
-7.334856671605853862e+00
2.889946132069229456e+00
-2.188257984075060447e-01
1.096219960888929812e+00
1.554222336115037795e+00
-4.194457834623221970e+00
-1.446559615349564609e+01
5.571807639625045105e+00
-1.269988709259214921e-01
-7.314146013321428441e+00
5.768742220793264153e+00
-4.993359685559743077e+00
1.440996343221101927e+00
-3.619455111877918796e+00
-3.254763123453325413e+00
2.821406342352702712e+00
-8.909138189394720797e+00
-1.635200893035292813e+00
4.761309987255483378e+00
4.505169560322366706e+00
2.908062242414846565e+00
3.045775656813765053e-02
-1.307865766780836325e-01
-3.632303396251870709e+00
-9.347080805848268170e+00
-6.802950827060940675e-01
-3.768764267688526015e+00
1.229331561916865212e+01
4.036626561347708808e+00
-3.703579116242827318e+00
-5.102461819347086092e+00
-1.096261605733603695e+01
-4.128173837459452322e-01
-5.698527906003465482e+00
3.906549933948169517e+00
-3.697769992190458765e+00
-1.542155989519436332e+00
-6.530096895130130363e+00
-8.346530037664901869e+00
-6.326484443525486334e+00
-2.474445970536905293e+00
-7.506792542621980147e+00
2.578514504593671486e+00
-3.979459862664008085e+00
3.890983474455746105e+00
4.491304266772541354e+00
-2.417452547772237725e+00
-1.110437229739984044e+00
-8.731979031328862106e+00
-6.112604544258251060e+00
-5.957158202105909517e+00
1.225358054868169333e+01
3.638778674552561321e-01
-8.634970379095346260e+00
4.970952331978686356e-01
-6.388838435714011332e+00
4.305330409396909808e+00
-6.225774940684593695e+00
4.262696511796464804e+00
3.395796585176562132e+00
-7.926859782795846465e-01
2.878570036999799076e+00
3.182695199702125333e+00
8.866001327438837620e+00
3.719470398058470018e+00
-1.559458381764461388e-01
3.966086130806685262e+00
3.017999156005600092e+00
6.804255362391059769e+00
1.216261109141073682e+01
-6.704668641532995466e+00
-2.447215663167194410e+00
8.861767169556410417e-01
-1.386214461422429878e+00
-6.890518325809344979e+00
-5.749946301238082924e+00
-2.601408967357231039e-01
1.695160840101321176e+00
-3.691035188017265156e+00
-1.718863933093050855e+00
-6.397877327021753935e+00
5.929928180150588979e+00
6.248764968079791871e+00
-2.129696766828650834e+00
5.972527209358299283e-01
2.128708112458290724e+00
5.788234067725250398e+00
5.474934628778409973e+00
-2.431556953668689847e+00
1.570234907775169386e+00
7.062492489362761638e+00
1.297751124661289390e+00
-1.405725218681781463e+00
-6.551817496164832555e+00
-1.252874794490017329e+01
-5.651247582404590020e+00
-6.044990753964741614e+00
-1.321916185673463140e+00
-7.617829276841519004e+00
-4.994927235252319520e+00
6.334960702339532901e+00
-4.672673344738392798e-01
4.604694280416641305e+00
-1.085056996484892400e+00
-4.428540459636143289e+00
-1.896908267034167206e-01
-3.999262231461894856e+00
2.463633510775690816e+00
5.028885858236518125e+00
4.006233273095745950e+00
6.082990114177096785e+00
7.284309165340490111e+00
7.515591741453081731e+00
-9.110294091308682951e+00
-8.922307334799942646e-01
5.124860250857857125e+00
-4.418607784293318019e+00
-4.710075554076872173e+00
-2.581170236744467328e+00
-5.428446362442784778e-02
-1.697894581429379546e+00
-2.938787098768930850e+00
-3.543008185217418227e+00
1.458872887496691462e+01
1.274493617894829001e+01
