2.020967031668936986e+00
6.451787038277220887e+00
-7.476400123835930778e+00
4.696128339573186317e+00
-5.970445441395273889e+00
-1.309679629332859419e+00
1.278078660215591578e+00
-3.869388569931405675e-01
-3.089292951059909420e+00
9.280807369851349353e-01
3.367090978814599289e+00
-5.117054780318357032e+00
-2.018501525422933263e+00
-4.619629683257763908e+00
-1.369939676844484922e+00
1.388150153412923249e+00
2.547755402609181097e+00
1.370765460700452021e+00
2.868225960311404865e+00
-4.705387753928672367e+00
4.310191349300874997e+00
3.835214453340326735e+00
2.595017074745712193e+00
-4.554272673683560591e+00
-2.346774872668774936e+00
2.480469098049205900e+00
-1.519376917453117093e+00
-2.686236597807937443e+00
5.371487186358779864e-01
3.014895769148695059e+00
-2.536383825608745202e+00
1.492901613304161712e+00
4.173668687997743376e+00
-1.728357060468282080e+00
-1.011110272377981345e-01
4.510714676466414552e+00
-2.915280432155958668e+00
-3.769247208258515336e+00
1.193297198496312772e+00
-2.090287256128770643e+00
8.563079607791392878e-01
4.689628914209109656e-01
4.396529635409857306e+00
-6.277967583851539857e+00
2.608088897077315060e+00
7.004837183925666899e+00
-6.087748957566193608e-01
-2.876710810943840624e+00
-2.758986675722963078e+00
-1.584522956146341421e+00
-2.211902794208369993e+00
-3.284426832791401019e+00
-4.360951556366532422e-02
1.445973315811204696e+00
5.194499981172286063e+00
-3.698258955728440878e+00
1.162253368890184824e-01
-4.244656151053551874e+00
-3.388761161848092396e+00
3.445542906799676786e+00
2.416294349833111088e+00
-2.834958787017838322e+00
-2.291612281437954479e+00
-5.302231133154505116e+00
-1.325049476368032053e+00
-1.686719238233367335e+00
1.820989069427986218e+00
-1.467045593476800969e+00
1.236492061872909165e+00
-9.011093962727565465e-01
6.263411119542042549e+00
2.115864337760803515e+00
2.071991398686407138e+00
5.273209456313132648e-01
3.381602656825767550e+00
5.215419862864604239e-01
3.630329057574404050e+00
3.616036221602264789e+00
1.266981037373838603e+00
-4.271646771426963696e+00
-2.477572316497293592e+00
7.489843637934933129e-01
-1.201881593821792160e+00
-4.744147858457448130e+00
-5.021567271552720868e+00
3.210904155392885873e+00
-1.468012307380643033e+00
8.047073081092664282e+00
9.363154881536135399e-01
-1.324658292545624505e+00
-1.727123800622893945e+00
1.996261272004043186e-01
-3.820109913703404469e+00
-7.558189160263791839e-01
1.749653379208221393e-01
-3.242954404952153702e+00
-2.782307091736130999e+00
-2.404419278477626598e+00
-2.869902511055002936e+00
1.442640283782686161e+00
-5.461099074093676009e+00
4.631160550888350214e-01
9.419479541763932096e-01
2.114919614010714266e+00
2.703494864938988052e+00
-4.536054226856748528e+00
-7.811490123329195789e+00
-9.752200765842415908e-01
-6.485783584835254523e+00
5.914031532724602691e+00
-6.281323920657042592e+00
-1.895028794075489076e+00
5.580619715624274058e+00
1.026337710834222205e+00
-1.388676689665920172e+00
-3.553705485140321585e+00
2.318711122688999371e+00
5.493492998069544164e+00
2.720777301664256687e-01
-3.761046025906600310e-03
-6.404420102207521559e+00
-2.009898695797626811e+00
-4.981331308614674880e-01
2.288100705857954331e+00
-2.869540084181736894e+00
4.025463679481888768e+00
1.624476197627181984e+00
5.912620678015430897e+00
5.976585562388664563e+00
8.258804240152128884e-01
-1.787324124423279592e-01
1.952799578038499906e-01
-2.068538288875066133e-01
5.501027776589745066e+00
-8.411291537328207113e+00
-1.797829572480510008e+00
3.708224348765244649e+00
2.661159437890296076e+00
1.785985169846927345e+00
-3.095256504497516215e+00
-1.367433197138588241e+00
-1.412930492477697086e+00
4.546482411174332938e+00
2.298855117102624135e+00
1.764419630422010332e+00
2.118565098001208735e+00
6.132083826213843292e-01
2.657649505634436249e-01
1.457499593509754776e+00
4.943593201100465073e+00
1.538636066245321066e-01
1.608783016535773491e+00
-1.101797575397414353e-01
4.543164515894263289e+00
-1.091256791038082596e+00
4.385459591940691126e+00
2.772901634589543640e+00
-3.464096438279958168e+00
9.257462103665736741e-01
-2.726429070413461719e+00
1.667862802676739697e+00
5.403681296460147720e+00
-1.498783874919416226e+00
8.904965645422195930e-01
-4.670175735514023430e+00
-2.969099831308540161e+00
-5.162153588361105605e+00
8.351277578936678880e-01
-2.097687994826999969e+00
3.117398364749049411e-01
2.667171117954389548e+00
2.434224893734899364e+00
-2.472719650355964305e+00
-2.589371290425480865e+00
1.114592137299075247e+00
7.099700697513629422e+00
2.560126657454219412e+00
1.341921889136628243e+00
1.322656999574681969e+00
5.773526418978459418e+00
5.436527746996145716e+00
2.141706551151186133e+00
-2.248446979116936362e+00
-3.812148751123911605e+00
-8.327109343075342895e-01
-2.050298545231974412e+00
7.695018044307007976e+00
-6.467068893110654582e-01
1.293708481478693439e+00
-2.238781405611688591e+00
5.053151439329345962e+00
4.154258840024563360e-01
9.836907341815268602e-01
1.865070337140454892e+00
-3.431297935429454160e+00
-4.353456493164309826e+00
3.845231102972813120e-01
4.688012981381842970e+00
1.137659385859949079e+00
-3.962624785602103739e+00
-1.133671659652236485e+00
2.154231469132358079e+00
5.250827803463186783e+00
3.049497446453761640e+00
3.711008156843389028e+00
-8.222877990925786529e-01
2.184869322490067045e+00
3.585244202600447849e+00
-1.730118137898785102e+00
-4.203347601468804484e+00
-8.375031356473013888e-01
-2.992955087444863604e+00
-2.347525239127067564e+00
3.581190199359786774e+00
2.873147691191543895e+00
-1.255726766690542950e+00
-1.631451844969924903e+00
2.277515124473636021e+00
4.966864416625945466e+00
4.530703064034194760e+00
-3.027612448945936618e-01
-3.464376192586552383e-01
5.090765865825949810e+00
1.174185176806786579e+00
-6.734327949107812294e+00
-2.902251824396066215e+00
1.538885764857772065e+00
6.837317866200620653e-02
1.569457138150841535e+00
4.305863025442481229e-01
9.178470191352620100e-01
-4.229575735857302732e+00
-4.223467814834381606e+00
-1.984326388963493670e+00
3.953647278616962080e+00
1.328710272799618952e+00
1.154047816206718480e+00
5.406057011347791263e-01
4.149124541097300778e+00
4.318069767087441058e+00
-1.787675696174337192e+00
5.331017646250791664e+00
8.420373039907924628e-01
7.410963235595477094e+00
-1.332709451475794893e+00
-1.293372220034606945e+00
2.790577885223552101e+00
-1.027298083108261428e+00
2.176495054739508550e+00
-2.350130630343245652e+00
-2.677904345838341360e+00
-6.428325482157721815e+00
2.787250583280745375e-02
6.374911176986510775e+00
5.526838966341694359e+00
-5.451516306551935642e+00
6.310431024250605425e+00
5.792269759913436511e-01
6.054793413724324225e-01
-4.054117499690848447e+00
2.549755493687522634e+00
-2.795207977126329180e+00
5.348692657908037162e+00
-3.930437696323678232e+00
-2.847883035449997102e+00
