9.199248806778635990e-01
-5.693822059236164357e+00
4.484218445938496167e+00
1.756558456624468301e+00
4.368459531618832159e+00
-3.441223629612200963e+00
1.793931598496860458e+00
8.013366736407034896e-01
5.095846204990296613e+00
-1.233978970702229283e+00
-1.336694211754178019e-01
-8.992047537901294518e+00
6.328412303316665266e+00
-2.735866304595905518e+00
-1.510636749378964638e-01
-1.422557355617096508e+00
-1.334831266237065828e+00
1.170939313838873730e+01
-7.396648077783033459e-01
3.007238339052076270e+00
3.731392176503916858e+00
3.208074353545662394e+00
4.303966941078100739e+00
-4.137291368538114966e+00
-8.095714082336455064e+00
-1.131188929267827170e+01
1.608497717635440916e-01
-4.535539297218130095e+00
-1.674895273872154977e+00
4.541182048551570816e-01
4.754739473545293471e+00
-4.805460647081591041e+00
-5.565340958818619788e-01
-4.381444177510339877e+00
-1.122526091369411949e+00
-7.438100059824586108e-01
3.921275971563293883e+00
7.908067964098817626e+00
-3.787139993668920734e+00
-9.700826652358031765e+00
-3.759888119332005285e+00
-9.651714491937535279e-01
-1.481388168011391615e+00
-8.291904143606230182e-01
6.104378655110997975e-02
-7.108061163290990692e-02
-3.134560649983035852e+00
4.809882894207987647e+00
-3.642118197947804337e+00
7.459806629868099837e-01
-2.397598657263309563e-01
1.787296467662139232e+00
8.232040238666495924e+00
2.262478790776165205e+00
4.849390522549360760e+00
-1.892525583020819635e+00
-4.458821063533319196e-01
-3.690133749317155765e+00
8.575598217147241131e-01
7.138862072838875195e-01
-8.355353290147040646e-01
-8.951346045963227027e+00
4.981149320823436533e+00
-3.417390473146876495e+00
2.106486460470536670e+00
-3.139890131996563305e+00
-2.483573866451137313e+00
6.395475786621919845e+00
-1.415464754228620725e+00
3.105185838480121419e+00
8.553293112070570192e-02
4.054648208385094321e+00
-1.406110191893773731e+00
-1.127061205336797212e+00
1.725590352281546558e+00
1.912424402414825808e+00
-3.485102701647532886e+00
3.939955036635528263e+00
1.026925921535949193e+00
-2.338153842574477892e+00
3.182077670653592261e+00
7.483277868559230939e+00
2.151187925853524696e+00
-4.528810991877323389e+00
1.564435615985475758e+00
4.657708818074876689e+00
5.019315891349024339e-01
-5.788413850584171350e+00
4.202637879556478495e+00
8.493429550620874569e-01
-1.271533054347944613e+00
1.042919454318069983e+00
-5.554483952726655183e+00
-3.113360484233011594e+00
-7.348268241356052499e+00
-8.635331280332445569e-01
-2.803508500569549700e+00
-2.830041777230108302e+00
2.323964465056590267e+00
7.516830397520577023e+00
-6.164538600166709514e+00
-3.135399359300290012e+00
-7.588795171214760549e-01
-5.150706628557029987e+00
5.990408865587449894e-01
1.614116070775831968e+00
1.300767963894489121e+00
4.362460676893535449e+00
-1.878346273369593700e+00
1.476154901541495201e+00
-7.767296156587599754e-01
-2.680092872979016771e+00
2.659054185084225308e-02
-1.632137642863785043e+00
3.276350936290527649e+00
-3.523772100226703952e+00
-3.905959676133457403e+00
2.467251783937008280e+00
-1.770292867050635488e+00
-8.123615769543787835e+00
-2.043045971395009985e+00
-3.804475053949524233e-01
2.440250189160572347e+00
-1.783213360897590416e+00
-5.959839603066241942e+00
2.741225610000156188e+00
-3.977450344354169776e+00
3.377058109449665668e+00
-1.956631337815692762e+00
-5.134393345691836252e+00
-6.310566742830121534e-01
-1.352612365707286823e+00
8.418664087945726848e+00
3.776243512988236350e+00
-8.553836264337611794e+00
-8.002461783845665755e-01
-4.329070279610738314e-01
-2.194075584863255823e+00
-3.796124825305430939e+00
1.101795592440956373e+00
1.397669180555204171e+00
-9.751469033257207375e-01
5.208968454709678175e-01
3.737167312381912243e+00
4.763001816798086985e+00
5.963957761355418441e+00
1.888069373443958421e+00
-4.708207332828359348e+00
1.285753681477783683e+00
2.669393454435515345e+00
2.690467829132009214e+00
-4.230556459866278374e+00
5.324276180646437817e-01
-7.215647559701374725e-01
-2.389541012782483875e+00
-5.744719897474691805e+00
-1.293599938638077429e+00
4.513746000946080805e+00
2.958887990727242290e+00
-1.832881454738783500e+00
1.159000061461226494e+01
6.438967179339184277e+00
3.751338312022728938e-01
3.884558876251305026e+00
2.695415523843802230e+00
-1.017739255051351766e+00
-4.410185933847354245e-01
-5.188914459358007214e+00
1.671427962380271470e+00
-3.620577050635912286e+00
3.854771652742560839e+00
4.139314546266614769e+00
9.296092282504968551e-01
2.859247568461878775e+00
-2.750604000343793931e+00
1.622236580850950904e-01
-2.523232803179206840e+00
5.417447278426505086e+00
3.303458468358206446e+00
7.352758721175852052e+00
3.700402797290445633e+00
2.197535852029790959e+00
-7.748778232897830520e-01
-4.530664854566428534e-01
4.384958509310427743e+00
3.340171135205272979e+00
4.050593945874646273e+00
-1.377886308465659404e+00
7.835338633975818645e+00
-1.478922974975590332e+00
5.253110986171138919e+00
-3.506358878707328319e+00
2.160175635079690348e+00
3.727756302224125129e+00
3.469068617346984240e+00
-3.134443123143069609e+00
-2.579791123096327521e+00
3.538599884644543003e+00
5.438244608947207404e+00
1.641378067175837341e+00
-2.253607607387846379e-01
-9.649957636657809701e+00
6.469378292993460455e+00
-7.692373649592674667e+00
-2.292766751671744707e+00
-2.803166599673261317e+00
1.913910999870021001e+00
3.392885357993264073e+00
-2.594356806101502766e+00
5.116044755286192292e+00
-6.299760581030216855e+00
6.462575475035995609e+00
4.312725721749054664e+00
-1.138115077948659959e+00
-4.390985319756616434e+00
7.762661862403958501e+00
5.288688395597803016e+00
2.254379948776882081e+00
-4.658319543879814173e-01
-2.435506709160969230e+00
-2.889619254160658457e+00
-9.571753027114551671e+00
-4.315283534618417072e+00
-1.010668059934030971e+00
-1.526645176653817160e+00
-4.829843814417294490e-01
-1.411144770149564076e+00
-2.078094849832879287e+00
1.069677957618686115e+00
-2.524616781330622839e+00
6.008458695899276059e+00
2.427700321581043319e+00
2.871815852682516823e+00
-1.694954910562993522e+00
3.230617736958635078e+00
6.193281581359789456e+00
-3.251631909247873486e-01
2.356618625150611379e+00
-4.629721812038898321e+00
1.423325606338343485e+00
-4.595334159218969816e+00
1.297762127881520455e-01
2.183033856745337342e+00
6.448076845058810236e-02
3.863575926586611420e+00
6.292193739611359860e+00
1.093000273841617798e+00
-4.241486404881738892e+00
4.557335341327020117e+00
5.782270274052563330e-01
-7.077059726790762895e+00
-3.878019179629479840e+00
4.587181210843592538e+00
3.325563728839564526e+00
3.211644835254988894e+00
2.075952913513731346e+00
1.464415546278385438e+00
8.467151828015181403e-01
-1.339485804959526849e+00
-1.754080529790978393e-01
-7.452897152716553286e-02
2.324714843771296557e+00
-6.428248696426025477e-01
1.611796849350110250e+00
3.810225472396402968e-02
