-1.302905929991680978e+00
-6.514491118666088099e-01
-4.078366919781439393e+00
-2.557040153847134789e+00
3.174251406475692594e+00
2.286970727156985905e+00
-5.214712836328426526e+00
2.406171276840642470e+00
1.385907095787098475e+00
3.472707948437134817e+00
-9.890174070477764090e+00
4.869215414098246875e+00
9.266671231073120296e-01
-7.837575461607620975e-01
-5.421781987512073187e-01
1.268153971047557782e+01
7.104651681497633486e-01
-1.842767085824865703e+00
-5.383602100936681900e+00
-3.056824472246736590e+00
-5.185193611211715847e+00
-5.946053277117062663e+00
3.818393949872957105e+00
-8.019904994977574475e+00
-1.704539643845053298e+00
-8.895253477667948161e+00
-7.561218066355883671e+00
-4.601017220948201647e+00
-5.793180950913720650e+00
1.402676774361391709e+00
-5.149501668437294732e+00
9.785772056448514888e+00
1.379844469376596905e+01
-9.733013985757449360e-01
-4.492515830071821981e+00
-4.030957769853044326e+00
-1.478202662260242661e+00
-6.518808013428444070e+00
-2.373653147037343647e+00
-2.451193137992148774e+00
-3.189104958857991168e+00
-7.646709500028355144e+00
-5.598186147064441620e+00
1.019404972621587024e+00
-5.511174452654673317e+00
-3.453052464037880687e-01
5.517693907859005265e+00
-3.237759734388531374e+00
6.625127244649415825e-01
-8.756091333933055054e+00
2.528851997060151735e+00
-3.119124175766260221e-01
1.140067953746677576e+00
-3.120762039103020524e-01
-3.222458811722541672e+00
3.996511932660423927e+00
9.324577425972693234e+00
3.500782689207728282e+00
4.674267308563435641e+00
6.231768021018511128e-01
4.232471197971378274e+00
-5.339961821697641886e-02
-7.163453875241255986e+00
6.032607148063862113e+00
-6.203777580024455451e-01
-6.933114457251487117e+00
-6.897673165346533075e+00
-1.353598068040402724e+00
-1.238775854028944856e+01
-1.629374875171552217e+00
8.422195166199051286e+00
-5.482396355211777816e+00
-2.141550391080158988e+00
-2.534978283578201985e+00
2.748569007184875623e+00
-6.584154899266435379e+00
9.369620649379614363e+00
-6.640798300800219600e+00
2.131875369861225611e+00
4.623143193589709377e+00
-4.235269872406033365e+00
-9.524384829013377018e-01
2.959269778223299951e+00
-5.296749739187967876e+00
-6.052893525358099325e+00
1.775257206403754839e+00
-4.070915439777078149e+00
2.384034366916062631e+00
4.454950432550462303e+00
5.042515362474865981e+00
-1.248288850050782939e+00
5.530475100292900903e-01
7.262434983505901442e+00
9.027877476044944061e+00
5.202022574322944237e+00
-8.039156270580541275e+00
-3.373085439302337729e+00
-2.784348354580276741e+00
1.916082437456474885e+00
8.629076067151991936e+00
3.521473774059483919e+00
-5.676007580361694949e+00
-1.131480503054606146e+01
-7.744627237823461741e+00
-8.747299910139643586e+00
4.652640079058508071e+00
1.336840265555315543e+00
-6.598496276689251872e-01
-3.332265624596817855e+00
-7.157595943876273736e+00
6.438426683563990061e+00
2.538994063618885910e+00
-9.133594062766947630e+00
-6.109761632250877206e+00
5.543079646588372711e+00
-5.982334939240946170e+00
6.749388359581495855e+00
-3.153368391753810229e+00
2.596143128478947570e+00
-7.994571105830182489e+00
5.228221240023862570e+00
-4.079421662601544485e-01
-2.654338319990296124e+00
-3.825595217680994309e-01
-8.872082291889526573e+00
1.630086595986744769e+00
1.051128146261843099e+01
-1.143410115390600446e+00
8.496082899292045632e-02
-8.161395392152453354e+00
5.488714077086231491e+00
-1.239875128483483024e-01
1.256296529858149436e+00
2.645633688121956428e+00
5.361290563959626443e-01
4.494524764004502515e+00
7.497014565132276154e-01
6.132611434244847892e-01
1.253254951644123594e+01
-1.006925369957355443e+01
-2.105763171870832728e+00
-3.742050177074555672e-01
1.765229901467417317e+00
-2.716743566194741888e+00
-7.304762664723993382e+00
3.800317235329015553e+00
-5.442721230644253616e+00
-2.786753288161116338e+00
-2.000351400502736965e+00
4.691292196738890752e+00
-5.531904320964798671e+00
3.631219492639641722e+00
1.234100755530939120e+00
5.675144609169512577e+00
7.713780924749104706e+00
-6.231257326586690404e+00
1.028488345389368064e+01
-7.820274544919798565e+00
1.006318671324777192e+01
-6.318919501995469368e+00
1.234102009078887718e+01
-2.411735145021520310e+00
6.090050684130043024e+00
-9.286827371344203996e+00
-2.482753947663749017e+00
2.699377328053334857e+00
1.762634926378061628e+00
5.834567497702024319e+00
-2.695479954487686403e+00
1.572263255016813854e+00
-7.326149756823315817e-01
2.316792680671127869e+00
-3.686242858083692009e-01
5.619817223586496269e+00
4.626045920680415868e+00
-4.931596186189666220e+00
7.694916467882543465e+00
-8.222672481369429631e-01
-4.945989991555338250e+00
2.009925555855044177e+00
-8.170854133033435218e+00
-3.205669153842122476e+00
-6.045217659674884558e+00
3.648840586879688597e-01
4.033776261243003702e+00
3.146242971665101695e+00
3.271719662622398328e+00
-4.442848474707653317e+00
6.363717353222251738e+00
-3.801779941760510262e+00
1.852303390852510390e+00
1.468739813352151202e-01
3.644101347347343811e+00
-1.210743239749109534e+01
3.976544519608500305e+00
1.097471860228362317e+01
-8.139930322590471334e+00
-5.348349158362618594e-01
1.084096427085797743e+01
1.024766165993710487e+01
4.938075458694086706e+00
9.472603658672522631e-01
2.460466068766582026e+00
-4.907616346129065832e+00
-3.967103132647520347e+00
-3.844968366512460101e-01
-5.826298999593955585e+00
6.430308083418799114e+00
-6.306509942154592707e+00
-7.658887785151382133e+00
-2.621362280296390956e-01
-3.095464013149351157e+00
1.193843890389796236e+01
3.049665467894699500e+00
-8.844810551766585371e-01
-5.698308270783232210e+00
5.498905405873979468e+00
-1.812390570803948053e+00
6.882220813501081835e+00
2.156437762943956393e+00
3.673997441660535657e+00
1.788846467855872646e+01
2.226414069890851444e+00
-4.537082173305557298e+00
-3.289452813642198770e+00
1.185346637555648108e+01
4.189792265820451611e+00
-3.176494317884717589e+00
8.424829256036881375e+00
4.284124027385423639e-01
3.980542323548713401e+00
-2.149248646872439217e+00
-3.807978720956133323e-01
4.829237525104059792e+00
7.315772734143235034e+00
2.354456130549315240e+00
-1.857616409708510830e+00
3.889318059879321332e+00
-8.196002242304118113e+00
4.203133080133961919e+00
-9.914516610172342537e-01
7.622362161397753688e+00
3.275526435952468063e+00
8.298256533653997069e-01
-3.917166498672887354e+00
-7.867256801085613205e+00
1.709253736485142561e+00
6.967702556578838191e+00
3.728397353145599169e+00
6.457160417911664396e+00
-7.406277515283141710e+00
-7.626766370205674050e+00
-1.885471508761572323e+00
2.140370926970772691e-01
5.670290363078678730e+00
-6.970748772835193563e+00
-1.778748376983715218e+01
9.255271042250997837e+00
6.518695901973520890e+00
-1.338388792289026963e+00
1.395383903100667178e+00
-4.287476461897348656e+00
3.997834427131157664e+00
1.818947333109902420e+00
7.324754462027961210e+00
