2.283243193545656524e+00
6.907908604408206976e+00
-6.940452475270320498e+00
4.547482511894529900e+00
-5.281408343838051245e+00
-1.623102019217148584e+00
4.447235634709074681e-01
1.043487836438488969e+00
-2.969138609627313130e+00
3.459103414375156449e-01
4.284620068469163989e+00
-5.551546468120103661e+00
-1.186689334504003934e+00
-5.009494773873480966e+00
-2.597006533285938445e+00
1.190951563103364474e+00
1.973342551413914236e+00
1.158103634783968383e+00
2.962746159959540382e+00
-3.335948731730312922e+00
5.691336189729774730e+00
4.008929232421250433e+00
3.186738200854159153e+00
-3.071082308417162121e+00
1.070092106351383521e-02
4.962062618443133566e+00
-2.429804277442043858e+00
-2.082120619998351074e+00
1.846590130185866263e+00
3.786412151543083304e+00
-3.864103486460044756e+00
9.543195621249889182e-01
3.734934787407826917e+00
-1.574905749758806817e+00
6.471575490406384912e-01
3.892804567079296341e+00
-3.915687119329598787e+00
-5.319098559062120479e+00
7.586826223754639109e-01
-1.460341377429391851e+00
1.245032453089889302e+00
5.503409876322319372e-01
3.720281870990042705e+00
-5.700076287190891655e+00
3.007579570824315596e+00
7.453913917971553005e+00
-5.114703819547453678e-01
-1.993279055088347018e+00
-1.800900197684909276e+00
-3.110891672288772725e+00
-3.053613972960985024e+00
-2.680579703756155396e+00
7.932612365740023819e-01
1.781043653132836413e+00
5.058910426287300588e+00
-3.239117901691630941e+00
4.887034764288388233e-01
-3.161495926281081559e+00
-5.174663285343731545e+00
4.063657511395297739e+00
1.909131802448060578e+00
-2.443594045619617461e+00
-1.705073615837328527e+00
-4.899769976509771752e+00
-1.069612217920449693e+00
-1.965345313480167944e+00
9.556473218719327978e-01
-1.592250357221017376e+00
2.775627377312118504e+00
7.604670530322488187e-02
6.055292254133332719e+00
2.316888960475755876e+00
2.064900879029487601e+00
-7.659510328136354129e-01
2.877208448401094909e+00
-4.564544048713763402e-01
3.355441271109380175e+00
4.022721832166324951e+00
9.967785595781575303e-01
-5.214612351607626373e+00
-4.393496909654298621e-01
1.689344654844477711e+00
-2.031661961901745528e+00
-4.774483251733504297e+00
-3.686628220937123057e+00
4.085024328200543842e+00
-2.518555648850327788e+00
8.319182477808990228e+00
1.582090041021060101e+00
-1.707819289426484866e-01
-2.240089430845995100e+00
1.714518431172091795e+00
-3.616949707567894912e+00
-8.047198472655692214e-01
8.172763263431720437e-01
-8.354506704091435587e-01
-3.743632543704210391e+00
-2.474189113329957390e+00
-2.706505028914750977e+00
2.155820979515503222e+00
-5.522403690102536622e+00
6.565239105014294418e-01
1.896562671627641361e+00
2.510633891492485503e+00
4.164924247758913900e+00
-3.221557594607015407e+00
-8.050117515913928656e+00
-1.151115619863771200e-01
-7.662935408964580475e+00
4.931799413762909090e+00
-6.601910060413410442e+00
-2.335248342500033214e+00
4.304720197628181033e+00
2.270923320575022331e-01
-1.156938208404956203e+00
-4.795194242003397278e+00
3.876097490901598164e+00
5.815631906390666295e+00
5.366299722058665012e-02
-1.511301025830116274e-01
-6.270600611846332662e+00
-2.066141429151337139e+00
4.271771767791037178e-01
1.894766592132100413e+00
-3.014991128754720862e+00
5.386062014810496734e+00
1.457789913003399329e+00
6.403331044894748914e+00
5.809134699512751077e+00
1.001546061946632538e+00
-1.366687079028381824e+00
1.721677515229544930e+00
-1.891275981016685925e+00
5.037561693325145917e+00
-6.582900947589719998e+00
-2.938135563826817620e+00
4.276469062486897954e+00
1.677489534975282304e+00
1.603346090736358143e+00
-1.721158621190479687e+00
-5.549911173038709622e-01
-2.409576644132263912e+00
3.231788605248137713e+00
9.581230964638560721e-01
1.098702047424536365e+00
3.577516054518866007e+00
2.410743094177408008e-01
-2.903929276540470616e-01
1.123853095680475533e+00
4.671119536770146574e+00
6.837575585539154011e-01
2.220103876602646409e+00
8.567778386704988369e-01
3.772810266589273542e+00
-5.617410665009263671e-01
5.476243984786660413e+00
2.031513712276851624e+00
-1.796335177660539628e+00
1.462266515196037453e+00
-3.885369900019823408e+00
-2.396475301969870630e-01
2.551306487522320587e+00
-3.894072280914713247e-01
8.335483611864080711e-01
-4.087033657182043811e+00
-4.010574412728414195e+00
-5.958504453618719943e+00
1.027237718375489051e+00
-2.371885936391429084e+00
-9.885364484862588785e-01
2.864248670565173960e+00
1.879228207366654857e+00
-3.103838881974456232e+00
-2.005404861173416986e+00
2.218060070446302490e+00
9.088498473981248438e+00
2.120026901733304214e+00
2.529439811139844174e+00
-1.140739952652679579e-01
5.468089128592078296e+00
5.667121532308003751e+00
1.772651163533116359e+00
-1.803070020057337519e+00
-3.942956498585310499e+00
-2.042245199308594827e+00
-2.329323830301127884e+00
8.761411474441750613e+00
-1.129089304669407046e+00
3.423205760061494574e-01
-1.435302771548803813e+00
6.755661172826185279e+00
6.414383468725743942e-01
1.139355498682736112e+00
1.651350119158059959e+00
-4.329664133633274403e+00
-3.877544194285351242e+00
-1.126078448671500448e-02
3.129460707747877990e+00
1.309518663741938482e+00
-3.400328241959224229e+00
1.623870326213116000e+00
1.893512834096843456e+00
4.426087455842143470e+00
3.077420272002922896e+00
2.666071079463713911e+00
-1.004247706884713764e+00
1.485905157444564528e+00
3.217969777369600326e+00
-5.748457250640262028e-01
-2.805962948503763599e+00
-1.869476218729866357e+00
-2.683538965180270353e+00
-6.760308113687398812e-01
2.619104637732039720e+00
2.755215541604701723e+00
7.699983391430579305e-01
-1.589843816377179753e+00
1.400309947842349301e+00
5.576783553279998529e+00
4.582936371564758637e+00
1.529287955997433057e+00
-1.069207062914833362e+00
6.031831890421706532e+00
2.147674698738985644e+00
-7.449404390799214681e+00
-2.286575284469236635e+00
2.186497939998902851e+00
-3.400812842412310189e-01
1.570019743158696635e+00
-8.135339995308579208e-01
1.312244161371898921e+00
-5.560975090590641656e+00
-3.977961280508337527e+00
-2.783962331524105771e+00
6.761064768931373870e+00
2.724390544320665963e+00
1.508163684158505546e+00
-3.212866130987345747e-01
4.512561345139542546e+00
4.226843584747130400e+00
-2.170763409327434168e+00
5.702615677820213058e+00
1.638034152901940432e+00
7.899782692417730345e+00
-1.999739717646260129e+00
-1.400949626291737804e+00
2.923659655784895506e+00
-2.080467167101280435e+00
1.115895317776097517e+00
-1.937656966668264147e+00
-2.753221616161411145e+00
-7.224438407638617221e+00
8.158961727462648028e-01
6.082553680585966127e+00
5.045232894383006261e+00
-4.863894013002197703e+00
6.632383433110141446e+00
2.165355943522444093e+00
7.503602325357259240e-01
-4.783703879856753716e+00
1.399199297843195300e+00
-2.569507003049264604e+00
5.063920923380720751e+00
-4.729051389744838296e+00
-1.883605921752112833e+00
