2.974333370927279230e+00
-5.464284686754170117e+00
4.724558147775436368e+00
4.575004046415845238e+00
1.153797747035380850e+00
-3.234473933280386237e-01
7.267326707708551270e-01
2.552821136919036782e+00
-1.067351734567510979e+00
1.403927534579302083e+00
-8.224509910756161446e-01
-5.637191874133142822e-01
6.737987426077767239e+00
2.990463348081149331e+00
-4.782050847193842991e+00
-6.366676294562479299e+00
-7.304967528339937344e-01
-4.747497673631317028e+00
7.149885654696027437e+00
1.148229070213562686e+00
3.935261103364629531e-01
7.532492327576719937e+00
-4.112218077110671999e+00
-7.418873273224654952e+00
-1.203693032629814308e+00
-5.866938041604207399e+00
3.997610608818335631e+00
-1.740086230829668734e+00
-9.695202608325432792e-01
2.762565971426882427e+00
-6.729266975962731046e+00
-2.534888793093855730e-01
-9.668179616621215278e-01
-9.559338227005941269e-01
-1.133547061360543617e+00
1.996550620550215482e+00
1.549144186597899875e+00
4.370333779019381026e+00
-3.808338278329113535e+00
6.806604574501934124e+00
-2.049026496440256473e+00
-7.276895560073324276e+00
1.933065284725142829e+00
2.347432498492318054e+00
5.906757404042597415e+00
4.169778497490223224e+00
-5.646981474551248104e-01
2.478513522364767407e+00
5.194120918311084800e-01
3.276536733131130141e-01
-2.838750880097137497e+00
7.688291099279602747e-01
1.516086654796459321e+00
-2.606093729711157714e+00
1.995349967441909511e-01
-3.641319876590278781e+00
3.891110786865006332e+00
2.753967714014047274e+00
-3.100176597214883145e+00
-1.110883217104320364e+00
-1.866777016774520348e+00
1.180320189849129520e+01
9.877640562700145566e+00
6.883394143821226052e+00
2.514141631431238144e-01
1.720590919897967641e+00
2.688414814186644630e+00
-4.395638200672403073e+00
6.671530062070915257e+00
2.304525687893346775e-01
2.814549465211667378e+00
4.981127884292339547e-01
-1.266466991974494860e+00
1.209260220597957458e+00
-5.017887994103802818e+00
1.085654774767545350e+00
-2.471570949262574146e+00
9.125349572458649750e-01
-4.609346393484997861e+00
7.151768593818736974e-01
8.202689577607790383e+00
1.035366554756174118e+00
-1.035500631580546171e+00
5.165828324526566817e+00
3.472980016906753731e-01
9.815333361143914193e-01
2.927168514913805364e+00
-3.927764197899795917e+00
9.865541246744292891e+00
3.284640825275887632e+00
2.760921386445949199e+00
9.025602248254200877e-01
-1.284036425080488319e+00
2.430942847135481699e+00
-1.377705398803917625e+00
5.805359097493997922e+00
-7.636308230890623605e+00
-9.493510941174893247e+00
-6.117158308674170986e-01
-2.479431785019064804e+00
-6.903725431513371147e-01
6.546738833778217526e+00
2.208964692588089473e+00
-2.735258054120289550e+00
-8.226626021960133928e-01
-3.499976467739009944e+00
7.241967921929134633e+00
1.647739363249181244e+00
2.416354133741731580e+00
-1.529926508975185673e+00
8.744913416753776758e+00
1.720821082226998699e+00
-1.124575297346896541e+00
-8.362270028507226005e-01
-8.948355312629839631e+00
-8.704171334494912315e+00
1.577915025145717243e+00
3.901573069614704958e-01
5.093085928529639261e+00
2.520927024522519044e+00
1.273394926073649236e+00
-7.042908781683641095e-01
5.587798091162579972e+00
-6.335666700851305677e-01
3.441032012919051919e+00
-3.348496806329438691e+00
3.669162536107391404e+00
-3.357362164477962985e+00
-2.938247107184232654e+00
9.790858636346925215e-01
-9.778234514520415255e-01
1.120627426496755508e+00
2.485247453439180632e+00
-1.042734965552069459e+00
-1.462767433784268878e+00
-3.850195823419269914e+00
-3.087270696437911077e+00
-3.560849218253625548e-02
-1.786909214944993218e+00
5.438510350873296595e+00
-9.818061382480138377e+00
1.595520185920933809e+00
-1.676895073556543547e-01
-7.197671723769065721e-01
-1.515184255879189035e+00
1.420699952920738474e+00
-1.472591791518397386e+01
2.491948096033172799e+00
2.579305868051875450e+00
-4.728807416155359711e+00
3.929712212824484130e+00
1.715259365521082380e-02
6.440145582562973203e+00
5.471782794706172570e-01
-5.866900475165742757e-02
1.427757858594440599e+00
-4.055904121808531215e+00
-1.868861885676533774e+00
-2.230597781238366384e+00
1.118714002377683370e+00
5.319241289967714392e-01
5.726153949152383849e-01
-4.456649290009583320e-01
-6.428522359298121103e-01
-3.002712976209908291e+00
-2.518533929010143613e+00
-6.339240035069510171e+00
2.329732038271207006e+00
2.488040122112198382e+00
-4.179703959386032786e+00
-4.116199352164751080e-01
-7.370413361616473757e+00
-2.093548681161939928e+00
-5.669845969631994720e+00
3.163889639785540275e+00
-1.971630615513869200e+00
-1.972795329312011736e+00
-2.008371228491185878e+00
-4.491724527080654283e+00
-4.408104360767180374e+00
-4.742433612271144128e+00
8.927591129678130732e-02
-1.359941227062376523e+00
1.140242132376592110e+00
6.145698308320400871e-01
4.700407358175326955e+00
4.392498779811896958e-01
1.573854994447512756e-01
-2.372108017458421259e+00
-2.543253775956430207e+00
-2.982078944173207180e+00
9.079757907013545903e+00
-8.503273216114775046e-01
-6.765889147477668786e+00
-1.491922037533615963e+00
-8.254972531861999308e-01
2.950755615598484205e+00
-4.315980266034094903e+00
2.866584438262031131e+00
1.133698108332232390e+00
-6.505173328286457668e-01
2.574397340997141903e+00
1.682094413430660129e+00
3.146454944887183913e+00
4.132266529653153775e+00
5.622801623097298807e-01
1.487379396297698664e+00
4.949059556187460629e+00
5.102519594448274631e+00
1.148903308490951858e+01
-5.434218429148410578e+00
-3.533992372965321094e-01
1.233901051430229323e+00
-1.543827344566331083e+00
-3.581609175407067358e+00
-3.706027649863536499e+00
8.071026259915934364e-01
-3.302779650754388729e+00
-2.674223634071847044e+00
-2.774923018125625696e-01
-5.878954273513961049e+00
7.565098501140662179e+00
6.764578587919535480e+00
1.561646867633197600e+00
-2.207945883292126599e+00
4.192549601304190965e+00
5.706040076113484183e+00
5.721821618854956881e+00
3.512976650830023306e+00
1.662332319247890933e+00
5.084510810450772134e+00
2.033785809303190639e+00
-7.216361191816472731e-02
-6.578826750615633934e+00
-7.328561422310778006e+00
-2.517645193194093522e-01
-2.058503091533847140e+00
4.731003687107010469e-01
-3.717444331546601255e+00
-3.698590134068553414e+00
7.350893872772240378e+00
-8.084627530343744262e-01
9.627794659388139165e-02
1.377897693829168713e+00
-1.510820630919892937e-01
1.729021769201847469e+00
-4.202423668406074952e+00
-1.542792401942805203e-02
3.211221909066360958e+00
1.083143130618306582e+00
7.103007628939074003e+00
6.488640950473794078e+00
5.461662756570826893e+00
-5.667644633235233265e+00
2.619856163415105854e+00
5.168022230910567671e+00
6.654919573078129647e-01
-2.026642645287428213e+00
5.494265460782736810e-01
1.403039027249548321e+00
-1.331616458472621556e+00
-7.833311775345181971e-01
-6.604370179664535101e+00
4.278493411510686073e+00
6.645482096162257157e+00
