2.785285868792957142e+00
-7.121231720260112752e+00
3.034952806221024701e+00
-1.801087389441194286e+00
1.277162547067022480e+00
-6.227523558858831798e+00
3.644773032413978431e+00
5.218895642139615987e+00
4.625837104133731614e+00
-1.065156694447816577e+00
-1.904357025958304916e+00
-9.247163817821656195e+00
3.976542105195211008e+00
-1.983565202641222269e+00
-2.184438672460622399e+00
-1.080006346788586091e+00
6.579993898700251531e-01
1.023961550827352873e+01
-1.789112719585314260e+00
1.429569523229247408e-01
-7.744088684557990376e-01
8.707845939220375087e+00
-6.701666477329228933e-01
-7.147760986532521343e+00
-9.322714451622470477e+00
-1.053417208995100651e+01
2.116244393519941536e-01
-6.394955912295644751e+00
-2.960977572956383419e+00
1.032097236898259718e+00
6.440954771220063435e+00
-5.926586622616946798e+00
6.152582487682489720e-01
-2.334219773275528986e+00
-2.701034442414006254e+00
2.303811131630919107e+00
2.471120630612346325e+00
9.282998435252020286e+00
-6.167907468623468503e+00
-9.920346713656650550e+00
-2.485591079818778137e+00
-2.130012861414308567e+00
-4.015926290729750825e+00
1.928820441732031488e-01
1.514029794324571743e+00
2.957924815329914470e+00
-5.417080286373409770e+00
5.176378714613785625e+00
-3.609368650783983945e+00
2.747820048293486028e+00
4.971519451189826411e-01
-4.039520300871849989e-01
8.952096180644762313e+00
3.224809644938782860e+00
1.215892858122517417e+01
1.678015600399105633e-01
-2.281809884497884688e+00
-8.006070550240092842e+00
1.728953663245420103e+00
4.665571408055675384e+00
-1.248030113944992303e-01
-5.792009138166072546e+00
4.022927259380217890e+00
-4.507304364933997221e+00
1.046089501195160976e+00
-2.872427904818490862e+00
1.803477989882659616e+00
7.347054760237187843e+00
-3.877155059165575679e+00
4.305386374137515126e+00
-8.621519420816324553e-02
3.741513571000794069e+00
-5.625027431098120090e+00
-2.638379185418569417e+00
7.619282300242032235e+00
1.687419167506472473e+00
-4.985665014070985279e+00
2.843785836139805845e+00
1.853369493745015584e+00
-1.299894514780200461e-02
3.444228940411920625e+00
7.264077550145433548e+00
2.431561722777240142e-01
-4.026837897269110456e-01
1.012910011740191463e+00
3.815531831732527746e+00
-2.538877550231354085e+00
-8.545516112728613223e+00
4.689436380878877486e+00
3.767751942128803933e+00
-3.291785874554742364e+00
1.887521259136757390e+00
-3.435121964744708656e+00
-3.342822039640469978e+00
-9.981029618432362582e+00
-2.260128022472026821e+00
1.411060714882742761e+00
-3.944815247180900819e+00
1.864025706730276344e+00
7.134455637376809989e+00
-1.128146618987716465e+01
-8.188685260310087699e+00
1.240842242793880779e+00
-3.133510478248048070e+00
7.072938409531402959e-01
-5.810402819176291311e-02
2.094494294650496080e+00
8.850259074397907710e+00
3.204701898388398806e+00
-1.290567953382961708e+00
2.575703041383342828e+00
-1.620352652982132824e+00
-1.823483654924769715e+00
-6.159052034206612625e+00
2.895675965779318073e+00
-2.275201595463197446e+00
-3.594567001785806681e+00
1.982509008904261849e+00
-9.497272410910367890e-01
-1.120142025944309516e+01
6.699739957484617259e-01
2.400371337899459778e+00
4.208218605566753645e+00
8.452274221147330069e-01
-6.569835477342817143e+00
2.030016503369695968e+00
-4.334200919869485524e+00
7.459778114595967402e+00
4.786917940042053066e-01
-6.821880689739337811e+00
-1.447507454742901434e+00
1.375630903556471329e+00
8.856635464581829709e+00
4.797537944283178923e+00
-8.287548641133110294e+00
1.392203094108044326e+00
1.914633394001640454e+00
-8.989543501703797901e+00
-4.115603415438198631e+00
-1.657930049191678745e-01
3.399494861484080310e+00
2.654290041497358921e+00
2.324759481444155451e+00
2.378915718997216544e+00
5.307524645438268074e+00
2.710417724575875376e+00
7.644742501827255232e+00
-3.023243061555036526e+00
7.320726884154689085e-01
2.003183952735451356e+00
2.819420163745285368e+00
-1.360485820624403930e+00
1.264597760322234699e+00
7.184373629088598445e-01
3.642494061453342424e-01
-1.022539182967022953e+01
-4.057505099446021113e+00
5.142113898149694329e+00
6.263024565204553973e+00
-2.554334882462265810e+00
9.574326728937691655e+00
1.129372457583957434e+01
-2.354403224202285649e+00
3.273384032649301112e+00
1.975907675339963365e+00
-5.636828285290267360e+00
-1.670474498832743571e+00
-7.735793626145886392e+00
1.709958883164781618e+00
-1.460126621496341981e+00
5.287454317491157241e+00
6.903236969071826490e-01
2.551991381960780458e+00
3.535097849689835314e+00
-3.867694724035213305e+00
1.835336763424319617e+00
-1.637447331319728860e+00
5.579346809880828317e+00
8.834179669795679146e+00
7.399297834489560799e+00
5.366138266048096739e+00
3.929009792891522856e+00
-4.783967827706947507e-01
-5.382209714924388599e+00
-1.006784445249746307e+00
1.362926491179790922e+00
2.785414340104116704e+00
1.966942269881293281e-01
1.194375844665970732e+01
-1.123721156389160036e+00
6.921082797369884076e+00
-6.338970897284542438e+00
-2.183632575491014194e+00
3.211485008094411953e+00
1.404537774361628522e+00
1.748251181586111702e+00
-2.137312239846810513e+00
4.515212632402381132e+00
4.028241936650806210e+00
5.577307116398476872e+00
3.006851807965268963e-02
-1.402621433094661185e+01
4.729404315457635732e+00
-9.419562001737137535e+00
-2.159259982896920338e+00
-6.374185446053409976e+00
7.606389283784897870e-01
2.663879810690256811e+00
-2.900994509469136950e+00
4.792302020169340260e+00
-7.065449783813352980e+00
7.155744499575328987e+00
7.040181351316991076e+00
-2.679664439537472465e+00
-6.032365547405664330e+00
7.837559316143454247e+00
8.604799465069085329e+00
4.989762636194834400e+00
5.349653447000910500e-01
-2.577354216612278925e+00
-6.642607663218446090e-01
-1.547487287425125047e+01
-6.376657144290147627e+00
-1.120464299702117028e+00
-8.137191574368862756e-02
2.353413216240898276e+00
-5.760820991598714080e+00
3.183358587337719481e+00
2.590935130013093612e+00
1.120190039510212676e+00
8.786984192688519713e+00
-1.027242550551577538e-01
8.962240222072701101e+00
-2.177417091211838240e+00
9.121597561583791869e-01
6.477024748439932367e+00
-2.343805242502425834e+00
-3.030586537865831875e+00
-1.092213285837318004e+01
6.619562230508739820e-01
-4.384755583032049486e+00
4.630010372787730866e+00
6.097945523871073359e-01
2.444258115410413268e+00
1.925663577209659305e+00
9.428531145676410929e+00
4.358294897733498985e-01
-5.360648436285586627e+00
7.217825495491238641e+00
-3.228109108773110858e+00
-9.107015462612530143e+00
-2.125631080168990827e+00
6.858429757117363579e+00
1.743066181086882160e+00
3.958851004973381826e+00
1.616280986261370956e+00
2.224140472444788852e+00
1.372696190439287811e+00
-5.463222419883649872e-01
7.339728312320709103e-01
2.097385090838459754e-01
1.647514853643649690e+00
-6.718107218910853717e+00
1.458509404527165154e+00
-1.569345112464394454e+00
