-7.455654512480212048e-01
4.651574892703471242e+00
4.405569091964484763e+00
5.295779586679965067e-01
-4.647222536509879376e+00
-1.666777290566658687e+00
-2.802300334148011718e+00
2.281543499418379195e+00
-4.471765899334835481e+00
1.198327442627683315e+00
-1.130083425804956354e+00
5.063629672011527916e+00
9.253152423921795489e-01
1.336637933051266325e+00
5.834121566935212222e+00
2.377764448720709023e+00
3.132663273877039689e+00
5.838350968021726040e+00
3.498683583453445767e+00
2.421019780511412645e+00
-6.303563134954798919e+00
8.666629346751824059e-01
-2.624291783429549607e+00
-2.453059431227992082e+00
-2.485476365682770084e+00
6.996593808865566366e+00
6.030454268148170094e+00
-5.657722449046781676e+00
-1.445041460355656948e+00
4.837422877272288702e+00
-4.576340331371580028e+00
1.969564991657971387e+00
-1.271246587997900690e+00
1.342070087494975583e+00
-5.000287582545748677e+00
-5.260916310437941945e-01
2.041729108296827633e+00
-5.687737240478469403e+00
1.380527031998213250e-01
2.248439905905101899e+00
-5.520874591042116641e+00
-2.128073807961570196e+00
6.788230558627388334e+00
-5.452446902535192486e+00
2.795190622291029436e-01
-2.634619920523139758e+00
8.046668727980175184e-01
1.969047496425500920e+00
-1.798034177214508755e+00
-1.730268769538350737e+00
2.793441175831089307e+00
-1.498445252792235394e+00
6.220004730856942388e+00
5.063477595997918357e-01
-2.892159224682496088e+00
8.671365729454112437e-01
8.844395051571041222e-01
-2.328658972214832978e+00
-7.730878384921209268e+00
1.288479255710084814e+00
5.494942915631495062e+00
2.295900040879805371e+00
3.397042216125001346e-01
-1.097972694098440449e+00
5.161473283076814411e+00
-4.727388758314936545e+00
-4.505104815652230421e+00
-1.223058737569956422e+00
1.974415029991091641e+00
7.983732482884062787e-01
5.505168668490014738e+00
4.449443166555966833e+00
4.840338665791764639e-01
-1.106661511824820865e+00
-2.697661389598284387e+00
-3.175174060808418908e+00
2.360845848170038064e+00
-1.121536146852537330e+00
-1.253886851271106995e+00
-8.945764013962402839e-01
4.438768931982503219e+00
-2.847327418312028513e+00
4.768860613000218684e+00
-1.506267198668664431e+00
-5.001862238865085075e+00
9.569786896514609342e-02
8.244086421071827431e+00
2.284993266305452408e+00
9.667287069070662486e-01
-1.662912786389195263e+00
3.522340269226367671e+00
1.318498020642291158e+00
3.097179054428708778e+00
3.987566179486213613e+00
2.149756310908341295e+00
-4.207252404718353489e+00
4.372939493914501874e+00
-2.503978415322477780e+00
1.740861128122696222e+00
-4.550669506360273786e+00
4.921413181143400095e+00
-4.423042384872216681e-01
3.780633194005010189e+00
-2.149599803157653533e+00
-1.530500409931149886e+00
-3.862417601867241146e+00
5.137956073084325226e+00
1.216229424469977172e+00
1.591603013839864467e+00
-2.773246595151473759e+00
-1.545014511505567789e+00
-1.127578078978012321e+00
-1.531135396250404845e-01
-6.194599456066577581e+00
-1.255208920712520992e+00
-2.236024263603831663e+00
2.567604674851637903e-01
5.735151738112808317e+00
-6.640947796815546589e+00
-2.101137354980475269e+00
-2.677911499156861996e+00
6.533830809839153986e-01
-1.162456335025567888e+00
3.864293266452213382e-01
-1.694998453915821379e+00
3.036370696263945401e+00
8.477382847430853241e-02
-1.605611593421591765e+00
1.721864754112928386e-01
-2.276772308068524708e+00
-5.454210648974973985e+00
4.583782506415208680e+00
1.466411014919599021e+00
2.308652654600088727e+00
-1.302619583247790258e+00
3.051852306489041267e-01
-5.314828886655718954e+00
-1.103400307938609881e+00
7.317745278697797673e+00
-6.973337123707459284e+00
-9.630366514008058543e-01
3.076161579556206394e-01
2.936126904685854022e+00
1.370260588038312077e+00
2.004912487547666267e+00
-9.083822072148538540e-01
-3.597798987491565570e-01
2.795489118590203326e+00
3.195992951708315655e+00
2.541495082288591778e+00
4.252549533835501272e+00
-1.606888560529962762e+00
-5.094758599898493223e+00
7.549114836593077138e-01
-3.332221681890574772e+00
1.855791880466240329e+00
2.871735749621100897e+00
2.028191613369703550e+00
4.624441209832678368e+00
2.035313806851160034e+00
1.906021341645857403e-01
2.934792002142301848e-01
2.436452589114285860e+00
4.383910740952778440e+00
2.993744296437588659e+00
-4.579664005030224527e-01
3.918878764104995138e+00
-4.741738212369619454e-01
6.802009957097676640e-03
3.299199024524201995e+00
2.676774491663545419e+00
4.005346148531146788e+00
-2.916402792235002206e-01
3.794038438523522849e+00
1.856457450222643635e+00
2.112422045836516826e+00
2.056617900076280758e+00
3.847214276487417983e+00
-1.344309516323234810e+00
1.092583431734480692e+00
-4.178052996030416466e+00
-2.717909872060620957e-01
-3.594805301476062809e-01
-7.410618676229101531e-01
-3.158724646443401340e+00
-2.973155103797909593e+00
-1.644681995689094567e+00
1.148878407137503332e+00
-3.585480193626894296e-01
-5.844508862823703410e+00
1.437265955816596552e+00
-5.534266564458938387e-01
-7.934632337716308603e-01
-2.475781449893826203e+00
-3.373954673202387955e+00
-3.224800570313356651e+00
-1.258332062124816852e+00
-2.752931169238797882e+00
-5.374179399851056083e+00
3.050405209428438180e+00
-3.123071965248978010e+00
5.072929587189271672e+00
-3.703527511715937193e-01
7.457882252884016072e-01
-1.964262124172241331e+00
-3.484028117126575230e-02
-1.854488537552416716e-01
1.455342687206342189e+00
4.537983654134373879e+00
6.301870056975858780e+00
1.333553565873209834e+00
-3.731076418006430639e+00
3.804094521555167141e+00
2.630497695940636316e+00
4.648015228922125708e+00
-1.623343959150212790e+00
-5.490120481642445149e+00
-3.203235748510211423e+00
1.029263242651962118e-01
-5.257132815724037123e+00
-2.367765879711831722e+00
1.139443559964018748e-01
6.194201685678419445e+00
-7.792470601611277692e-01
9.034033312945033423e-01
-4.194101903058867542e+00
-3.326147513939758493e+00
-2.609748264129851947e+00
2.788084464070001545e+00
3.515550265851172362e+00
4.630092337085649490e-01
-8.239223431255719987e+00
-4.049717663476736007e+00
2.201252012540241498e+00
-3.273505179689257361e+00
-2.309776857045227949e+00
6.817490219439061860e+00
-6.201467030515689594e+00
1.371365650886072540e+00
-3.412269830243945368e+00
-6.278674607117858741e+00
-3.385747287588347643e+00
-3.430363395900360768e+00
-3.829670931482132890e+00
-4.961211273559844592e+00
-3.089039058075488509e+00
7.574947518934840751e+00
-2.963547119328427293e+00
7.679394815551275677e+00
2.149908068423910024e+00
-1.971326037579439472e+00
-6.575309741444876899e-01
4.744762591568156829e+00
2.431765059502791981e+00
-1.377170564611639447e+00
3.840229589228729701e+00
8.281440621402980540e+00
9.389107293780881713e-01
2.520142877674875326e+00
-1.666010434738617541e+00
-3.952671740228534958e-01
-3.287899751743379007e+00
1.764071664450820531e+00
3.457752211327665748e+00
1.380425998952453881e+00
