2.040303248662545421e+00
-7.454700315616165085e+00
5.388666521717802027e+00
-2.892195272345860602e+00
7.678292836937163912e-01
-5.333664335500506226e+00
1.659484968792502180e+00
3.936252974117294912e+00
4.911622516236728409e+00
-1.236205036244897082e+00
-9.992024383847957214e-01
-1.230951632604904411e+01
4.293295804538091787e+00
-1.765355058615687422e+00
-1.404868717528339861e+00
-2.030454615307798250e+00
1.310898170761458426e+00
1.034668068438321065e+01
-1.239747270809134605e+00
-1.758640560769721140e-01
-2.923415916149565419e-01
8.261277016251943550e+00
1.938144196099378824e+00
-6.973056666831040751e+00
-9.530210880247389937e+00
-1.081048277894519138e+01
2.304479041781791471e-01
-6.540637470689258492e+00
-6.100260383377202889e-01
2.106529154083492394e-01
3.089473676381998324e+00
-4.839491064633214101e+00
-7.530374772892270974e-01
-3.045189661997835362e+00
-2.039233860935502296e+00
2.590595954952229274e+00
4.027455149850291072e+00
8.578855892128093075e+00
-3.666829395206572251e+00
-1.117617921549654447e+01
-2.810281802947873775e+00
-1.589733365838425172e+00
-1.823746923446774915e+00
-4.857451068835358932e-01
-1.127335152147802777e+00
8.085641882916447809e-01
-3.722883399799592041e+00
2.188798521117759854e+00
-4.677629769579722208e+00
9.394810026063862285e-01
6.270958641878088269e-02
1.517572543371502825e+00
8.260235484117840699e+00
3.364940447962313730e+00
1.144950820006985026e+01
9.950821122745722169e-01
4.852201502340284800e-01
-8.506206142550917448e+00
1.063992452163101898e+00
2.228158708890978890e+00
-5.436528143710628314e-02
-5.592526366217504652e+00
4.128464570520534060e+00
-5.361781846508058891e+00
1.592826610503034757e-01
-2.030188290873307100e+00
6.776054830621570657e-01
1.021865757503328886e+01
-2.646794384287845858e+00
3.490826594230264313e+00
-5.143902115490925908e-01
2.442277708714725826e+00
-6.316674264802155214e+00
-1.161958411216560405e-01
8.607552074125798924e+00
5.869917829087427652e-01
-3.772834604151380944e+00
2.681702563585648402e+00
2.900577224965438461e+00
-1.047301291557645869e-02
2.450835732571698511e+00
8.251325897354890415e+00
1.175522989717684430e+00
-1.445520234588180131e+00
7.572180200314304610e-01
5.171722203168912735e+00
-1.473731233160167742e+00
-8.877145401944837033e+00
6.158830320629558486e+00
2.457753252416197576e+00
-3.139759977375677025e+00
2.170579514551690181e+00
-6.106503755077705264e+00
-3.133003386022617853e+00
-9.731751259681388433e+00
-4.877593713967723899e-01
5.911422697519186364e-02
-5.796892456993180121e-01
2.533366211527217526e+00
6.211269045406898393e+00
-8.712307418920198998e+00
-5.568000208819352537e+00
1.073521645321356299e+00
-4.235011462561361739e+00
-1.622796488898988754e+00
9.877911416231333064e-01
2.401426563796441815e+00
8.301366748762122327e+00
2.131924660411918637e+00
-1.308151663540819465e+00
1.434905486011794684e+00
-1.973185954851373491e+00
-5.784175221391250066e-01
-6.264064545033083853e+00
3.557438377727680123e+00
-2.185777752054164136e+00
-3.199804095920443459e+00
2.484597284169375087e+00
1.402358134637234244e+00
-1.064360651263876889e+01
9.355303865065250912e-01
1.047210514581138785e+00
3.201364028861832800e+00
3.860453608828158245e+00
-5.786426828111597587e+00
6.647967231252481790e-01
-6.215876953864484022e+00
6.893708635249180539e+00
-3.087139767499419429e-01
-7.273022530278796083e+00
-3.012166807250288847e-01
2.860293291607131305e+00
1.335166602786650714e+01
5.242957919564416258e+00
-7.644762152889136964e+00
1.171485573175328643e+00
1.108946556058872490e+00
-6.195590723603592309e+00
-6.957750168530478341e+00
-1.904064085524561634e-01
3.364458701308145727e+00
2.088323328576750626e+00
1.312100343993160445e+00
2.333194684700916177e+00
5.279645166367906484e+00
5.286102437954769862e+00
5.418140232412319790e+00
-1.675951579277224379e+00
1.071720716119383354e+00
1.781899174810587239e+00
3.556331006545161877e+00
-3.272315733770160939e+00
-4.237562920654003307e-02
-8.661652830853557861e-01
-8.869795402356679404e-01
-1.100872177434027144e+01
-5.820395199464083902e+00
6.989278475211567532e+00
6.193353003228276421e+00
-2.483599683329490659e+00
9.337945213456865901e+00
1.050803725216021967e+01
-5.776057726558161409e-01
4.150404645280001859e+00
5.127549228752455335e+00
-3.167353969325874541e+00
-4.782205404858909104e-01
-6.913077241442195486e+00
1.461607921119778108e+00
6.134647990768793413e-03
7.074670821179863900e+00
8.877954397394661745e-01
3.012544471163693949e+00
3.568892523299063591e+00
-4.159289794452535993e+00
1.085708040011023501e+00
-1.441662132948846597e+00
5.821982667584463478e+00
6.911647539195234557e+00
9.452710911511314151e+00
4.442997326126122637e+00
3.218135719120428728e+00
-1.700122110369511663e+00
-2.183334025141059342e+00
1.608857244958920019e-01
4.647626484495852028e-01
1.650075892056772409e+00
-7.270901770411224152e-02
1.052454287819903200e+01
-4.650132023819371074e-01
6.221947789092054926e+00
-4.883191141372205557e+00
-1.054411072025507767e+00
2.980115838108612358e+00
4.436708936467344877e+00
1.417870676882164060e+00
-2.430005481121249034e+00
4.005305559991445996e+00
4.457197348113635549e+00
6.032101374082973422e+00
-2.165184004308014831e+00
-1.406439375811874903e+01
3.689027433595698735e+00
-7.018321280186927247e+00
-2.125084016232019479e+00
-5.686452232106453231e+00
9.368326198398643223e-01
3.234974291437954452e+00
-3.159854586837718138e+00
5.523304962364813164e+00
-7.031263605253800009e+00
7.814754569675286255e+00
8.167563557249136963e+00
-3.548955742372917666e+00
-7.429678255325109504e+00
6.916151396489277126e+00
9.453416437765444158e+00
3.039905587399222231e+00
1.505503003308337640e+00
-3.230208815938510725e+00
-2.264530655720249364e+00
-1.539141367234709712e+01
-5.120692731218976945e+00
-8.847372758812843685e-01
-9.250313162930963173e-01
1.114035393742248692e+00
-6.317917352309802226e+00
3.416499587722140463e-01
1.898612182255673853e+00
5.408138283656105383e-02
9.115306950480073667e+00
4.987584364970697459e-01
8.800560181569840879e+00
-1.547728008768949337e+00
1.676860897176757126e+00
9.026987697142260458e+00
-1.075303599293239376e+00
-1.102668300037834559e+00
-1.035388392941875146e+01
1.454974733197483605e+00
-5.014376618499431615e+00
2.849288234460122027e+00
2.312767727902112380e+00
3.338891762059870594e+00
1.331614708022314630e+00
7.949772562284817212e+00
1.380354096846806655e+00
-1.003105986575667785e+01
6.375230033299979837e+00
-1.438763984349883840e+00
-7.819012924521752339e+00
-1.745918501925339150e+00
6.432300491397421993e+00
3.007997604997340702e+00
3.438902237315024202e+00
1.395224825627230159e+00
4.117368079187519569e+00
1.595951545468244914e+00
-2.971724230165307401e-01
2.075914156996814253e-01
1.705141999957675347e+00
1.930206246943909409e+00
-3.523530329307292597e+00
1.506348943186601730e+00
1.883747088825028504e-01
