4.430212829048429057e+00
-4.619733432537993956e+00
4.477160042575709653e+00
-2.661145831306710452e-02
-3.887824940067708734e+00
-1.496972610009297044e+00
-6.456388516952648038e-01
2.215181618740500014e+00
1.205710279903659199e+00
3.318265843266031467e+00
3.506976703943901263e+00
2.191611755357323776e+00
3.332894943723926584e+00
3.807153363135398649e+00
-4.858197779094726165e+00
-1.095854006124387148e+01
-1.926632735636929494e+00
-5.953256829974528763e+00
3.881543955969046777e+00
-8.798617136593794852e-02
3.574967360871352806e-01
6.965718251464804389e+00
-4.187725654130997732e+00
-1.198662792491398044e+01
-2.229380487865348925e+00
-7.518235063616111269e+00
5.181840781508493698e+00
-3.469782939675797095e+00
-5.200498865151258698e+00
-1.607953333026568565e-01
-4.102584982091241450e+00
-4.471368693502314251e+00
1.384812196533244499e+00
-1.686726137818248539e+00
2.514844131511199787e+00
2.714112621688458127e+00
4.401183050925756568e+00
1.792842845773959137e+00
-1.788093816833633998e+00
4.088383139458978910e+00
-2.927114783254151753e+00
-7.409694104341268961e+00
-1.581103715855546987e+00
2.869151378739643654e+00
8.427541615790985929e+00
2.970618826038363025e+00
-1.811084659395937879e-01
3.753888370458602353e+00
1.747705428948574724e+00
1.685987171625239922e+00
-5.826895500405743000e+00
-2.082533209432428922e+00
3.972720727699756704e+00
-3.687947741363687970e-01
3.041616471860092430e-01
-3.464622671107820295e+00
2.192894131710036998e+00
-1.078532818374683178e+00
1.109997099117903341e+00
1.341731210586724732e+00
-3.152957445132590575e+00
9.065525717640362302e+00
5.136890403102520430e+00
7.783321375804884923e+00
-1.901917586445023733e+00
5.281719047461488792e+00
6.361332454550470139e+00
-8.315487787019177901e+00
9.594681232104782964e+00
-2.337250322036043548e-01
2.961246321539012794e+00
1.228317076992992085e+00
-2.995679309021471948e+00
-8.886267989672408385e-01
-8.244879443416916587e+00
2.650499373729127139e+00
-1.743941189379832446e+00
1.567029391572304586e+00
-1.005975215226379671e+00
8.077030640349907031e-01
1.054975059621067857e+01
4.087444730970241302e+00
-2.412543724123074274e+00
7.077382789462576262e+00
-2.688542270257253008e+00
1.393752099200557204e+00
-1.642386539873739171e+00
-3.260764313497899636e+00
1.265722653544506926e+01
5.238237045998885399e+00
5.785174270049757261e+00
1.948937073522555075e+00
7.882747213008605147e-01
5.837485134505384643e+00
1.333143730544225081e-01
4.691990673025837388e+00
-5.634550176428814616e+00
-3.908662375166704450e+00
-2.359914827583143304e-01
-3.765139508419071301e+00
8.143786151515005622e-01
8.273263089968294182e+00
2.001007841317060443e+00
-2.156465970808544963e+00
-1.122379443830406665e+00
5.433393716515749761e-01
8.940410344025037759e+00
1.950006966127046659e-01
-1.489478216965632873e-01
6.585348596784408315e-01
7.430220893145256689e+00
2.655770390016567006e+00
-5.175097542716393662e-01
-2.936004632804358305e+00
-9.433176179183613286e+00
-1.122566137964765964e+01
2.996281063731632610e+00
3.092880729951198227e+00
3.066532048729737170e+00
8.892491069739951737e-01
2.399028775471661046e+00
-2.606861979872081569e+00
8.059728285175504325e+00
-1.691458127168607994e+00
2.220068181488283887e+00
4.303759149736479550e+00
2.592529820262388984e+00
-4.749487485064554093e-01
-5.669897976722383603e+00
3.972751482816377910e-02
3.977946325355988577e+00
2.885093829045978775e-01
3.361509521715078108e+00
1.516729474912751563e+00
-1.326843991080259189e+00
-4.062450438820968124e+00
-4.545668612814378839e+00
6.419229570735867085e-01
-3.469629338374797367e+00
2.932652076610872349e+00
-7.644447175051576338e+00
1.070217935533929632e+00
1.593385427761631279e+00
1.533669859320070383e+00
-1.265704291480558297e+00
-3.998879917550441920e-01
-1.327740248632237829e+01
5.264758478659217644e+00
-1.241011694849950331e+00
-6.399684952654410175e+00
2.589856462368589796e+00
-4.561332817291377850e+00
3.020514898842892482e+00
-1.435532864079391180e+00
-1.387082349971426876e+00
1.555248157946467868e+00
-5.440313599447478055e+00
1.075660886681726547e+00
1.122640722816977688e+00
5.773104363411649231e+00
2.480331096401908297e+00
9.704766077837401195e-01
9.393655439814877495e-01
-2.859654412862877582e+00
-6.705259328800607932e+00
-1.045555850582122748e+00
-5.467548528927130391e+00
7.802424036351554015e+00
-4.382736626185149698e-01
-3.109822322013298557e+00
-2.591687084758169224e+00
-9.797628544826642027e+00
-9.084517140095617060e-01
-4.603413584997670505e+00
4.513807425737446977e+00
-3.197950399064418470e+00
-2.700062337459300910e+00
-5.897384332121439421e+00
-6.437236932380160148e+00
-5.581805246184464941e+00
-4.431701902999436449e+00
-5.207071309534295089e+00
1.912903326913132362e+00
3.640194587677187954e-01
1.571668416118951805e+00
5.089488823518921734e+00
-1.155655689818309462e+00
1.279151777949180113e+00
-4.270160949902232161e+00
-7.909655934346793593e+00
-4.522693947303014994e+00
1.107675614457739677e+01
-5.502510743707353935e-01
-9.260103335594120466e+00
1.541338011284099085e+00
-2.927670114487459507e+00
3.582901910270701151e+00
-8.357340368604347702e+00
5.733985607208550439e-01
2.306897354621336049e+00
2.156117237725351465e+00
2.289499195739391091e+00
1.004786750798004391e+00
6.935013440706942589e+00
3.560148174629957918e+00
-2.136891481288603067e+00
-1.121174889827899257e+00
3.361834672108933386e+00
7.709091294390002069e+00
1.379732469752452140e+01
-2.995779155177960007e+00
-2.989534327735425379e+00
-4.198460913750573509e-01
-2.184998489430685975e+00
-4.862866913429168214e+00
-6.496381347937487227e+00
2.151361530535771394e-01
-4.252475050159938430e-01
-2.235709289095053176e+00
-2.643217239799374063e+00
-6.045499080710072803e+00
8.365075501298900207e+00
4.057923764526339738e+00
-1.406117192476233457e+00
2.685363607372628358e-01
2.100564129987095185e+00
2.420123106711404404e+00
3.189199740464520261e+00
7.173511973755930526e-01
2.939900276803393275e+00
9.076946469139970830e+00
7.610708707342328516e-01
-9.693510105909010077e-01
-5.043247069523299153e+00
-1.128224861435094795e+01
-4.602539559849344819e+00
-5.533051125122353753e+00
1.260647277065807259e-02
-5.428742626790391768e+00
-6.299261580473720201e+00
4.652152393943119080e+00
-5.039445610818094501e+00
2.413472458293838940e+00
-1.059850872612665196e+00
-1.699099297690443544e+00
1.277171773214883066e+00
-4.019915874087403473e+00
1.814075858829196752e+00
5.974888779122350613e+00
7.761867227195768937e-01
5.635924679878659305e+00
8.571547092130659351e+00
6.655977990734419869e+00
-6.865627079295629542e+00
-1.878386264636150882e+00
2.692339009936404626e+00
-3.795161424039266596e+00
-1.647139126638212936e+00
4.772971266353552844e-01
1.188292989652595777e+00
1.332973828525351845e+00
1.482425267139647618e+00
-4.449962595162541668e+00
1.105857062716521355e+01
1.068186282234016815e+01
