1.760216435849995653e+00
-6.338928167917806888e+00
3.127470284827809532e+00
-2.485922740093283068e+00
3.934733475989785623e-01
-5.751167833761035020e+00
3.960467236624087395e+00
5.893403397296316015e+00
5.499193747251315045e+00
-9.146191500418519027e-01
-1.644213634997995221e+00
-9.235469536834655102e+00
3.690017139725827455e+00
-2.206442768368167329e+00
-2.380462069002251102e+00
2.575121089449575740e-01
4.968845508730186378e-01
8.948121358870555042e+00
-2.360725549645116494e+00
3.467745237373776601e-01
-1.207632870614764542e+00
7.731972410611081870e+00
-1.278432095728511797e+00
-7.724190840282403769e+00
-1.040757754135548474e+01
-9.285569757468756791e+00
-1.388554243238780961e+00
-6.295696000338920406e+00
-3.370230437939444101e+00
1.497257425093495353e+00
5.051436794134811059e+00
-6.326703873737588246e+00
5.939534925755001193e-01
-2.385350568669864835e+00
-2.012083642199898215e+00
1.568901665578566362e+00
2.386885014297043472e+00
9.911268697242237025e+00
-6.563237911440768180e+00
-1.008486930986325092e+01
-1.026457988382898590e+00
-2.678792807386928043e+00
-3.018556301791690988e+00
5.191932576602156235e-01
1.649520649058278110e+00
3.450571961181994052e+00
-5.669800229781533751e+00
4.315927225040692150e+00
-3.686174310671839649e+00
2.949771627072411473e+00
1.151570798533355366e-01
-1.400717705468381036e+00
9.260646805449262331e+00
3.839306847658868094e+00
1.268574073822449932e+01
2.360068250203429807e-01
-1.681473588349890358e+00
-7.443265683749624273e+00
2.272037011579027599e+00
4.999821283025910112e+00
-9.413116516209703022e-01
-5.678363025436039990e+00
2.851619852720211234e+00
-4.414226442800493366e+00
1.558744047209445149e+00
-8.919134854629304776e-01
2.035246722087323823e-01
6.448083922919026989e+00
-3.515329762952293269e+00
4.299397360513061983e+00
6.275260163601097396e-01
3.835276690935424782e+00
-3.629007355776225019e+00
-2.750237231012652384e+00
7.215684365873245909e+00
9.496578074416273108e-01
-4.634345874585543257e+00
3.494514767959517432e+00
1.543584383090043310e+00
-2.480234559143545403e-01
2.922685641171761883e+00
8.033194456820570650e+00
5.001626310819178300e-01
5.407910370403057332e-01
1.628054171744877987e+00
5.105568250276647291e+00
-5.213500941171700376e-02
-9.134372895389784475e+00
4.487184281669916786e+00
3.093100850520738465e+00
-3.706344564260578789e+00
3.327545351665768258e+00
-3.296967843087988292e+00
-2.894051500328635118e+00
-1.036341445294764263e+01
-2.303149544406660532e+00
2.153098231457761358e+00
-3.002476531811831162e+00
2.097955499436459537e+00
6.836230148449231159e+00
-1.102801735878441214e+01
-8.428899755677667471e+00
6.024274871488595196e-01
-3.912171744105448212e+00
6.380166517696759243e-01
-4.475583286429382635e-02
1.973370277770295944e+00
8.653113076358922129e+00
2.794474995928347472e+00
-5.240686285711828596e-01
2.597478557830588564e+00
-2.654434357591077820e+00
-7.533414535523059730e-01
-6.417084608890805342e+00
2.620150138849765220e+00
-1.702144363876851640e+00
-5.159403678608780019e+00
1.603624511056409796e+00
-1.375002705928657143e+00
-1.149561316460809657e+01
3.564061871007123683e-02
2.380221287180765533e+00
3.681701806723396420e+00
1.199999681963200393e+00
-6.526678481585179270e+00
2.013342670489279396e+00
-4.879488827421299746e+00
5.491706554457303824e+00
1.789894683284244170e+00
-7.710074961502352053e+00
-1.391344626377067906e+00
1.669391437826320157e+00
8.672879976464828999e+00
3.555549808578572613e+00
-9.281976009378388071e+00
1.045162823331898361e+00
1.934251645925133989e+00
-8.242639535560060793e+00
-4.124380626508934888e+00
-7.648856790318884213e-01
3.560831740392254474e+00
1.738746851475603483e+00
1.952673074225177219e+00
2.281076756716079679e+00
5.296800676948284270e+00
4.027242170482876027e+00
7.737980605864590800e+00
-2.221556710483458374e+00
1.111027131016184333e+00
2.611514116804454222e+00
4.226290990022803840e+00
-5.116179546482471086e-01
3.393519371155068853e+00
1.728760748735227004e+00
-5.865811172039659960e-01
-9.996332606748913108e+00
-5.391467392708563899e+00
5.197552302138537250e+00
5.180246967478389308e+00
-1.252680773569473160e+00
9.109101623179448382e+00
1.279382563636526626e+01
-1.496375709431372769e+00
2.928174897477396676e+00
2.970298702552582437e+00
-4.978354203991046667e+00
6.627094838915814634e-02
-8.549135312518547636e+00
3.662732133662741640e-01
-3.346332004733730159e+00
5.163343026173398798e+00
1.895061582473728468e+00
1.308545018489373435e+00
4.215510528658771960e+00
-2.463239095077181862e+00
1.426341097020503712e-01
-2.196390431172932090e+00
4.994704894419498942e+00
7.857483025549348632e+00
8.058387319421530748e+00
6.738881210550301759e+00
4.604540213570336604e+00
-9.290177826330663358e-01
-3.174240002867497967e+00
-1.292324445238351993e-01
3.107339106775376614e+00
2.023146406520119456e+00
3.932319656065188518e-01
1.108972126986079410e+01
-1.342570264397925928e-01
8.015232640475877801e+00
-5.813377785980216039e+00
-2.362095364242593032e+00
3.385820411062118840e+00
2.096621195856531727e+00
2.444069038539137040e+00
-2.874936081901966034e+00
3.671782388359836169e+00
4.576879316439532275e+00
4.939243884011362162e+00
-1.289848534786942391e+00
-1.275033677302753965e+01
3.698397386052576952e+00
-8.051881080360750786e+00
-3.235137873914705420e+00
-6.110719311439750001e+00
1.399372755928655288e+00
1.361920491433399327e+00
-2.873547567110894541e+00
4.112015963935191643e+00
-7.225604912416336845e+00
8.010471429284475420e+00
7.161695398154888537e+00
-2.762559803060932850e+00
-7.524845478486719585e+00
6.666683058268367823e+00
1.100216844009929318e+01
3.594547617732336775e+00
6.483140157391232838e-01
-2.449330429602984083e+00
-1.010734889036243755e+00
-1.536127702003624940e+01
-6.879484950740659244e+00
-2.364799121787215075e+00
-2.398198097549271712e-01
2.762367319878342276e+00
-6.387179519455167487e+00
2.703527629708090352e+00
2.227326107391363497e+00
-1.529706094882375966e-01
9.182085035964957953e+00
1.134323990950474315e+00
8.902750994971860621e+00
-1.981760021094467694e+00
4.595494263703724380e-01
7.695814479209722947e+00
-2.246677703575346463e+00
-3.290534446163362325e+00
-1.136297301377268987e+01
1.395593068277513948e+00
-5.313189707372804271e+00
4.150414216769913622e+00
3.315986143242874440e-01
2.495827639092308647e+00
1.297210059070917687e+00
9.455909083638051271e+00
1.302415369490747876e+00
-6.162223565204538289e+00
7.624960033395836057e+00
-2.605148140368844789e+00
-8.697868183377034157e+00
-6.413247828655231908e-01
7.801385876870168268e+00
2.108507545903206992e+00
5.073146365087779941e+00
2.938942300703650812e+00
3.312510587979532239e+00
1.962264877946145125e+00
-3.652266938955509579e-01
1.452889308734651941e+00
-5.796069016333844637e-01
2.789883117231100496e+00
-5.136544327743156835e+00
2.507914365727335504e+00
-1.949132075442902012e+00
