-1.992911491918786915e+00
4.169182558821284523e+00
3.857013181953962810e+00
7.051959702994206047e-01
-4.359163305295465918e+00
-2.957003630994973875e+00
-2.165952817025869059e+00
1.448797887002923890e+00
-2.447596244516241359e+00
-3.611169968741609893e-01
-1.892226219854034497e+00
4.364410184952433269e+00
1.849712319231163971e+00
8.244318543304789415e-01
4.775511904260642204e+00
1.837534794708766794e+00
2.481096952184871363e+00
4.346542098495147499e+00
2.813378771050419669e+00
3.778699281741216609e+00
-5.966992072420445048e+00
-4.437420677004418890e-01
-2.715667876882556619e+00
-2.028711550138975639e+00
-2.364132804554051503e+00
7.249011189660268251e+00
5.384761238487041801e+00
-3.923031035326773441e+00
-1.713947225865526169e+00
4.996097606615490960e+00
-5.397111986387171711e+00
9.127645245043370936e-01
-4.934339838519458121e-01
7.962350077835946838e-01
-4.266100375838307812e+00
-7.819263597884096306e-02
2.280121303849838466e+00
-4.979998899147719094e+00
-8.808590697541308634e-01
2.094631955058185113e+00
-6.574175804715121529e+00
-2.240864449142066395e+00
5.794049459440869576e+00
-5.617809641872163695e+00
-3.225138749034810459e-01
-3.279240413659879394e+00
-6.783889777380594510e-02
8.533222158670790147e-01
3.354574238265345398e-01
-2.218859325642385638e+00
2.901562528322236378e+00
-2.533502014598222107e+00
7.389739340714637450e+00
1.810262639643421823e+00
-2.612723966461162561e+00
1.867040111429909333e+00
8.838513619728619597e-01
-5.012758705210059729e-01
-7.455324512312053287e+00
1.552533952376429216e+00
6.463066951688420048e+00
1.040828305656195774e+00
3.137038435369874811e+00
8.159292409850685823e-01
2.991843900754360241e+00
-4.602338507019440250e+00
-4.353314062653656613e+00
-8.212051439339955738e-01
5.378726453952248354e-02
1.241950305297472745e+00
5.104761367296458907e+00
4.530349947577584580e+00
-6.277663764027588966e-01
4.265735024615600612e-01
-7.057297967396405358e-01
-1.402248391853379905e+00
1.743370006151590212e+00
-1.071465634504931153e-02
-2.202336625346073884e+00
-4.681269890745621831e-01
3.671632585367640811e+00
-2.687849229533787465e+00
3.452679508205588554e+00
-3.021493452621418108e+00
-5.672776751768000558e+00
8.316558661202511082e-03
8.298889795925264323e+00
1.419969933938003415e+00
1.110764952291999119e+00
-8.557569976626328012e-01
2.266023909008721748e+00
1.240722666845241573e+00
1.396173744669843231e+00
2.661467619201855150e+00
1.309045621505402046e+00
-2.014003322883461067e+00
4.692822918165248325e+00
-3.218991540621710445e+00
2.389526912655386859e+00
-4.907958246238456113e+00
5.742626000148673526e+00
-8.208364480822072373e-03
3.555111804397926623e+00
-3.297247277910000385e+00
-2.100460907298861812e+00
-4.805296372355710943e+00
4.114961150986625960e+00
-2.147360542298960562e-01
1.766100902777482773e+00
-3.330345643459963867e+00
-2.567726238749805656e+00
3.591286826019430833e-01
-6.358018024012879188e-02
-7.143469927496139071e+00
-4.452134920795686179e-03
-3.467785942078942085e+00
2.745674397597005489e-01
6.785534042798378351e+00
-4.610949898247953982e+00
-2.140252995880910891e+00
-2.264861986173774877e+00
-3.794234529980705650e-01
-8.485913524194352853e-01
1.685192637331699883e+00
-1.855825977768524426e+00
4.407829572365603354e+00
6.396553495239465370e-02
-2.646847530020384198e+00
5.956755329893782536e-01
-1.824625466611738966e+00
-5.374263727783177735e+00
3.592219824635676240e+00
8.205489590035028868e-01
2.233082055247733511e+00
3.507830713973056347e-01
1.651780701185708189e+00
-5.037532698336006476e+00
-1.260434087962404082e+00
5.651868082798739756e+00
-5.059513653530347987e+00
2.423310132614948653e-01
3.624407398127660884e-01
1.837946217882747924e+00
2.119284138351001268e+00
2.936487267934622558e+00
-8.175424294529383129e-01
-6.071480806543736453e-01
1.783016339106393344e+00
2.139527593403805827e+00
1.314720549514385439e+00
4.813724417124803701e+00
-1.007925933470409152e+00
-4.450264805298019155e+00
2.203823229047933707e-01
-2.964381383118208646e+00
-4.070592905075154366e-02
6.454554606878477596e-01
1.764176055509029561e+00
3.596402774898635357e+00
2.870521454903014025e+00
-7.904109548634801197e-01
-8.131839212367862890e-01
1.022844028661414661e+00
1.952880688627023353e+00
3.665660541678515738e+00
-8.148819140544817374e-01
2.991446333831056403e+00
-2.049446656855285376e+00
2.797611949384954388e-01
4.144075788370844116e+00
2.105919506771244176e+00
2.822358828263006991e+00
1.114944174205561467e+00
2.899480894862421110e+00
3.393682346754247625e+00
2.513134712328957576e+00
1.171773669086066949e+00
4.554495184810544828e+00
-4.698001603194821851e-01
-5.546703333463154362e-01
-4.827001874385669744e+00
-7.546394770070699032e-01
-1.051636056236890715e+00
-5.653719133623213988e-01
-1.473160992558604221e+00
-3.494035334108446023e+00
-1.639930480262078216e+00
1.241985085378577658e+00
-3.763217774885499467e-02
-6.707917455155969932e+00
1.589376109184231112e+00
-1.213703713587627853e+00
-1.129786995056941024e+00
-2.034205565786515901e+00
-3.916167993394149782e+00
-2.570944673185910023e+00
-7.363081089111218613e-01
-2.410593361051704075e+00
-5.144270645499146255e+00
4.193436033354807080e+00
-1.281412065434299752e+00
6.710889777578031179e+00
-4.025048066524570811e-01
1.000001142303049928e+00
-1.570043898694259976e+00
-6.904658230647464645e-02
-1.035688351871170698e-01
9.123495203120384200e-01
2.766993371645128263e+00
4.910205334591871917e+00
2.606040318562488078e-01
-4.021062418825827045e+00
3.179163663738753698e+00
1.103776516028589727e+00
2.866030425006583116e+00
-1.178388280261755572e+00
-5.103968085025407220e+00
-4.490555789902746398e+00
2.343435708346491564e-01
-4.985870683806492565e+00
-4.162948110166688198e-01
-1.062235115933290452e-01
6.719960711363817119e+00
3.136337818660428489e-02
3.335837712468310734e+00
-2.751868550614858577e+00
-4.376693228252492851e+00
-2.784644708646760058e+00
1.654611984518148393e+00
3.426018697559189086e+00
-2.640680017412480596e-02
-7.712339168293985914e+00
-4.444246170696873222e+00
3.261609593707767374e+00
-3.406254864873364152e+00
-6.217819033844200760e-01
6.026732759557622110e+00
-5.665112127065894398e+00
1.949408556981830076e-01
-2.491671121107544629e+00
-5.905924461964021432e+00
-5.295162425443449727e+00
-2.605733921860532654e+00
-4.170841720615142023e+00
-4.629072712360747133e+00
-3.060120636278704342e+00
7.594907693750323929e+00
-2.747601723706523114e+00
9.047631034353260659e+00
9.529168533557976772e-01
-1.949406558544918733e+00
-9.565139218744567184e-01
3.158440918911558981e+00
2.685955736715027964e+00
-2.286831850121585408e+00
6.563039973292815965e+00
7.695587399620071878e+00
1.044243864636374308e+00
5.420236590899232265e-01
1.660628090860405415e-02
-5.811177954841606486e-01
-3.362000079114786377e+00
9.646640567301165703e-01
1.458786132482770004e-01
1.914301045113093291e+00
