-8.682756139232964410e-01
8.807963999240652209e-01
-2.356169879245844090e+00
2.597412340040602174e+00
-1.557453677467025566e+00
-8.335389762007346937e-01
1.838263650734232924e+00
3.401945260211443056e+00
-2.526018448792765714e+00
-1.218150343943469327e-01
4.497130838950151421e+00
-4.535246252139271128e+00
-3.206424559191753954e+00
-2.791572081374606107e+00
-5.816669055773265873e-01
1.031728013378478526e+00
-8.977705613947137842e-01
-1.178675497104218151e+00
1.473826939094480259e+00
5.449543732762431869e-01
3.083180348798319148e+00
6.688893833933580169e-01
2.374707289329261783e+00
-3.111687296652422052e+00
1.977324347085394951e+00
1.534019333372188765e+00
-1.674447893919529751e+00
-4.887992280525464972e-01
3.630093681525210503e+00
4.092872478917323420e+00
-2.246978005714656668e+00
9.807920869667257069e-01
2.004173354758428616e+00
-1.166386812595706868e+00
3.078033367289063627e-01
1.451838778428765186e+00
-1.628031871274039366e+00
-1.997497384682818566e+00
-1.611531682964254975e+00
-2.681306168976939297e+00
-1.389483015514886288e+00
-1.191170467298173330e+00
2.961799772037712497e+00
-5.410082035062660388e+00
1.123974683209059133e+00
5.677789558856630947e+00
1.227210001948603635e+00
4.339166828940709486e+00
-8.207404149022713424e-01
-1.393645638877450743e+00
-2.957468891968029756e-01
-6.163393394244689460e-01
7.042198659404864669e-01
3.745339354701909818e-01
5.847918282007831259e-01
-1.700508956535972116e+00
-8.805592100888759433e-01
-6.105703738774871381e-01
-2.384924287174671864e+00
4.839369201094358530e+00
1.482808144847568510e+00
9.148478456645890988e-01
-2.591891757017655173e+00
-1.091376415515130427e+00
-3.093169904577267371e+00
-1.622723746868154127e+00
3.023766191641004575e+00
-3.326287934087886811e+00
1.114806837900661485e-01
-1.834403813802076566e-01
4.504186287267621935e+00
1.802329224750483849e+00
4.761042036145367362e+00
4.111274376940999842e-01
2.962749131312734985e+00
5.692032937331117370e-01
1.543413559551366276e+00
-9.627444249363716899e-01
-2.382865217496471288e+00
-4.385924958571094101e-01
-3.344560723590407125e+00
2.623506233868214021e+00
-1.281075025980498161e+00
-2.027428366258310799e+00
7.236657634781143988e-01
2.004236627896842649e+00
-2.513286428199758227e+00
5.870505939949595131e+00
5.330564166938862591e-01
1.269424706129513192e+00
-2.213258246547785024e+00
1.649624647919528952e-01
1.166841393193224219e+00
-4.081345957512346523e+00
-1.196314624790511427e+00
-1.319933836207339617e+00
-5.470122672394421848e+00
-5.017518772419991002e-01
-1.632889536767214711e+00
3.031317319309804414e+00
-1.349251166806374247e+00
1.802877558787818524e+00
4.219161784539539051e-01
-1.444058260673457827e-01
-3.977152786630944181e-01
-2.705922181763919188e+00
-4.337959972323742086e+00
-8.136839339700275842e-01
-2.426859827800825542e+00
-1.159559146373084326e+00
-1.776294953616595285e+00
-1.071599108619283536e+00
-4.398983425194664121e-01
-8.453097781753455831e-01
-1.909755055865170359e+00
-1.796151125343566635e-01
8.260882986516556725e-01
1.272838397421153456e+00
2.674863261212879761e-01
-3.628676572815627388e+00
-1.364718250379151510e+00
-9.266807934191184648e-03
-1.843511186114974887e+00
3.566650421489958589e+00
-4.080093399880659000e+00
-1.793641594636661285e+00
-6.254885718789066074e-01
3.110635280221464516e+00
4.000776616129033236e+00
3.399406643726049726e+00
8.008381562227088191e-01
-1.129821312761385865e+00
2.065992897423350350e+00
1.595636248428361270e+00
-3.460884122964662524e+00
4.475167357789148759e-01
-8.669779440922837921e-01
1.073106114244334330e+00
-5.282981198215503937e-01
-1.778545691769494397e+00
-2.120449577209750469e+00
-2.572638423490297144e-01
3.817126990355533822e-01
-3.730995462073111169e-01
-1.519594476758539647e+00
2.618558223502983839e+00
-1.269079315794180873e+00
-1.661537666218975140e+00
2.235048105165672538e+00
-9.112576919805248643e-02
1.414863409811573991e+00
3.491092146797476925e+00
-4.618365915392769416e+00
-3.343531606535022904e-01
-4.411555568078092904e+00
6.380237037933481625e-01
-1.778219871923593765e+00
-2.957535538889997095e-01
7.121917061257732051e-01
-1.165662264179935015e+00
1.053956724899900221e+00
-3.872950592892681065e-01
-1.072133477350189601e+00
-1.252181506308569725e+00
-1.667790074330470773e+00
-1.483118848292531489e+00
-1.838841605671430290e+00
9.217416769495571094e-01
-2.514068110295538006e+00
9.752939427939995021e-01
1.870321965460444602e+00
3.030019886499568216e+00
-1.082023110959984269e+00
7.605043138428456695e-01
1.489217329375764454e+00
1.710024874463384137e+00
1.307327243736352340e+00
-1.150255191624732776e+00
-1.298656514002159978e+00
2.483648473962268177e+00
3.193663011871107127e+00
3.296475223187551151e+00
-2.866894937511208497e-01
-2.394476697838821888e+00
-2.344556086057279387e+00
-1.576604745165386401e+00
2.607599920583434816e+00
-1.073420933101167707e+00
1.985266266148262293e+00
-1.145030881997833427e+00
1.653360001345844266e+00
-9.952302106676547133e-02
3.034557627774637112e+00
1.917046387411858177e+00
-2.974858603239740162e+00
-2.530582062693979228e+00
-2.106265902451800454e+00
-4.399056305823764168e-01
-8.475744783876344446e-01
-3.188735779535962322e+00
-2.240680155631576742e+00
-4.248367185964708748e-01
4.896192337196359823e+00
3.899892156242368291e+00
-1.128889336680679589e+00
-1.925454527342868261e+00
1.915691352306565731e+00
2.589843831516789319e+00
2.114692426429118477e+00
-9.091501709478111426e-01
-3.808460392195458066e+00
-8.610330987468789443e-01
-8.265071173557365647e-01
3.147584509765518845e+00
3.076845354507990571e+00
7.840976564107665636e-01
-1.017786995023055585e-01
1.132074388106982799e-01
-3.284607800385834220e-01
3.987035454762811515e+00
-4.863023570517957528e-01
1.194984395639200114e+00
2.269263456690487235e+00
2.024770919394226265e+00
-3.341107107222093031e+00
-2.951217579734417562e-01
7.470393236298689121e-01
-9.101085998825938495e-01
1.321942614636078650e+00
3.664478715036392220e+00
-1.598323907812778000e+00
-2.903600244649795048e+00
-1.237422429214408481e+00
-3.554106377495873659e+00
2.747731724906693263e+00
1.671289635393649053e+00
2.275296031388020612e+00
3.743550680020234278e+00
2.481105687648776037e+00
2.933077424628986130e+00
-8.942380477401663530e-01
3.734755705410552906e+00
3.259876487394796296e+00
2.805681812495882443e+00
-3.364128919000933804e-01
-2.084088350513805921e+00
1.340561784568955472e-01
-6.583697640632721892e-01
7.413470538762976236e-01
-3.548837048993689347e-01
-5.351240631302739414e-02
-3.570111141930255805e+00
-1.127501684897543432e+00
3.143972846644580876e+00
-7.645475894805604522e-01
-3.831981837762184817e+00
1.837331099948965818e+00
-4.238543288597850789e-01
-1.193333982136707716e+00
-3.507080716819397814e+00
2.904093227127649168e+00
-2.207775734894671160e+00
1.016057659142028946e+00
-3.670261222748751884e+00
-1.837656868674162336e+00
