-4.188712242233650351e-01
7.720044218491968202e-01
-4.308319474397277027e+00
4.762180737966891009e+00
-2.524166190895865913e+00
-1.671378739292595839e+00
1.328766284539956155e-01
1.261769041839859440e-01
-1.572364670375901330e+00
8.296582821287938891e-01
5.552913332445050365e+00
-4.771698634078133772e+00
-3.562109986453768418e+00
-3.941771348702621136e+00
9.865963916125545241e-01
9.036948632312493679e-01
1.409347148521986059e-01
2.604513570136172795e+00
2.436088278762326365e+00
-4.207451557026606004e+00
1.641700513346914247e+00
1.659634312946197010e+00
1.614561847952814544e+00
-3.041585249402602109e+00
-7.579074554811806586e-01
2.780845181361503826e+00
-1.986467147923450582e+00
-1.911152463368140930e+00
1.295668675923988600e+00
5.640020960079175971e+00
-2.222017253777016421e+00
-6.255528493671344004e-01
4.000640776602240933e+00
-1.873166589831018802e+00
7.182707206808675027e-01
2.898983464832219248e+00
-1.907496431807237158e+00
-4.728339686967054867e+00
-2.176358266661872598e+00
-3.220599624548621698e+00
-1.313337838747370423e+00
7.384506998007525080e-01
2.128550378301545809e+00
-6.325755604152576872e+00
3.990486041812443485e+00
4.867901637420064098e+00
5.477622825675679819e-01
3.178088746810133092e+00
1.162710731015224264e+00
-5.045638538414968899e+00
-6.849815913361229081e-01
-2.144463287659735151e+00
9.926055643289077857e-01
5.101790195236960201e+00
2.021514306001761074e+00
-5.782852070019084856e+00
-6.210669456945924205e-01
-1.813559991743849409e+00
-4.249745113837281707e+00
2.300622607956156251e+00
-2.086714122279614836e-01
2.951554981652195209e-01
-3.997925499926028303e-01
-5.175672255250129083e+00
-3.916886240985018919e+00
-2.216628760747592963e+00
4.554365356489027405e-01
-1.974982847262433783e+00
2.132127630645452854e+00
4.236542804303696785e-01
5.793089712031598282e+00
3.253997344340752829e+00
3.103104950029110132e+00
1.657450451414714365e+00
5.867398153866194566e-01
-1.033511396094079160e+00
4.192010118949858644e+00
2.310631962466396683e+00
-1.130116003283248904e+00
-2.005932688851026047e+00
-1.680846712871254311e+00
1.286799980114898267e-01
2.871127892320260444e-01
-3.015077677013162649e+00
-4.416969836399608162e+00
1.668743978680411910e+00
-3.706993699555803268e+00
5.731535991420306786e+00
-1.264281932219690097e+00
1.439688177002976355e+00
-1.670845896482461956e+00
1.526168511903464919e+00
-4.556783130087953104e+00
-3.196802137600674776e+00
-4.560834041896225655e-01
-1.674399310894963522e+00
-5.633342056075487214e+00
-4.624316130597431185e-01
-1.325491800699847289e+00
1.303120152189221059e+00
-2.583605903899087508e+00
3.425447933742282292e+00
6.785168859547059395e-01
2.203509856039548076e+00
-6.185252265940562877e-01
-1.337420290979305593e+00
-2.564678903245054986e+00
-8.195033479551536715e-01
1.822527369432083155e-01
1.625367802889247093e-01
-1.677165633035304859e+00
9.867833494093123381e-01
3.558061161456279820e+00
-2.399716301375692529e-01
-2.574486374680717837e+00
-8.325683604870187660e-01
2.253851928537740079e+00
4.788306035962859752e+00
-5.146315982076657414e-02
-3.479135310828630701e+00
-2.215200670694577934e+00
-1.495949189695461534e+00
-3.584977399075552018e+00
5.358298319869482462e+00
-4.138748294322186716e+00
2.182587439969617460e+00
9.853465048533611714e-01
3.897356170795925667e+00
6.036861632011206069e+00
1.954284050099944992e+00
1.808905322731817034e+00
1.090248998134079467e-01
1.873197010072891855e+00
1.352760796901177898e-01
-4.837762993821545621e+00
-9.399100535794402411e-03
-6.359894480357763946e-02
2.654827977988222898e+00
2.450553574571127768e+00
2.946790688201250674e+00
-1.430322375455030048e+00
-1.920301788302550605e+00
1.225309855905943657e+00
-1.237074454671823753e+00
1.021444897420109355e+00
2.051347367946545930e+00
-9.631984277042779929e-01
-1.710955708241753470e+00
1.675267983673964789e+00
2.631951170384660088e+00
5.133657094685428746e-02
1.819404920804099213e+00
-1.128132877110679555e+00
-5.286908475620981651e-01
-3.090622014097764492e+00
3.640820695502327453e+00
2.184058936383901361e+00
-3.160321979457850539e+00
2.384140341766976423e+00
-4.052520978757545578e+00
1.040569224586613162e+00
1.397104088670130695e+00
-9.015989676225830696e-01
1.603193723930940395e+00
-1.501083258449453561e+00
-7.607816051201379270e-01
-5.187249547200050159e+00
1.849190173411508487e-01
-3.309320845300535385e+00
6.399355933597261625e-01
1.770865350793811910e+00
9.647530941839398411e-01
-3.469815305365826497e-01
5.223873019771527737e-01
1.764872476536620161e+00
4.502968185326417405e+00
-4.888369152298419618e-01
1.795810575444441171e-01
1.930645180138987893e-01
1.775705239036819094e+00
3.205901643754687225e+00
4.556608195554249008e+00
-8.679579483960121467e-01
-2.915463453984994846e+00
-1.392938096167234185e+00
-1.542257355890320758e+00
3.923291657689931267e+00
-1.057468019139603976e+00
2.908273228342950212e-01
-6.644297859581913546e-01
4.422974813860498067e+00
-6.784011989304176149e-01
2.410669845282802370e+00
2.155839102396690077e+00
-2.523691973945498379e+00
-4.189592501974627403e+00
-1.821971234510505688e+00
3.853400866465868990e+00
-8.320307831866446957e-01
-4.667851650732471214e+00
-3.105127120387398243e+00
4.057397724916310899e+00
5.626297931114814688e+00
5.394486997172968756e+00
1.991586137965331238e+00
-4.082732159659048232e-01
1.834317901433744902e-01
4.055883053306814645e+00
1.378461162689283537e+00
-1.835363212278664502e+00
-2.065814858425703449e+00
-2.836804471081094903e+00
-1.212363121151394107e-02
3.220337107730020243e+00
2.888471335124533912e+00
3.391106938991964581e-01
-1.869412956770568623e+00
1.049587507181704904e+00
5.127126312226984339e+00
4.278499261875924553e+00
-1.732813122116531934e+00
-1.720668178291756778e+00
5.262025778456195901e+00
2.231849326384339527e+00
-4.660338690055154665e+00
-1.971043193515613634e+00
1.683848853486439756e+00
-2.561474381792163246e+00
1.457499379411542950e+00
3.315600970233813616e+00
-2.717542795988912019e+00
-4.005084655846841812e+00
-1.670639712226245299e+00
-3.405648871557673374e+00
4.597400211411655668e+00
-6.577430626878975062e-01
2.454761558337737348e+00
2.995401814632705939e+00
4.282093982494505902e+00
5.306936879494731585e+00
-2.224981899258691165e+00
5.785473155226910968e+00
9.832810333013216608e-01
6.818151522875976589e+00
-4.035478043779202828e+00
4.010097557217413566e-01
7.665340451019291290e-01
7.994429380807360763e-01
1.926140300144224327e+00
-6.346307862949895906e-01
1.792907193171740854e+00
-4.187471795059446222e+00
5.535424701798554725e-01
1.322721429182178721e+00
1.663692101875078322e+00
-5.199426324590084469e+00
5.976426019599070827e+00
-2.865003257706649542e+00
-6.435781964213530548e-01
-3.422544209688482830e+00
2.159751028804150152e+00
-2.085304469513298287e+00
3.289759896953749152e+00
-4.655449328919091023e+00
-7.769486039390669507e-01
