1.250232069201822060e+00
-3.538829688583281730e+00
8.153266247983381732e+00
2.660653826634062913e+00
9.187060694202822120e-01
1.113044066977638025e+00
1.795190214403521445e+00
2.195202390160331252e+00
-1.838675312680674967e+00
5.342000846326617758e-01
-2.633009225694070476e+00
-1.559630569394951372e-01
6.169265087792463298e+00
1.385481653675840752e+00
-1.115619225574195017e+00
-4.314244010915290417e+00
3.389553698529351178e-01
-5.223198293377431689e+00
3.964401694602710968e+00
9.385191425568555346e-01
1.922829332573571692e+00
5.736755429849145216e+00
-3.387285266646339110e+00
-8.836383316128209486e+00
2.210265618793639808e-01
-4.268823783912230496e+00
2.434189837009819612e+00
-1.689851673414745736e+00
2.363619264711781520e-01
1.086984286720764192e+00
-6.378265107033038284e+00
-1.519885930032392141e+00
-1.446030352378492312e+00
-3.441203561923763310e+00
2.329424976690027904e+00
5.348252406848259533e+00
-4.018221854243912539e+00
7.408859904799700580e-01
-6.070402737054211961e+00
5.022797479704448342e+00
-7.430494394076959663e-01
-4.740411122882187023e+00
2.743802628090231011e+00
4.624035531821306222e+00
2.821301909825463028e+00
5.783576813348807022e+00
1.358664052254615395e+00
7.492684902166467431e+00
-1.402409700066431730e+00
-2.361252921256178916e-01
-6.531045003509158065e+00
1.322022211505546219e+00
2.292384130330731296e+00
-8.824640521241132740e-01
3.327410820696043992e-01
-7.296697518371429991e-01
8.485633656321887042e-01
1.419539102145086717e+00
2.675422504896647791e+00
-1.780075265000254703e+00
-2.401069068666054296e+00
1.082262426381676157e+01
5.863614913582119392e+00
4.829839129857754543e+00
-1.109781608052721635e+00
4.787124456847840492e-01
2.910370967610773185e+00
-3.184781183983258934e+00
3.355346173843818391e+00
-2.714244796888259703e+00
2.212664609547615235e+00
8.870194592186927407e-01
-4.453367492321083532e+00
2.487460903049845573e+00
-2.730429793159387053e+00
-3.280186546585606155e-01
-2.734319923864438895e-01
-1.362977761708505930e+00
-1.979089516562312134e+00
1.547430443637039854e+00
3.864578804506519027e+00
3.655387113893276751e+00
-1.885876152907819181e+00
4.363326737590590199e+00
4.780585715455412554e+00
-1.114732844546648671e-01
6.206146005429600265e+00
-1.455860513006344004e+00
6.446176093545723518e+00
1.881941801083964583e+00
2.151922270198201037e-01
6.663235612056177537e-01
-5.991983014913764283e-01
6.644621017989726930e-02
-5.091832753907672426e+00
2.333866383759657381e+00
-5.554610797034825964e+00
-6.710170071462645325e+00
2.906650275973963193e-01
-1.482904715895671854e+00
-6.197512313523357852e-01
4.583981055416684214e+00
1.832877253876185053e+00
8.629104741544424417e-02
1.681433232691773361e+00
-3.361544714314979476e+00
5.813032027478231889e+00
5.060612502008177138e+00
9.898212549714272557e-01
-1.256567967258173768e+00
5.931300142713801904e+00
1.662488973693066141e+00
-4.469995809010856469e+00
-8.801661229105784967e-01
-9.080444765078215852e+00
-6.556521531926724933e+00
-1.987979345037368173e+00
-2.225123728708747972e+00
5.815297695531818967e+00
5.539497379737936988e+00
1.746008193707348832e+00
-5.714088036909127366e-01
4.317833402354862571e+00
-1.962000983284957645e+00
6.375733771857028387e+00
-3.753699524199203275e+00
3.047749330595280526e+00
-1.406220658384539801e+00
-5.164975400908904390e+00
1.068852729121021472e+00
-3.877674168051121306e+00
2.828241108875011456e+00
2.530120933411235562e+00
-1.285674685982792109e+00
-1.199486778285876909e+00
-5.338954694298829295e+00
-3.530282104396815335e+00
-2.367960354288185520e+00
-1.608976310295348267e+00
5.515147515016935564e+00
-9.559257030321786530e+00
3.592588102152350693e+00
-2.645725102346557556e+00
-3.551840110552451080e-01
1.220598546585633937e+00
2.417551522125776398e+00
-1.214445012697266968e+01
-4.650462397555114036e-01
2.367612587037994487e+00
-6.723633326755503070e+00
2.558417070653454140e+00
1.618437013217234766e+00
1.450804739912398889e+00
-1.989421452148534719e+00
-1.402368155604319933e-01
7.185327897278738218e-01
-2.125081167315620689e+00
-6.744149367101589521e-01
4.888508244536546865e-01
1.482027552179993046e-01
-3.848912405005965320e-01
-9.469002363927849775e-01
-1.992697616205876820e-01
1.097393393806206152e+00
-1.546498019199304963e+00
-2.387307236081482209e+00
-2.021753316091661645e+00
7.984257696019954054e-01
-6.455500313468258700e-01
4.697053323918023437e+00
1.920493680791992286e-01
-4.471681632630322589e+00
9.154313947270582563e-01
-2.660404042316658391e+00
-5.153239156460613923e-01
-2.622670289236539443e+00
-1.747897258056857694e+00
-3.032943011763535868e+00
-1.168937994982598205e+00
-5.275274038625035189e+00
-6.544721137789211163e+00
3.615250508326364742e-01
-1.694847355697975289e+00
7.038565627361252908e-01
1.464859031627496755e-01
5.274828536943011237e+00
2.212038643844762120e+00
-8.830576202804278907e-01
-3.290233653576312811e+00
-3.810576654785053918e+00
-1.804973807180477952e+00
6.536480645830330616e+00
-4.550481935286785351e+00
-4.812212781644503501e+00
-2.695917848124350868e+00
9.438751418391294612e-02
2.897553167686408138e+00
-4.360876388070208165e+00
1.927264835172579849e+00
2.114803001177821606e+00
2.025185047675412520e+00
-5.170986900765742078e+00
-5.987291381552783953e-01
2.870848361136226323e+00
3.547186223254990445e+00
-2.937841415454887084e-01
-1.759050412835464039e+00
3.168572872486045799e+00
2.245625806329721197e+00
6.406654881834686677e+00
-5.770338335192866985e+00
-2.916153958256157974e-01
-9.391130832544598572e-01
1.925171178960208007e-01
-2.072685335971351517e+00
-3.054485845488307483e+00
2.488978316456684325e+00
-3.703536480343166737e+00
-1.436959274480053672e+00
6.541347428131800701e-01
-3.150009398864156207e+00
6.025780100039423104e+00
4.478940976472946645e+00
3.814807354467564693e+00
-9.009632432402278068e-01
4.981089615429224793e+00
3.336649148156908495e+00
4.125640947484767729e+00
4.726305950243721021e+00
5.174266979514345888e-01
7.704774602367624681e+00
-3.041440782349479899e-01
2.808708151140042020e+00
-8.221768893348167850e+00
-5.182276803541133958e+00
1.875755671510859646e+00
-1.958766503488958532e+00
1.909184556892901785e+00
-1.865948538524235367e+00
-7.257479285730426000e-01
5.448517610221102814e+00
-2.860416703116381854e+00
-1.893900700282994398e+00
3.106185946463049241e+00
4.118532688553053767e-01
3.510614443591166811e+00
-4.523278448291938147e+00
-8.578939055759130516e-01
1.626643210169169684e-01
1.068990487884712293e+00
4.996490380518538110e+00
6.541626905421666471e+00
4.019755708440878372e+00
1.653488470057782989e+00
2.859630739357071239e+00
1.380734754876180581e+00
5.841829476331794613e-02
-2.396586365384608008e+00
2.813337719860203201e+00
-1.084519573697407147e+00
1.728832443352334991e-02
-1.622064780720805288e+00
-2.044718678734508188e+00
6.025714399919484876e+00
7.760777095363614819e+00
