-3.297805199022394884e+00
5.082309828319745426e-01
-1.665792610288004405e-01
2.932030410432274525e+00
8.777631713643774258e-02
-1.781591170576316774e+00
3.326094782241264980e+00
4.769413804074556396e+00
3.038367338391942063e+00
2.247916817461522943e+00
4.499067059750589959e-01
-2.989149160757461843e+00
8.716814115697695264e-01
-4.286826993677863129e+00
2.601978323131040938e+00
5.403470918799688771e-01
1.218317911763524108e+00
-1.105090654829260277e+00
1.994143315143063644e+00
-3.446777544733207410e+00
-2.677354222026096409e+00
-4.494210951059834369e-01
-3.704162676096973694e-01
3.833306152760731056e+00
-1.262840609161139716e+00
-1.497658872259302054e-01
1.425244522308968698e+00
1.551405088997698911e+00
-1.836613633883753982e+00
-2.606744320813561555e-02
1.584359284270027146e+00
-1.935541247479517502e-01
2.857673098575013171e-01
-1.243781537393708891e+00
-2.053234325703031882e+00
-1.190778965643494169e+00
2.630007208808482044e+00
1.077963989913161003e+00
1.395022533356232719e-01
-7.602068298337949503e-02
1.696091520840285138e+00
3.145192416417946113e+00
4.485467882138236106e+00
-8.368947599479652499e-01
6.905905858983946155e-01
-2.468387940303537142e+00
-3.986370152227669550e-02
4.515955534295669871e+00
-3.403960671201760047e-01
2.678186341329578113e+00
9.959287035974322411e-01
3.481862648624589163e+00
2.863973311807980204e-01
8.834229986308079763e-01
-1.122792320177735892e+00
-5.127200704551130306e-01
-4.254860186941432643e-01
1.905070243107870320e+00
4.031463936000283965e+00
-4.817015815243558485e+00
-3.120359582313899871e+00
1.069768216679836792e+00
1.152737649029182965e+00
-7.354742335486048610e-01
-2.672726706995184998e+00
1.802860729932130202e+00
8.326479190731697066e-01
-3.394707195254331289e+00
-1.646788189811686287e+00
4.832502081802269700e+00
2.914900830509332241e+00
-2.189838456290043922e+00
3.495176364097113408e-01
1.192615922713717636e+00
9.914590648619592272e-02
3.115498912832741940e+00
1.861431512927385956e+00
1.654557097004822896e+00
2.689245345192185166e+00
3.117027404584875594e-01
1.623472086732516972e+00
-1.974075650967076268e+00
8.216850184327343376e-01
1.372763787391652945e+00
-2.046196485513588570e+00
-2.081856927968135818e+00
2.628399779833407113e+00
-5.157793440390801010e+00
1.481001160096304892e+00
2.987345568326597256e+00
-1.564504959596779265e+00
2.931881972315059093e-01
3.109135337374612895e+00
-4.226281128158648315e+00
-7.007788037146756022e-01
2.453993485797572038e+00
5.490434238617477591e-01
-8.011649149379502788e-01
2.310487557165476602e+00
-1.150146742270279354e+00
-2.968367248317274498e+00
-9.664268781413999365e-01
-1.010231711545768185e+00
-1.384676874166368199e+00
-4.381593729109627411e+00
5.907718611088291105e+00
-6.178605719440046773e-01
-1.791223764389032302e+00
1.664762060641170827e+00
2.067217014613053072e-01
-7.445864866151431505e-01
-2.034365157669420832e+00
3.991896381197157506e+00
-3.004051307072653776e-01
-3.364534467591660416e+00
1.645406258505478947e+00
6.213350047073001869e-02
-6.525079397109370127e-01
-3.852090077137301893e+00
-4.380919367973303835e+00
-2.762921121618439724e+00
1.858383331564320784e+00
3.391591763124553349e+00
-3.109694286545420461e+00
-1.130453747951989607e+00
-4.348337649390351167e+00
1.903053230685364028e+00
-4.307002985583938681e+00
3.781021051204440653e+00
-5.908529490635423542e-01
3.241940766743094837e+00
1.168008410833282662e+00
2.755259364691273749e-01
-1.366537978174686252e+00
-2.134916268562925712e+00
-4.140539888491175269e+00
-2.838334580390367456e+00
-3.727416095118579187e-01
1.182297275431769989e+00
2.671227948293682708e+00
-1.783756158683390769e+00
2.506541358016900034e+00
-5.297727711462981048e+00
1.422959230798818808e+00
-3.598777828418418423e+00
1.347292127096052949e+00
-4.863559267042954493e-01
-4.195544935153733279e-01
3.522057654214470812e+00
-2.639099609375770705e-01
3.715914573368092721e+00
-1.397410218934056925e+00
7.500524889191759748e-01
3.947336716824284331e+00
1.371562299801829532e+00
-8.838904943675869319e-01
2.210103198950308379e+00
1.769830448207340590e+00
-4.180255970271811172e-01
1.779351612056077059e+00
5.249886292445045122e+00
5.600796571538100288e-01
5.800062234016648555e-01
-4.071219605413135545e-01
-2.169899879905156759e+00
2.106093310887588110e+00
3.655140886780845033e+00
6.301698706993276389e+00
5.994019354633872254e+00
-2.986637782487230997e+00
8.105325152533794375e-01
-5.778648827465320270e-01
7.990363357737688688e-01
1.368704248228079345e+00
-1.468900394160218781e+00
-3.461655930789163893e+00
2.220972717454203327e+00
8.759967742237551036e-01
4.645291099058627360e+00
-1.942237361903443649e+00
-2.228819584373879614e+00
-2.664013268421857372e+00
2.020544805790347453e+00
2.044955022629626473e+00
-1.209933191611545666e+00
-9.370110427349511717e-01
1.220281541641291323e+00
-2.218283064491446410e-01
-1.498997485454192313e+00
8.645297255701508421e-01
2.097735235379311725e+00
-1.284332030659037560e+00
-2.173911667224185607e+00
-4.433918408443604520e+00
-3.818790976697754136e+00
2.961695974834245071e+00
-1.959155746417796218e+00
-3.900323123906967560e+00
2.822380655997735577e+00
1.993965492127995676e+00
2.575859613351408228e+00
-9.262063936228204231e-01
2.957124758237783979e+00
-1.569769146004211358e+00
-2.668206203524063902e+00
1.406867602264283645e+00
-2.233159075613609268e+00
3.385547328317981108e+00
1.169330732855819566e+00
6.630428436396598180e-01
2.608181820876841195e-02
8.191082179911792771e-01
2.051635541695419340e-01
4.019995566049510138e+00
-1.716243630827892996e+00
9.299659048391668570e-01
-6.220915940258734622e+00
-1.603819047011495025e+00
1.696161716383520313e+00
3.030842645429101090e+00
-7.680159937327962760e-01
-6.085128063755996131e+00
1.047625757118846979e+00
-1.943869969354511951e-01
-5.675718696642605643e+00
-3.244679088579979442e+00
-7.698885468127474319e-01
-1.005796619292932848e+00
-4.013400868186153936e+00
3.092051290901295157e+00
3.337538977784971106e+00
-1.959957987189739903e+00
2.518893678631974886e+00
-1.382259377754408103e+00
-4.585630099501392998e+00
3.705069865546899432e-01
2.493190795860048325e+00
5.128747533543315917e+00
-1.044476199755914880e+00
-1.089592163954557602e+00
-4.720729472018214246e+00
-2.513303294932484278e+00
1.102372077736757383e+00
-2.329925361494864511e+00
1.947730976883930154e+00
-4.059137429113791384e+00
7.235027922913438436e-01
4.304996140483004829e+00
4.346420433089394741e+00
1.791473326033192093e+00
-7.435950562012074716e-01
-1.601537530850155377e+00
1.547603893365187666e+00
5.004478052602593374e-01
2.628602442454536892e+00
1.369316814177480079e+00
4.574633393775186185e+00
5.970697641693297752e-01
1.631529697883494778e+00
4.479878063643727426e-02
-2.672580968040620508e+00
3.676258954276400814e+00
3.636011506078956623e-02
-7.729595428894147080e-01
-1.989337000691711932e+00
