1.416383401736385217e+00
4.136057150688354334e+00
-7.832093217337911639e+00
4.842829512819910143e+00
-5.861312219505849797e+00
-2.578050718529703467e+00
1.516332266540921125e+00
-7.406829442961685439e-01
-1.980978883878717456e+00
8.252357436252140133e-01
2.370815389027387088e+00
-4.059645385725946909e+00
-2.022317374349093200e+00
-3.285959017465246212e+00
-1.547402730987008868e+00
-7.883435129399154473e-01
3.674483647625443883e+00
7.169458551713020489e-01
2.231001696922124911e+00
-5.453687645951432295e+00
4.270440766735493554e+00
3.664273374060595945e+00
1.322534094883242028e+00
-5.561567874568234870e+00
-2.877746148126903769e+00
1.439877361916641618e+00
-2.753593670853264008e+00
-1.661803183141614237e+00
1.793658233902104326e+00
3.235767441205119610e+00
-1.644766867820318224e+00
2.301772582599346251e+00
4.099842048261071348e+00
-8.807098295890978257e-01
8.922127801972676853e-01
4.080781905085190786e+00
-3.493285443593495021e+00
-5.707488280740768083e+00
-2.877790200544705357e-01
-3.130663505402355717e+00
1.106901120043194631e+00
-8.291920133061678744e-01
3.103534312509658832e+00
-5.582074125653779362e+00
1.772961901108228711e+00
6.610386674795840634e+00
3.598824280590713354e-01
-7.731756473685855724e-01
-1.168944361682423327e+00
-9.007559933346873660e-01
-7.154173734029218856e-01
-1.474126491807624673e+00
4.795488395780525548e-02
2.286487472382220165e+00
3.785479035380240109e+00
-3.356766138693527246e+00
-7.636795664568561959e-01
-1.712283472718470367e+00
-3.800391035138825035e+00
3.475772810228392018e+00
-1.324666975052469775e-01
-1.819311152921365027e+00
-3.545659016182412415e+00
-4.740709226605388515e+00
-2.295514940967195550e+00
-3.596547221217861079e+00
5.887014898076798897e-01
-5.330859829075509371e-01
8.834421896923699835e-01
5.757281022065907639e-02
5.684622282416964545e+00
3.474063385299722917e+00
4.055728827769771172e+00
3.483315707683419804e-01
2.803630021909198078e+00
2.720898356045921562e-01
4.715183283399981384e+00
2.997038588654416635e+00
1.292263049533078023e+00
-2.588593932262811759e+00
-1.678850565182442134e+00
-2.061097066467876548e-01
-1.354711490903747206e+00
-3.437215301453868221e+00
-4.790017613767129312e+00
4.105001592136354738e+00
-1.971431055706251101e+00
8.273870211543293607e+00
1.230036632687393050e+00
-2.992045197129852840e-01
-2.049701436772881635e+00
1.154385971477025763e-01
-3.899714688892533143e+00
-2.673738123240680054e+00
8.577754062624820541e-01
-2.653251477428684613e+00
-2.753167435453911960e+00
-2.216321776786948305e+00
-2.388278186747147203e+00
1.580249793288245108e+00
-4.777975510506771606e+00
1.501558054249223950e+00
3.027447707324342652e+00
1.162109612709654183e+00
1.731377339526284365e+00
-2.560189852998789650e+00
-6.687051163170909973e+00
3.214920629366323501e-01
-5.697982597601381372e+00
4.284655602426010290e+00
-4.561893520771721278e+00
-2.132091003944768914e+00
4.491695035235478528e+00
2.779600804252027046e-01
-4.115354285510191445e+00
-1.938876865695451590e+00
2.149868630183950025e+00
4.011711343241096017e+00
5.603939994533804203e-01
-4.557241031708456624e-01
-6.020061854585927463e+00
-2.818635285217927056e+00
-1.188993785708326367e+00
4.280502944971533275e+00
-3.551082081453152295e+00
3.407117114446984285e+00
1.450635729898183124e+00
5.907787662038766818e+00
6.569094230288906822e+00
7.661053059353895023e-02
1.450410351313716539e+00
2.931301013507312536e-01
-3.847897647542046773e-01
4.378633748274723736e+00
-6.824396159801315420e+00
-1.904548659412400591e+00
2.202035848826283004e+00
4.049983556198797352e+00
-1.305840232312304394e+00
-6.016185654273573657e-01
-8.528598167313584666e-01
-2.742329387511775796e+00
3.347010186495850803e+00
1.992504181799847895e+00
2.190035091865356165e+00
1.733010568498383197e+00
2.616658711279673533e-01
1.753871683418886107e-01
2.351612617215891099e+00
4.524372151836423939e+00
2.887998311617911429e-01
1.293227143397432943e+00
-2.193038781417691929e+00
4.131258973768816567e+00
-2.441860472331095266e+00
1.768209653580611773e+00
2.518227655322975433e+00
-4.472679984576263479e+00
1.618257262354219295e+00
-2.978109971379424792e+00
1.561374923269088999e+00
4.227791667132017928e+00
-1.741147065027094820e+00
1.896385772287372706e+00
-3.919149290211869197e+00
-3.339565875611667067e+00
-5.574922860941440739e+00
-1.505709132672358175e-01
-2.627896297498569567e+00
9.668183382360507894e-01
2.347285011363882568e+00
4.039957407062597206e+00
-3.196670428303121092e+00
-2.540845490058173617e+00
1.433088882507773887e+00
7.000907964672496320e+00
2.254046664877296102e+00
3.242018921725508207e+00
8.639081847281065984e-01
4.665096696143049115e+00
3.474058174850646274e+00
1.633078943593121668e+00
-1.657776380348467971e-01
-2.421134887968028337e+00
1.431958074459380170e-02
-2.279052542901343514e+00
6.988305286542718875e+00
-1.094496136618185789e+00
-6.959547445903870866e-01
-1.540506081407480909e+00
5.807139376391515562e+00
-1.416821142620885710e-01
1.136385066559156609e+00
1.526088993673116123e+00
-1.856790642889442289e+00
-3.636138538251015184e+00
2.027698588817436587e+00
4.275278070762709604e+00
5.726410826422678735e-02
-3.450376773190722890e+00
-1.076911098348575013e+00
2.421007578391023429e+00
6.351233773513753178e+00
4.001733821403794522e+00
1.495479109436607112e+00
4.730094257485273346e-01
-4.592184289800833596e-01
2.663757782229341675e+00
-3.223206481697218351e+00
-3.394019332082936824e+00
3.437026629794867616e-01
-3.442406236062393710e+00
-1.517025154318213165e+00
4.652990097284503968e+00
3.764843910126626891e+00
2.267604658895786551e-01
-8.450364409311682534e-01
2.753001795553661424e+00
4.381426800878733374e+00
6.010432710435330783e+00
-1.251441835253197299e+00
-1.380666674217940093e+00
6.209211024576991811e+00
1.789115589309652421e+00
-6.639332699605025034e+00
-2.571820441599629969e+00
3.239185493021658591e+00
-1.688177274638490211e+00
1.582557434489190840e+00
-6.442500923418504888e-01
-1.529977832661794102e-01
-4.169951724826723272e+00
-2.198331620626197580e+00
-3.416431075242379656e+00
3.002667068435935338e+00
1.033364336570954611e+00
3.649310558347811373e+00
-1.275181640200165667e+00
4.546177610139680247e+00
4.790153074036695102e+00
-1.314527234566123859e+00
7.601065757538641776e+00
1.313836739456958780e+00
9.665122511593692067e+00
-2.943658204621048213e+00
-1.328090347408741878e-01
1.046577310753745049e+00
-5.901051573099883596e-01
2.707328459479273697e+00
-7.602966567023758948e-01
-2.021337819612580411e+00
-7.341003649073884141e+00
1.033358453533270715e+00
3.686651687251630172e+00
4.635441876431120711e+00
-4.702199748220261988e+00
7.325997385889434277e+00
-3.447027012687531311e-02
-1.175699392739261162e+00
-4.074532316324691372e+00
2.433002699818212822e+00
-3.450078180475284473e+00
4.526206949781968802e+00
-4.002705371853491734e+00
-2.830968837265178895e+00
