4.586062062445021681e+00
-5.765072533008519073e+00
4.833050132639708174e+00
-3.311211668452218038e-01
-2.285716413290137083e+00
-9.126094652347047642e-01
-1.416080800396876782e+00
3.378240876773821455e+00
2.283044386950529692e+00
2.822967399427013024e+00
2.879116403960599424e+00
2.854793202771706007e+00
4.774063830713898504e+00
3.372373242245629843e+00
-3.673217787788445321e+00
-1.125008702946422190e+01
-1.808529897312274537e+00
-3.237247594603784417e+00
5.986746613433253650e+00
-1.961269290690592082e-01
6.904003131532834847e-02
8.382668036899785236e+00
-5.785047919249755921e+00
-1.311710524192196026e+01
-1.944291132307435666e+00
-6.425274579074903514e+00
5.376900974473856287e+00
-5.043788077643076129e+00
-4.500476413463227132e+00
-3.683816994935474876e-01
-3.024664100746289108e+00
-4.753051649056078354e+00
1.493863895080685289e+00
-1.999501339132670807e+00
1.356113119909574838e+00
2.812481335432984952e+00
3.733018167913870755e+00
3.458868269457763489e+00
-1.784856201579601231e+00
4.660036615716057540e+00
-3.108351650369548302e+00
-9.073258614916069220e+00
-2.481300619012278830e+00
2.780090308167342705e+00
6.033430211415006461e+00
4.432870573017789084e+00
-1.302520232254681831e+00
2.683899188247882428e+00
2.087965096476888771e+00
2.734300085549428605e+00
-5.660311180211510695e+00
-1.019451130251760373e+00
5.061339318852944302e+00
1.191552723981520456e+00
-9.848284300491785270e-01
-3.934587509936772864e+00
3.087991846430012455e+00
-1.479491152513549235e+00
9.036442449853482328e-01
8.681609195111097410e-01
-2.788978152008712463e+00
9.708538045589691023e+00
6.663036156164263701e+00
7.044679142797530602e+00
-5.991278838260531980e-01
5.946524370407628268e+00
5.341709619196805647e+00
-9.308115808779550804e+00
7.880475915477144433e+00
1.541692067107441444e+00
4.210018549249677555e+00
1.968210649876785068e+00
-4.040126152135178117e+00
-2.135082647733848038e+00
-9.713829766900376583e+00
3.657250265080667528e+00
-2.130048644730458740e+00
4.555248692953731138e-01
1.896120718187009335e-01
3.536258689829625546e-01
9.532537998977085536e+00
2.486352799828900562e+00
-2.520765211535792805e+00
7.380553065399928947e+00
-3.072753525591849666e+00
9.750708550036748523e-01
-9.660793178296559480e-01
-4.732707899687111919e+00
1.267063170048588994e+01
4.889078640917822405e+00
5.252346303738032240e+00
1.958816829963886175e+00
1.156130911317955867e+00
6.521148931048670327e+00
7.635875045896665103e-01
2.991959647876598183e+00
-4.607812822117535845e+00
-4.523978536703097575e+00
-3.369966417419176796e-01
-4.254472228761713382e+00
-1.704190308217102268e-01
9.897796739928878651e+00
1.970220569536335731e+00
-3.218200680486849485e+00
-1.982373365642004170e+00
5.809531594838112101e-01
8.128990059057439765e+00
3.725376795123530593e-01
-1.639161580811559826e+00
-8.602912593295852783e-01
5.641394478451354111e+00
2.869703979097966595e+00
-1.509638260376214181e+00
-9.858807217720529925e-01
-8.761307364815802856e+00
-9.904844460720005017e+00
9.426458958121497478e-01
1.930157110460418934e+00
2.465624207233852783e+00
2.146265896954713259e-01
1.543125697012908581e+00
-3.334539449590783633e+00
6.708437103443031013e+00
-2.116269003610200539e+00
1.053369272991007133e+00
4.829671143294148372e+00
3.423682249713617676e+00
-7.140488182873460099e-01
-5.861147555959396627e+00
1.354584989571285814e+00
3.432423581292258774e+00
-1.595211180603773315e-01
1.624960853592843257e+00
5.377230107251391722e-01
-2.837961787407209169e+00
-3.858528281233935431e+00
-4.902230023804776238e+00
8.044329146538435893e-01
-3.402851956543551104e+00
5.093726700008028629e+00
-6.756914210514774588e+00
1.601483286557118912e+00
-1.863102768237527851e-01
2.130275484182528878e+00
-1.558714477062277393e+00
-1.626659387401261148e+00
-1.191679968867989814e+01
4.799010259538289525e+00
2.239112112867871485e-01
-6.351788356423933024e+00
1.769704144708275528e+00
-5.111046358689848468e+00
3.238347378699803158e+00
-8.402125075100618234e-01
-2.294197033361290217e+00
1.721993764465180821e+00
-6.067106330224593336e+00
1.276116578494142395e+00
-1.718451360577916143e-02
5.023750019834264613e+00
4.085045911913312011e+00
-4.704324679901679684e-01
1.981597399236743717e+00
-4.168077062245385989e+00
-5.978610379928917418e+00
5.277120109057820141e-02
-6.158727005643277685e+00
8.444785120794994882e+00
3.232642430282889889e-01
-3.116150966074052509e+00
-1.852193592500327890e+00
-1.001249055717902259e+01
-1.181205630224702929e+00
-2.485316728080619875e+00
4.712375089495349556e+00
-1.866789703481332330e+00
-4.273417259465898788e+00
-5.953987051940806019e+00
-4.489468780062972009e+00
-7.093037339027052468e+00
-3.658939226342223794e+00
-3.865816497310742061e+00
1.920031101432261078e+00
-1.096986966935272978e+00
2.056426152389805750e+00
5.832280812063587838e+00
-2.815254646863040389e+00
3.839325466453949787e+00
-4.146012231120338676e+00
-8.413503992931609332e+00
-3.291538995957067115e+00
1.055215805881019620e+01
-3.720732987029624628e-01
-7.995524312441564696e+00
2.262246461927376551e+00
-5.506948530882556980e+00
3.797579618180087824e+00
-7.359441036847235829e+00
-1.303648123225679356e+00
1.952796843542242033e+00
3.750738108328838027e+00
1.876492691558440784e+00
2.694821479977063561e+00
7.419124775647150116e+00
3.805380340081627288e+00
-9.689023949933012192e-01
-1.696633225148189150e-01
4.690794963786073524e+00
9.341845494250414106e+00
1.400675701101400961e+01
-2.901587205372279765e+00
-2.215353259862987922e+00
-2.740039862738840037e-01
-1.367197058298150747e+00
-5.729137909228565029e+00
-6.164078821674536357e+00
-2.959360233161268949e-01
1.242250882922036892e+00
-2.094906354978928853e+00
-3.657851530967604958e+00
-5.124955307954628836e+00
7.912714213138038133e+00
5.316360100770165076e+00
-1.738436159004255854e+00
1.260903697569206061e+00
2.269800152665224502e+00
2.858120057540692205e+00
3.067836192382230376e+00
3.760179269414829495e-01
3.204218209691579666e+00
6.706129581266132789e+00
1.192795308362912143e+00
-2.026636483973464076e-01
-3.972773019299124186e+00
-1.057809808088041770e+01
-3.555325324672164999e+00
-4.815006472190377806e+00
2.613038088373027534e-01
-5.984301530266689539e+00
-6.329943037569085718e+00
5.676102611694796352e+00
-5.434790347813136080e+00
1.424435952708545283e+00
-3.336894133246455230e-01
-2.425399192815444582e+00
-6.671290964069012119e-01
-4.359408171283904565e+00
2.135208596481234622e+00
5.057358607457731914e+00
2.449700062476219742e+00
5.008486229642379328e+00
8.642177545133575833e+00
9.060970007602604070e+00
-5.795110196689536863e+00
-2.445901721843257270e+00
2.528233647575859777e+00
-2.924351249284863119e+00
-6.927278302561572509e-01
-7.285462939258690040e-01
1.223538408175257830e+00
7.852367476330324170e-02
1.104319429905642469e-02
-2.683669396178001154e+00
1.247530230149763497e+01
1.097940097975912543e+01
