2.925089444727039245e-01
-5.755745209771567339e+00
6.569559392892802663e+00
3.126064535939887534e+00
1.600981561849728285e+00
8.151315410144949203e-02
4.698199654261844271e-01
1.618343949221736411e+00
-3.503241477949717630e+00
5.597620592724318334e-01
-3.898129337072268719e+00
-2.982845653206797731e+00
6.272425567089864096e+00
3.130538204087171206e+00
-2.922460470706343738e+00
-5.091944774730196244e+00
3.159600931424265013e+00
-4.813534103732329150e+00
6.032083703070577840e+00
9.426571979315001570e-01
2.371034018386914077e+00
8.346042839758982979e+00
-3.187931252255588710e+00
-9.437692748752601446e+00
-8.860045419773769915e-01
-4.190889180597126007e+00
5.011000215023164728e+00
-1.943074315972339594e+00
8.288401443919042322e-01
2.871188056139353240e-01
-3.674122404665700170e+00
1.507988708545891843e+00
-9.793599563849184619e-01
-3.867471112402740108e+00
6.061750432948427303e-01
2.825439286739465317e+00
-2.144056460709466094e+00
4.620944585785633052e+00
-4.192427086759750843e+00
5.238598185510239702e+00
-2.550610024343600291e+00
-7.902120714302085958e+00
2.179029115359086610e+00
2.563028231121499689e-01
5.848210640526053439e+00
4.731130815463561845e+00
-1.351465606917461537e+00
4.806135482691057170e+00
-3.306771997632002025e-01
3.039951724772147479e-01
-6.551659432228561286e+00
2.521388434903540254e+00
1.376750180828378856e+00
-1.424355830420498181e+00
-8.308425703919597449e-01
-1.885811537577463781e+00
2.011631852603572579e+00
2.434280892657140871e+00
-1.673150185077303398e-01
-2.651738007685972676e+00
-2.738884169209856001e+00
1.072640917890720402e+01
5.572223129320239110e+00
5.981787772361491839e+00
-7.529882922315629390e-01
9.709199034861626387e-02
2.427049318231474295e+00
-4.081481281149986984e+00
5.716582859794894667e+00
-1.659690403745633258e+00
3.364605216439630286e+00
1.609144438899301921e+00
-1.275081252627894957e+00
1.107813880097961778e+00
-2.996397172769315276e+00
3.706314297957752357e-01
-3.102440729328951985e+00
6.268355224621304789e-01
-5.003655849429246238e+00
2.465935326198841704e+00
6.026096641318241964e+00
3.877639242956391730e+00
-2.590969976455777868e+00
4.248777508652088031e+00
3.747277222622613646e+00
-5.099068673980394067e-02
4.793937493692333796e+00
-3.990864885599561429e+00
8.960300625726613788e+00
1.167390200633929620e+00
2.559278474796879976e+00
5.610768930439082869e-01
-1.622143458604164978e+00
2.241130822728177652e+00
-4.414863798559434116e+00
2.792987462937814414e+00
-7.519292730275085823e+00
-8.035913905789522360e+00
9.569547515315022235e-01
-3.176647479494805193e-01
1.785584977728691125e-01
5.169621621101352815e+00
1.497660401303238409e+00
-8.055637942002981111e-01
2.197516961989025575e+00
-4.379479405480490861e+00
4.271453006906968497e+00
1.810100709178877443e+00
2.300663227234034824e+00
-1.025455708498058671e+00
7.482646779094931588e+00
8.892775026892549839e-01
-2.933626386631286831e+00
-1.912918746705415840e+00
-8.742212186918052907e+00
-7.178377800423527688e+00
-2.004820454566362820e+00
-3.300823345090927452e-01
5.278169333603196733e+00
4.605198921172529936e+00
1.914264343025191994e+00
-2.133653217216401110e+00
6.100566370784087589e+00
1.315867465511272538e+00
5.429983459650185473e+00
-2.929777991447760410e+00
5.712471028064523004e+00
-3.289749729277561485e+00
-3.560610269568059039e+00
1.201659605058209790e+00
-4.295503244147552913e+00
2.923217175593552319e+00
2.606772042931758016e+00
-2.970114158882230626e+00
-2.420025800354319134e+00
-6.214552962645173650e+00
-2.951352355409846862e+00
-2.778666979375647106e+00
-2.517651922384827934e+00
7.390221780117473216e+00
-8.920962076887184011e+00
2.431576837318365936e+00
-4.413456259664521597e-01
-1.766215790064725510e+00
8.465845120032959858e-01
3.094774294109908119e+00
-1.206880054894223342e+01
9.781191133243163360e-01
1.178758751438546248e+00
-2.943548579366848106e+00
5.074800881484225812e+00
7.660187893338522569e-01
3.761433374731935064e+00
-1.339515721886224364e+00
-3.304625552590710225e+00
-1.364943804546440154e-01
-2.194847440617039069e+00
-2.341413154951912379e+00
-3.070687616143088050e+00
-1.309206856591526691e+00
-1.296575644822281825e+00
-1.365746707430340434e+00
2.424237103893253087e-01
1.686870885357821814e+00
-2.028140430675627215e+00
-1.200536489012195229e+00
-1.729215932529317934e+00
2.579608150473387873e+00
-8.709694951067206148e-01
2.413014896013038424e+00
4.255189803494958678e-01
-4.238881531897415123e+00
-1.156041713232936585e+00
-6.678706071362559449e+00
4.365769520663371761e-01
-1.294940008971035894e+00
-3.805032041560983291e+00
-8.046032754099351481e-01
-3.027550560465682050e+00
-5.126471914688032427e+00
-2.378363782842789931e+00
-7.387023980475695417e-01
-1.067702177376852912e+00
1.592661677754502847e+00
6.317132490350080287e-02
3.687773689841880476e+00
9.781619492948268046e-01
-4.262281136815191385e-01
-1.923661538020910999e+00
-1.989402591041617763e+00
-4.681306901136126797e+00
9.463427085555604634e+00
-6.609509146799340762e+00
-4.832798713410766389e+00
-8.810047993538068223e-01
1.051583200349001546e+00
2.134188243488180703e+00
-5.292964384022899260e+00
1.704207315535903211e+00
1.106244829666004348e+00
1.409748335778036044e+00
-2.075798676456671377e+00
-4.737737457268815788e-01
7.824632381843671602e+00
3.860693061659018266e+00
-5.594037002228832156e-01
5.785600266130094260e-01
6.121504133404523706e+00
2.116954310864016975e+00
9.762296115223824344e+00
-8.770017555048541524e+00
-2.128820494584385603e+00
-1.010596598890800557e-02
-9.409733104315817220e-01
-1.772359427945016108e+00
-4.617368866800665828e+00
4.397940248807554742e-01
-2.450128305679620144e+00
-3.144477468487368199e+00
2.648182602772980232e+00
-3.667348504276248367e+00
6.916585233484659589e+00
4.623478819664770256e+00
2.995951176281247186e+00
-1.462604774066900148e+00
5.184982219622169985e+00
4.550774277914712229e+00
5.064140608536273902e+00
4.854860554825288332e+00
1.187667387138764852e+00
7.093897605685717700e+00
7.582765581949026945e-01
1.349704535067334232e+00
-9.465869869018453286e+00
-6.400355478683934507e+00
1.274475324525893516e+00
-1.422471809508298879e+00
1.562307659915628255e+00
-5.889149589782642913e-01
5.135442543552943828e-01
3.754574997850945284e+00
-4.194854525550809399e+00
-4.418135794264471117e-01
3.674622455264763943e+00
8.280730137610098351e-01
2.615404617235047358e+00
-1.213120955910943266e+00
2.304712832923150323e-02
1.450489395616411770e+00
-7.925006831984064970e-01
4.722877506361335520e+00
5.914702071908732428e+00
4.524814684883684102e+00
-1.008032649788007218e+00
2.964556453719791040e+00
3.405227269876939022e+00
-9.506723824000429257e-01
-4.120324012977898853e+00
2.941165712092682849e+00
5.896083146647107531e-01
-1.669960417567766531e-01
-1.598670259002761274e+00
-1.291940197280113889e+00
5.405928000789329779e+00
4.919789706946862573e+00
