2.105861141750979382e+00
5.080768979931077567e+00
-8.056720758545434791e+00
4.434755512788833620e+00
-5.074350459397963142e+00
-2.394102442544929765e+00
1.700856429015089821e+00
-3.810474004671544623e-01
-6.721792141737629178e-01
3.790857675209349242e-01
3.030372469431102278e+00
-4.339761177982248697e+00
-1.808922569348706322e+00
-3.732974727289913197e+00
-1.790357339487795851e+00
-1.243655199655888666e-01
4.387049091577612359e+00
1.504632662456545145e+00
1.337036232018079307e+00
-5.405673941105825442e+00
3.959812644225266354e+00
3.133553724646714667e+00
2.470127151771278839e+00
-5.035778439664086115e+00
-2.128955131294075542e+00
1.763081425205287101e+00
-2.123481503189844855e+00
-1.938178027760819377e+00
1.125708578418171291e+00
2.425168176263186925e+00
-2.423103356938510533e+00
2.201770775864719365e+00
3.965198106241803799e+00
-4.967298736815548565e-01
1.258454275118780386e+00
3.197723813202671739e+00
-3.306567197855581064e+00
-4.938556011708497451e+00
1.604956851085736824e+00
-2.710429295246571169e+00
1.226870736065011069e+00
-2.033163361562405624e-01
2.585370714087088295e+00
-6.144297656861382961e+00
3.075961848667063681e+00
7.434564865692204982e+00
1.767688884437657038e-01
-1.387029400247762889e-01
-2.083978721164152059e+00
-1.748214820099872835e+00
-5.651563998947187750e-01
-2.551824798799068539e+00
4.831862357589300494e-02
1.752242455822255351e+00
4.005293844065676900e+00
-4.330707027417458832e+00
-4.705733546660261224e-01
-2.099520429758612305e+00
-4.337567410284122182e+00
3.967627362885504549e+00
4.749004534672085498e-03
-2.588932653461724964e+00
-2.426071022920130993e+00
-5.935717016172961991e+00
-2.125669590503298512e+00
-3.278614466282904427e+00
1.888248484990844966e+00
5.260731749056321571e-02
1.513993487436215979e-02
4.814115310137070392e-01
6.650340061509755429e+00
2.055422025018331489e+00
3.263148300834569859e+00
-9.742705788817862533e-03
1.876847377299839303e+00
4.572673298272748599e-01
4.442498568640252721e+00
3.147903430926517032e+00
1.769833786823238775e+00
-3.886397145817560794e+00
-1.066700738216794342e+00
4.404319188122149953e-01
-1.158698982778374020e+00
-4.164787772146622657e+00
-4.615240284077614774e+00
3.628881394000498695e+00
-1.672078994997876933e+00
8.584115301011928878e+00
4.485071995568133407e-01
-4.730506542215235366e-01
-1.531281356405850502e+00
2.650491573988789651e-01
-3.557957485020621924e+00
-1.782439150531368366e+00
-1.143452308965297592e-01
-2.240965005990688486e+00
-2.931124278832876850e+00
-2.319148621356976303e+00
-2.428783669938896050e+00
1.638555965586955709e+00
-4.868256141861820652e+00
1.189712995420898256e+00
1.750647994481156378e+00
1.805486189188187485e+00
1.190970209196652085e+00
-3.079635700449501190e+00
-6.517239477866399788e+00
3.369393611495555274e-01
-5.880961979716644805e+00
4.489938133325958702e+00
-4.162207322867302217e+00
-1.955720881499896313e+00
4.131984194501809426e+00
8.924210244782325718e-01
-2.992607288994627801e+00
-8.451059525061977995e-01
2.695640817100382947e+00
3.683428869410543705e+00
7.193789937175646410e-01
-9.331888323741510671e-01
-6.527355120309642267e+00
-2.230485157336086210e+00
-1.136559903236411762e+00
3.185132207526848447e+00
-3.484763463927695870e+00
4.095618509881674640e+00
1.843760038618790897e+00
6.811133383320667534e+00
6.640550626153897795e+00
-1.826697599465411104e-01
7.690234284166983514e-01
1.388294991129833456e+00
5.124664703152148615e-03
4.233360958555561382e+00
-7.500450271712578498e+00
-7.706640096386472294e-01
2.653127790770234196e+00
3.996490946467386784e+00
-4.981011153341753372e-01
-1.656740672794095426e+00
-5.045354900421257227e-01
-2.130760241607515759e+00
3.974088703027931935e+00
2.830499124005527722e+00
2.385685921053977143e+00
1.378059257287355122e+00
4.399988384019521415e-01
2.264225636594206781e-01
2.400535338300322064e+00
4.192745642901940073e+00
-1.184259675250424193e-01
1.326083214145559630e+00
-8.581706904095650623e-01
3.583531293922403549e+00
-1.235924843076660062e+00
1.582129058124890131e+00
3.201571873032536431e+00
-3.801243660676537406e+00
1.479410299449286370e+00
-2.790825689311379865e+00
2.344049989535995859e+00
4.154450419132110106e+00
-1.935348723860233378e+00
1.861483839542168672e+00
-4.180424955158406064e+00
-3.073838252338811916e+00
-5.739946539200158071e+00
1.441760142963424141e-01
-2.567632611737161952e+00
1.820484961496612986e+00
3.203029372846194267e+00
4.007701976991955739e+00
-3.208444865948373081e+00
-1.462393428641576953e+00
1.359248117424461721e+00
6.616307126413198070e+00
3.495640075557260751e+00
2.589996722041162158e+00
2.542389994913865081e-01
6.331698189571279833e+00
3.501067005218995831e+00
2.025685730205892376e+00
2.530057605222571504e-02
-3.142188834169468148e+00
-3.280437140550463981e-01
-2.797626242222579052e+00
6.548978374013260328e+00
-1.662241763341277156e+00
-4.520134282986362773e-02
-2.023773850086255877e+00
5.531207090176487817e+00
-3.657126618658542161e-01
1.416015102373741730e+00
2.204207205405319225e+00
-1.546382878365213376e+00
-3.113213437491121560e+00
1.360361723263682432e+00
3.993120120412780860e+00
1.540460117238864335e-01
-3.303963007541933283e+00
-7.945241595738842255e-01
2.136435195596991132e+00
5.508509063114545690e+00
3.252692359871478978e+00
1.204697195175018942e+00
9.477714678773434542e-01
-8.888565266970153145e-01
3.034326609431746036e+00
-1.968150860026533833e+00
-3.369482662944299545e+00
-1.474729672271152925e+00
-2.186039364038392829e+00
-1.526877189978273819e+00
3.262594448301859629e+00
2.528919246194015535e+00
5.543418747843956718e-01
-1.289462093167151657e+00
2.950381205197863288e+00
4.404422436361528526e+00
3.840131610505721049e+00
-4.149000163950796738e-01
-1.299873299580140307e+00
6.430819031287212439e+00
2.292955592525550923e+00
-6.645474006860875527e+00
-4.283401936631816564e-01
2.951337259149966474e+00
-9.921218735775632069e-01
9.490076447425154216e-01
-2.419109564864593276e-01
-1.824477835693477656e-01
-4.441658575876530790e+00
-2.218783448426687066e+00
-3.144277751950230293e+00
3.457657653905815476e+00
2.303535024612589854e+00
2.511391983851083420e+00
-1.565877910993990207e+00
4.090313482716591231e+00
4.765418308267133973e+00
-2.785024194508365802e+00
7.486483062034111846e+00
1.792428637577060613e+00
9.313221617150066578e+00
-2.455043656776591643e+00
-1.723002178387812444e-01
4.247750707929613956e-01
-1.279370883386127922e+00
2.161717058451979145e+00
-1.967292008431632766e+00
-2.873150818907531878e+00
-6.309033292989167485e+00
9.743427106523405712e-01
4.048381087579288717e+00
4.813913395139284290e+00
-4.153268700020308124e+00
7.017616949067519982e+00
5.868084287936058407e-01
-7.624998021120779623e-03
-3.734720845747824036e+00
2.528061950426318205e+00
-3.583241983660182317e+00
4.927619348927776421e+00
-5.106327446986719032e+00
-2.243652069137798133e+00
