1.527108860375198329e+00
-6.954812902911084116e+00
5.184448248027758943e+00
-1.922482312890130052e+00
2.963057069089884421e-01
-5.964828072816732885e+00
1.821818361363120697e+00
3.330388515147694406e+00
6.396576548331600165e+00
-1.440198047476854981e+00
-1.349375790648082551e+00
-1.208527604788645249e+01
3.559447326552144464e+00
-2.857925815075344822e+00
-2.771958939874763939e+00
-2.597423112777536680e+00
1.497739293391633586e+00
9.391808457188096426e+00
-9.329365627564046859e-01
-6.875574252078373583e-01
6.856145897986736237e-01
8.454499871634004293e+00
1.730537325236486179e+00
-5.908232944492073813e+00
-1.014741210616683986e+01
-9.329496596799437214e+00
-6.665785820774493553e-01
-6.077865927397444246e+00
-2.850879022728459722e-01
7.496499468810646771e-01
3.454961105033951707e+00
-5.724568623353079921e+00
-1.048847877383296989e+00
-2.443082987068558865e+00
-2.105667558039568288e+00
1.054713384028409751e+00
3.814497618506492937e+00
7.386462747996133338e+00
-3.772047522932357566e+00
-1.159409255456257881e+01
-2.371517696084238125e+00
-1.235179015313200734e+00
-1.863293304846894038e+00
-4.852470531299883927e-01
-6.789275524517162097e-01
1.111570571499952198e+00
-4.489887851625309345e+00
1.864718087099099586e+00
-4.238041120663521788e+00
1.816377753321254174e+00
2.345664221505702196e-01
1.435001657113542661e+00
9.106143047439104521e+00
3.722704494281573240e+00
1.103590694260008220e+01
1.067448509136169399e+00
1.736385926935558821e+00
-9.066843556199662757e+00
2.496466249586230202e+00
1.540937804554528778e+00
-1.489704233793724963e+00
-5.929792670384069986e+00
3.511989523922542489e+00
-6.111650187879295260e+00
6.033027694402004482e-03
-1.583450576478253824e+00
2.290686484750278362e-01
9.453210400015141346e+00
-2.977911246916804977e+00
3.644969442306592811e+00
3.072730984098530072e-01
3.304154029035649920e+00
-4.959896505305368741e+00
-1.048519190037633830e+00
7.683414819005228935e+00
9.110563677391196880e-01
-4.547408639892048576e+00
2.875965820192155853e+00
2.383669738381715586e+00
3.881634230934925822e-02
2.917651435833345630e+00
9.486175071925750046e+00
1.824205912251056327e+00
-9.573078954665944496e-01
2.678132447577667996e-01
5.257029647878042056e+00
-2.306788982634616403e+00
-9.220749733896475675e+00
5.175337194649842765e+00
2.581585443344430963e+00
-3.034249920898612007e+00
3.057214398439179970e+00
-4.912815568940422040e+00
-4.009962286739061632e+00
-9.534858042283504531e+00
-9.216388286532304353e-01
8.692333203954186183e-02
-3.988724355317782577e-01
3.080468194461926768e+00
7.117208288997641574e+00
-9.004570383448601945e+00
-6.782111668835396401e+00
1.166934817460518081e+00
-4.238767408055371888e+00
-2.296012990336784854e-01
1.528254173259070869e+00
1.459907006477823233e+00
8.763174774030755287e+00
2.678026850669340764e+00
-1.641263451994239730e+00
2.707950249511758223e+00
-2.477535260904608183e+00
-7.039501341809031310e-01
-5.905724395081076494e+00
3.776979289162342823e+00
-3.881971988020591624e+00
-3.295712891037915426e+00
1.116670140287496338e+00
9.506598754199407919e-01
-1.086943157835430895e+01
1.369840242875567937e-01
1.445983416921224451e+00
3.470230578630016716e+00
1.577747446690738187e+00
-6.315009091698140509e+00
2.234882341592300481e+00
-5.862209458792384531e+00
6.379222480492865444e+00
-2.245857579821686212e-02
-6.940151754866167977e+00
-7.382433992252612764e-01
1.447985946956762859e+00
1.127401785387089461e+01
4.636417254580063485e+00
-7.063754980613732748e+00
1.741457981700054169e+00
1.225756279715035202e+00
-6.968187223406178354e+00
-6.512152614716428367e+00
-2.094805395078029875e-01
3.527764404855977087e+00
2.849945358062590195e+00
1.766976986197094313e+00
1.974862112679587112e+00
5.962710400916918729e+00
6.116009362665917770e+00
5.430024501250017011e+00
-1.641961207194106764e+00
1.417790979945682928e+00
1.066034921447452044e+00
3.610318367438280163e+00
-2.703455211521106349e+00
9.204357703313852390e-01
-8.978917071357102042e-01
-3.985134864878636662e-01
-1.196653091578385641e+01
-5.439004127581673842e+00
6.185642728297606752e+00
6.544120648548163999e+00
-1.862293580121286762e+00
9.591753886364749349e+00
1.064719692026972986e+01
-1.357547774396576701e+00
4.110357549382774422e+00
4.096440921591494089e+00
-2.875460011961230578e+00
-4.847226152323094173e-01
-7.373395501295613386e+00
1.599528755640186928e+00
-1.537508306953269954e-01
6.737390268950107064e+00
1.531311883884397318e+00
2.731388475858451237e+00
2.521370903222956539e+00
-4.302518848500176851e+00
1.195829914274808781e+00
-1.661545568056300715e+00
6.031832174190813411e+00
6.644393808683945579e+00
9.090403864580753890e+00
5.270284567047227142e+00
4.024079512320795970e+00
-1.510762227138763292e+00
-3.838352334796955034e+00
3.406605886124224741e-02
-3.436681314800676956e-01
1.564859098498687873e+00
8.456070631530943071e-02
1.177894499171979348e+01
3.735394656038655281e-01
5.880502404902532732e+00
-4.516178376116465998e+00
-1.174557634524262761e+00
3.469042538225321604e+00
3.292945293503914517e+00
5.624919386395001997e-01
-1.495230077109951372e+00
4.563907139362427756e+00
4.549088194723098333e+00
4.971995251894235857e+00
-3.338687210607977351e-01
-1.331052666491088132e+01
3.181605905355548991e+00
-6.590388466906997422e+00
-2.332412463653471768e+00
-6.481792436236718302e+00
1.579554314128954973e+00
3.305197507644700661e+00
-3.895311934817865307e+00
5.548032253383715862e+00
-6.961755971608043936e+00
7.771003831686192243e+00
7.855467688453116715e+00
-3.425274085750798836e+00
-7.163065900315945811e+00
7.062476377610590106e+00
8.659627214230354753e+00
3.796702289161659749e+00
8.296355053167192573e-01
-1.628537156144317821e+00
-2.701628037065237908e+00
-1.409607671475126800e+01
-4.666169367840659277e+00
-1.224977397179374261e+00
-1.657253340732220970e+00
2.433448073774840736e+00
-5.238744341407175931e+00
5.884703149873776740e-01
2.104480258843815399e+00
-4.309688333361538781e-03
9.239153327901400203e+00
5.391395158602314552e-01
8.717902961108551452e+00
-1.414759173187438712e+00
1.462690048020932831e+00
7.670445897634112775e+00
-1.264307336709455720e+00
-2.096478515905046969e-01
-1.021129871497632280e+01
2.394438129798429404e+00
-4.541004803832398906e+00
2.538778996620325135e+00
3.450240022851615240e+00
2.666984320580138235e+00
1.547725600813504077e+00
8.478571322347800532e+00
2.319266700525643543e+00
-1.005699560853931196e+01
4.586121744288349511e+00
-6.603181775729954905e-01
-7.717944929638926865e+00
-2.505367141579850632e+00
6.454898127918580641e+00
2.391085182755020355e+00
4.450345900428716028e+00
1.371253405266809500e+00
3.738060382408104232e+00
9.320575039782680316e-01
-1.789422397407516296e-01
-3.167193690682664764e-01
1.949057512741446230e+00
1.842803769499951505e+00
-3.986742295925961521e+00
9.502616825998820849e-01
-7.454926170964686349e-01
