1.384493415512488168e+00
-4.104422573125317442e+00
5.418183139124534087e+00
2.662997291050571924e+00
-1.377293020298121728e+00
-2.631956181019638130e+00
-1.590587133986356427e+00
1.887719975609263301e+00
-1.423871097786677531e+00
2.597988263039163304e+00
1.991762133758791631e+00
1.323520394283386192e+00
4.056829429444936963e+00
2.358141059263191064e+00
-6.515887791289904918e+00
-6.245823820752455902e+00
-3.441782997450834714e+00
-4.700672751905463187e+00
5.092360600828858885e+00
-3.412727164143391501e-01
-1.438983979917923262e-01
3.658035369945026094e+00
-3.678342075228500541e+00
-1.242336822142984865e+01
-1.491981588237195400e+00
-7.407594792628198199e+00
4.972872319719386702e+00
-2.049375454515243611e+00
-4.983243882938994673e+00
2.094520685483619360e+00
-5.262757900323582483e+00
-2.857885901967742726e-01
3.380509477580839750e-03
-2.754338379764710076e+00
-4.127500085292793441e-01
3.983246065302622263e+00
2.556117521844873508e+00
4.621327186786144736e+00
-3.144979241302486628e+00
5.749133854329200766e+00
-4.956960337679512940e-01
-8.860426677955356212e+00
7.875838870454161533e-01
3.940839856301903588e+00
5.148004916730419822e+00
2.240927818701435648e+00
-1.050446440908035406e+00
4.224721108714662776e+00
-1.618676371548151138e+00
-9.761515466910947181e-01
-3.721731504344553798e+00
5.417947318567195580e-01
4.995005873010431863e+00
-2.089438675197974327e+00
-5.850557960202835694e-01
-3.862740919818643981e+00
5.667530535013774795e+00
-2.108278858146199308e+00
1.251549349599080152e+00
-3.704347924994448427e+00
-2.953052650339163421e+00
1.144538727172023762e+01
4.727518101441509302e+00
8.151967746515627056e+00
-3.054775108968057928e+00
3.099224496855438105e+00
4.054725136093766835e+00
-7.104319878145438416e+00
8.526967240640551893e+00
-3.857782345759595000e-01
3.431072141237188511e+00
3.170208484362728729e+00
-2.568647097871619156e+00
2.109966636190469647e+00
-7.424068057155027489e+00
1.845969701393213036e-01
-3.598229840987116290e+00
1.114054575019244098e+00
-2.104650237630331322e+00
7.216676663983395690e-02
6.752067805807142165e+00
1.468195535833006105e+00
-1.017284147832993257e+00
7.645001124520074853e+00
-1.723946925045705569e+00
2.020082355322805057e-01
-1.044575528751341853e+00
-3.773789352495091620e+00
7.872395900055424001e+00
3.384214545469899083e+00
1.055612467101282315e-01
3.789950547790499336e-01
-7.933297548011216671e-01
4.123030791757423152e+00
1.858372017929647846e-01
4.475160466814703142e+00
-7.657318073437402006e+00
-7.015096596161968456e+00
6.695625799518489796e-03
-3.551882372399350452e+00
2.131884552384497145e+00
7.755186871921253555e+00
1.232405580551326985e+00
-3.169777526804958168e+00
-1.667825825391392014e+00
-1.141818498787166458e+00
8.103547883558574583e+00
2.059160834596167167e+00
-8.160841126139145585e-02
-2.085836353313764047e+00
8.481144898745451854e+00
5.214086814235077139e-01
-2.403929878154441369e+00
-8.448007218818461839e-01
-9.610885363753380872e+00
-8.115515147081893588e+00
9.598540363465302150e-01
-6.675017665322507954e-01
4.324282960064349979e+00
1.586483282046199150e+00
-2.799278449883675912e-01
-3.260513309657723902e+00
4.356403512170095027e+00
-1.687548630167438724e+00
4.326491298565952270e+00
1.484120615262022991e+00
2.738224973077112434e+00
-2.703274581349647931e+00
-1.504135362630514061e+00
5.627625435456422576e-01
-4.042143742873876011e-01
-1.448188733223571445e+00
1.772316692278453232e+00
-1.397903265446661880e+00
-3.060565082286974103e+00
-4.661670461759300110e+00
-2.167734033796520521e+00
1.431335454161955845e+00
-1.368611991161316821e+00
4.142806089989941931e+00
-1.016480502260735008e+01
3.347600369033016943e+00
3.004148875806181840e-01
-1.306251621178090794e+00
-1.011800226119386359e+00
-6.666069456960411754e-01
-1.682505995576670443e+01
2.895938518210510182e+00
2.519754721379189100e+00
-5.190154806553418432e+00
2.678790373830663540e+00
-1.495701990040530394e+00
6.382548207435772447e+00
-3.714521317051832083e-01
-9.452523385314625104e-01
2.012926680263873447e+00
-5.268343335380706094e+00
-1.217107600181728699e+00
4.745341025097485899e-01
2.873782773454023332e+00
1.905614653149127369e+00
2.583544211495146126e+00
9.705910365409927687e-01
-2.798246613167918007e+00
-5.924162566370480221e+00
-7.807911557786233470e-01
-5.737303618013185336e+00
5.203248217811224485e+00
3.088992282814180257e-01
-2.089519915242006753e+00
-2.122690270907662047e+00
-9.284411170508235500e+00
-4.419128333051360435e+00
-3.048025613926004684e+00
1.592922776472205815e+00
-3.047354763023836899e+00
-4.594162948597164231e+00
-4.497740707186457243e+00
-6.616064518430888164e+00
-6.452129335602882598e+00
-6.777376307366113295e+00
-4.438574887825659232e+00
3.681634168456233702e-01
1.384920357019871762e-01
1.613451774204235356e+00
5.381894766279742726e+00
-9.630893322591660421e-02
1.310005612002184350e+00
-4.285925727171744803e+00
-5.032728376902460887e+00
-5.562737022404977694e+00
7.506740527676620367e+00
-4.957122250639622862e-02
-9.158153375438535804e+00
-5.428469357250060856e-01
-2.965215260021277111e+00
3.559703176805293356e+00
-7.575157684777174438e+00
1.048930986510691055e+00
2.662487942696207810e+00
1.685181291209915999e+00
2.889035862443535496e+00
3.614461575128473658e-01
4.817123541048301760e+00
3.152137830358759718e+00
1.093780195108294689e-01
-1.156910931153170674e+00
6.239576140470580512e+00
6.019765543041048161e+00
1.496487391136746936e+01
-4.509993612624332293e+00
-1.805110204970373333e+00
-4.791963082853073486e-01
-3.491474052419397900e+00
-6.838594170660134530e+00
-4.216187706830302417e+00
1.018273512794735103e+00
-4.121135853028169649e+00
-1.302675916635042785e+00
-2.064498987333704960e+00
-5.558420496317998172e+00
7.190203176363435311e+00
4.865283205031985858e+00
7.312707733274448341e-01
-1.857724905047227093e+00
3.005343181573052469e+00
2.195583071524593866e+00
4.880259837511054855e+00
2.095431288188915886e+00
3.132320939268402604e+00
5.324988998036014110e+00
1.068964350192318946e+00
1.285691458839853585e+00
-6.712784745067699177e+00
-8.775774118890499409e+00
-3.088825076070537801e+00
-4.141391023834056107e+00
2.014653365789274897e+00
-2.090689233281475712e+00
-3.181538991793203319e+00
4.558225563158310401e+00
-2.852863111463440404e+00
-1.146268597023366809e+00
8.717162596255052520e-01
-1.971222894149848415e+00
2.766845145138209450e+00
-4.482401154108232255e+00
1.527828853360695627e+00
3.892013532600700820e+00
-2.638791306748946575e-01
5.437115524833409097e+00
8.571973816170308069e+00
8.438845139590331002e+00
-7.675215997849968552e+00
-2.346927390320657780e-02
2.520645751662388356e+00
2.444830661225608770e-01
-1.519090183134264027e+00
1.745074513949534056e+00
7.251780210362596124e-02
2.098992918879881042e+00
7.359612047277030999e-02
-4.066610588268569693e+00
6.610775396515846225e+00
8.981921196573777522e+00
