-1.183733406162243540e+00
3.737872573180588631e+00
2.848174942950568944e+00
2.811449639516889198e-01
-3.421440360630576549e+00
-3.909267152251431732e+00
-2.482137164885778624e+00
9.564238595488806505e-01
-2.781110896139108668e+00
-1.445754820606143243e-01
-1.277386449975329796e+00
4.769716092400894780e+00
1.568448576935383754e+00
1.223701762774513035e+00
4.838115312970235671e+00
5.044699671934615992e-01
2.724001541843675156e+00
4.169138605787474638e+00
2.163599367605138823e+00
4.233406893589529929e+00
-6.015280420273463768e+00
-5.715672308066507834e-02
-2.783123513762484347e+00
-1.929488335488856787e+00
-3.055014873837689215e+00
6.661593286392922586e+00
5.523954452433856410e+00
-4.243400969747532336e+00
2.286263398261882962e-01
3.954181333245283980e+00
-4.594289673204829505e+00
7.354486906430285353e-01
-1.301198294370264463e+00
1.140382810259228386e+00
-4.459967345329321375e+00
-1.455155139753768756e-01
2.362174604604891481e+00
-5.344110696139314776e+00
-7.532963711104985194e-01
1.838846851674778460e+00
-5.135057856394967146e+00
-2.141280486089411461e+00
4.811215276413615349e+00
-5.445911798132980763e+00
-1.294759029385205373e+00
-2.392177938444329133e+00
1.415866977122082204e-01
9.217333335530659699e-01
2.036722306810028194e-01
-1.993786396580917053e+00
3.213431214216513787e+00
-2.278385406664871660e+00
6.657785821095664858e+00
1.554767331355173310e+00
-2.923735376688424648e+00
1.490681687923285814e+00
8.218678132267575043e-01
-6.792739809056929090e-01
-8.037607315662647522e+00
1.375618923400910854e+00
5.521811261280634930e+00
5.267430125167285038e-01
2.133185525444627029e+00
1.034426986410794003e+00
3.533441446013664500e+00
-4.978217202581956435e+00
-3.470679439686578771e+00
-7.479399586285756518e-01
-7.111868135777426048e-01
1.195517300507123348e+00
5.080679099869001014e+00
4.645361933995260983e+00
-3.723816593370288253e-02
1.967693534033528868e-01
-2.196890013061684410e+00
-3.152854580393316564e+00
2.074302745323468589e+00
-1.363771283041939508e+00
-7.986150567181573567e-01
-1.483034680143014983e+00
3.111914968107302837e+00
-3.621055547360913174e+00
3.893721542705261829e+00
-2.384133880519084148e+00
-5.234734026220543512e+00
-1.036138523255718979e+00
9.306451273025592386e+00
2.005048362845927912e+00
1.528697393562156726e-01
-1.931734979703809252e+00
2.608516195624439593e+00
2.383276104751559377e+00
2.974421383532827257e+00
2.132020761564487721e+00
1.777262486016458531e+00
-3.077860320521148552e+00
5.015739707386976498e+00
-2.773218981723409193e+00
2.354753846252211957e+00
-4.258733703874328036e+00
5.813610596300389233e+00
-1.311395814106716573e+00
2.972296514686517899e+00
-3.247083653760299171e+00
-2.873034101202249335e+00
-4.996005410523220114e+00
3.339697793325615116e+00
3.440347286438260044e-01
9.405946605024295692e-01
-4.502668894396181898e+00
-2.500879925588720631e+00
-1.232024828995816890e+00
6.270160818621801635e-01
-6.526615310738217879e+00
-6.200379573510332865e-01
-3.049006836602289994e+00
-3.791891358798286094e-01
5.932565516995690125e+00
-6.181243417329361556e+00
-2.126314069156804099e+00
-2.236882021759943662e+00
-5.772108165742342312e-01
-1.436883689438681611e-01
1.798491966326539515e+00
-2.567623366773813309e+00
3.998647529526739852e+00
2.936574252655203554e-01
-2.427334081412925837e+00
6.579265928719655321e-01
-1.617405125323444715e+00
-5.468050244015659977e+00
4.101629765715431475e+00
1.945608151309414779e-01
2.761164457533159755e+00
-2.125264392067316988e-01
1.785624208487515352e+00
-4.404239120180176492e+00
-1.608643554837414280e+00
6.294056200398051359e+00
-5.193413706623740467e+00
9.375153770352158134e-01
5.454810100152026608e-01
2.789367116999137419e+00
2.405235973185307685e+00
2.484389078041215004e+00
-1.610061005381545618e-01
-5.113784738762017223e-01
2.959709608349617493e+00
3.187612844994567318e+00
2.713116912679561121e+00
3.870464538653971331e+00
-6.800882964228958105e-01
-4.029123235001223158e+00
-6.881723275800891715e-01
-3.503409778140307740e+00
3.094246976119616188e-01
6.373974916554979719e-01
1.497255159057279572e+00
3.554330398163573879e+00
2.241875775177979424e+00
-3.103114125846225813e-01
-6.777953384695738492e-01
1.336429775898073657e+00
3.432148752172910378e+00
4.580723202193435206e+00
-8.317283076283776833e-01
3.819813286817539844e+00
-1.026277308667442822e+00
1.157771797027762783e+00
3.365300409232433232e+00
1.281251591455761618e+00
4.020964390059714511e+00
9.792149176112288078e-01
3.681364270993149557e+00
2.663332623531415866e+00
2.603817401963998801e+00
1.421845173618055513e+00
3.170176439587067296e+00
-5.436165016048326581e-01
1.033535984865079804e+00
-3.820764895586424625e+00
-6.542483992088924394e-01
-1.949320608503969599e+00
-2.840835522956083881e-01
-2.286463099543830868e+00
-2.122268157128749611e+00
-2.676565366574369165e+00
3.827218391792867047e-01
6.179329830971511672e-01
-6.716393550895217501e+00
4.415197952895193456e-01
-1.385430626503819207e+00
-1.397543041391942520e+00
-2.229014115304138954e+00
-3.496833752581887111e+00
-3.741612115970351926e+00
-1.622641509999301901e+00
-2.550182028918889010e+00
-4.459901326258369103e+00
3.852288124818167070e+00
-1.890972888136509322e+00
5.642952869378190073e+00
1.955141047382633612e-01
-3.240854886689625847e-01
-2.653071461937191788e+00
-4.370604994992528525e-01
-8.565002397587696548e-01
6.652639044504431443e-01
3.861984561431598628e+00
5.738215059094964765e+00
-7.924636175296783103e-01
-4.211786819232078649e+00
4.030201163039381917e+00
1.290128689766014913e+00
2.046328067931446171e+00
-6.428217669309727045e-01
-6.013151834204730761e+00
-3.657857060078377298e+00
2.259500020470178450e-01
-5.648298445435100845e+00
-3.564421510931269910e-01
2.132731134158576403e-01
6.702689125519778024e+00
-8.541903750385213545e-01
2.139281896228342195e+00
-2.263824858504588367e+00
-4.437090283587873607e+00
-2.701475481287967106e+00
1.335031102722211038e+00
4.440003935112791567e+00
7.637948449337811363e-01
-7.408500104934082842e+00
-3.818987126588846870e+00
2.400437715874635725e+00
-4.645915738463154199e+00
-1.134883798440605496e+00
6.757122669916593161e+00
-5.204265081703416840e+00
7.624130497776171467e-01
-3.849174258381119262e+00
-7.057858530534393715e+00
-3.456245399561721499e+00
-2.823785775614034321e+00
-3.444259450775027265e+00
-4.370471524602880464e+00
-3.400016371540231397e+00
7.247946061313675692e+00
-4.219080193732336781e+00
9.706987995542748493e+00
1.103854883714874724e+00
-2.228762735062536304e+00
-1.133687156684783481e+00
3.142112903087087350e+00
3.421236210444388970e+00
-2.950644690504776069e+00
5.474098301579674697e+00
8.245970790836816278e+00
5.151896819270043171e-01
8.154582868848865296e-01
-5.532179293027214007e-01
-1.377622153837231966e+00
-3.393767662476263602e+00
1.097300449227480712e+00
3.551229921598537675e-01
2.757235794993255329e+00
