2.692914701802366917e+00
-4.968041896647338973e+00
5.240470461777271716e+00
4.319244598834842463e+00
1.163416945606835950e+00
-8.743753960437702366e-01
7.011299554629479847e-02
2.922562617164919274e+00
-1.894448027674688895e+00
1.093424937161431743e+00
-8.671496527674330546e-01
-2.469569714931951210e-01
4.724795083934123063e+00
3.020870753633840611e+00
-4.257649655521074550e+00
-6.419349219046059929e+00
-1.975637229313647714e+00
-4.976142731806576514e+00
6.961675281690999917e+00
-1.334722599733362269e-02
1.832390287420857300e+00
3.611761147112290793e+00
-5.486560848613243557e+00
-9.503750916478466593e+00
-3.993835993048840405e-01
-5.424657666591623517e+00
3.968946503992338837e+00
-1.508569292295737663e+00
-1.500693541040257761e+00
1.333195970082265980e+00
-5.082743548590539895e+00
-8.599887811145053851e-01
-1.409961017499647085e+00
-1.802217325138277815e+00
2.674207126640737453e-02
3.243871737792459964e+00
2.005138038633108355e+00
4.519450662410553932e+00
-2.869540232565834792e+00
7.335186953853851222e+00
-5.395436432712086283e-02
-8.919934487716632887e+00
2.138748775664719215e+00
6.882672980338893076e-01
4.100140241354210069e+00
2.934558509201520060e+00
-9.196706832120552511e-01
2.147110636429246711e+00
-2.017884014012430449e-01
-7.333701445592989421e-01
-2.859639627581365584e+00
-7.879905293200588356e-02
3.086019527021663933e+00
-1.838357299116980537e+00
2.064233303077371295e-01
-4.498085195930736191e+00
3.627984388655000281e+00
1.400399571231581763e+00
-8.111712773584399683e-01
-2.234659621544819785e+00
-2.231080071636666773e+00
1.064816690328092186e+01
8.020120841758265229e+00
6.942002489527254738e+00
-3.648953949570593602e-01
2.909481135110199457e+00
5.655827650794472028e+00
-4.205155307964612454e+00
8.317320351412007540e+00
-5.224452187723733765e-01
3.691157242890374945e+00
4.479030878791138148e-01
3.211212332126214264e-01
7.759455667931127731e-01
-3.553917196903949360e+00
1.619265894557013752e+00
-5.034721548107614630e+00
1.433694631173567102e-01
-2.391857061710036092e+00
4.464538928779299698e-01
7.831213438507899305e+00
1.548207448487277427e+00
-1.771856244590781282e+00
6.239096378771354701e+00
-1.264340546166481172e+00
3.963390894334918313e-01
6.198022074578311003e-01
-3.333167664037057776e+00
8.286543227499215902e+00
2.905253755616277633e+00
1.870175629696548159e+00
1.378828207916096726e+00
-2.071519146566393133e+00
3.894420552447614092e+00
-1.896209584699297013e+00
6.335117185531244921e+00
-8.582149519940289295e+00
-6.853933057045204613e+00
-5.588538920726826564e-01
-1.907524451012388544e+00
8.966262862717164772e-01
6.758118556600082094e+00
3.555531993919893274e+00
-3.557304412559024076e+00
-1.160333224896630266e+00
-3.230133186004676027e+00
6.902991513976503235e+00
2.668337183626366738e+00
1.873337260057068354e+00
-1.219954699839504331e+00
6.274783254629246798e+00
1.429314915984462475e+00
-1.961799080724872191e+00
5.178597287637949353e-01
-8.791223974217116321e+00
-7.199318526682960240e+00
2.710096286258353526e+00
-1.615458285295271745e-01
4.480664103178964019e+00
3.022064890513970870e+00
5.971072276034340431e-01
-2.115252883639406445e+00
5.458574425066473168e+00
-2.110508178183748917e+00
4.940913578311193710e+00
-1.867476192663690915e+00
3.922925927698066584e+00
-4.531193126190421694e+00
-2.598778673400351291e+00
3.221028123752742722e-01
6.383329171600425900e-01
1.094159628369872017e+00
1.985337103513524548e+00
-1.247580504964540093e+00
-5.886699436465578916e-01
-3.535775573045516929e+00
-6.278317184152214514e-01
6.412841743443123965e-01
-2.952064966747618424e-01
4.516144508279189118e+00
-1.061008489591407233e+01
2.111709977369880420e+00
3.190997194065383624e-01
-5.515980103842800242e-01
-2.721782246717008857e-01
7.440992413839941921e-01
-1.473000907547725369e+01
2.407333787001675329e+00
3.297917857985461776e+00
-5.335333608184259724e+00
2.686611287588181796e+00
-1.406458123590518472e+00
6.841511571682597825e+00
-4.635833549781553375e-01
3.361917802026979096e-01
1.580446435832875141e+00
-4.503377085623244014e+00
-2.140602591816593847e+00
-2.824886140806989854e+00
-1.114632547052968187e-01
-4.752797680666112634e-01
2.502952184892743404e+00
4.234227553203819272e-01
-1.690162238928576421e+00
-2.856468517869791501e+00
-2.943258801897247867e+00
-5.492711747092818619e+00
2.557102404249033789e+00
1.888313770836060890e+00
-2.525352498286901337e+00
-1.899294011055510989e+00
-8.167228241964696878e+00
-2.693910081767336262e+00
-4.834973152275302333e+00
2.308531989417549113e+00
-2.683796370182080171e+00
-3.723354874550100835e+00
-2.249541055989396909e+00
-4.042321422337681547e+00
-3.650010673437640740e+00
-5.295000196056716568e+00
1.219890724867890519e+00
-3.515290851268504380e-01
-3.291631136220219966e-01
1.092576762491073161e+00
5.449364067928656574e+00
-2.849607020278627223e-01
7.448209233382607763e-02
-3.176115967229090842e+00
-2.339988832400904606e+00
-5.235083488772752425e+00
8.765804240821848836e+00
-1.342113838922204483e+00
-5.778114101216398346e+00
-1.299025301923493192e+00
-4.207649793795436022e-01
2.914991060745014462e+00
-4.828031574513763857e+00
1.902753687523538018e+00
4.661282370484374216e-01
2.107167264243954730e+00
1.937226479568399995e+00
2.187894956201119623e-01
4.464987450768905575e+00
4.880775203343916679e+00
-7.894402709124286321e-01
7.004835512140199505e-01
5.715707402872014065e+00
4.940103312534476210e+00
1.147165178631487592e+01
-6.857140554485446238e+00
6.489432176657088380e-01
1.843125830489341199e+00
-1.342755155505545916e+00
-3.467418329402211175e+00
-4.106243905652708470e+00
4.832951730446879424e-01
-2.742147275218742131e+00
-3.286649252557388046e+00
-2.115203402498837981e+00
-5.214827213038561560e+00
5.028509724979575601e+00
5.338281670834424730e+00
1.969918001648436334e+00
-2.542798092683405287e+00
4.807549104094605674e+00
6.099045067490614258e+00
5.184170702072051107e+00
3.636192458086833668e+00
3.144754005035753863e+00
4.101301484315684753e+00
3.017684234834268064e+00
1.464491455785061458e+00
-7.121828593608172220e+00
-8.458998344662816748e+00
-5.415356016314148979e-01
-2.942914330029296366e+00
2.392368665095988334e+00
-3.080636589941604608e+00
-3.110511083061332727e+00
6.842910241292121221e+00
-1.441598131547320971e+00
-4.926116162876199578e-01
2.376182047922727580e+00
1.758728829520858628e-01
2.600445488740972699e+00
-4.012772062762254066e+00
-5.647163327698250246e-01
2.981067818713917461e+00
-3.997212867502316636e-01
5.758343138233271041e+00
7.809401329147821258e+00
6.084784777784091325e+00
-6.903788754753849233e+00
2.648361582434141326e+00
4.852945629608051981e+00
8.845456291051680964e-01
-1.664115733702006938e+00
1.003136534647578237e+00
3.115795106057095420e-01
-4.011518211412943291e-01
5.871908045313500857e-02
-6.316683007161764785e+00
5.836918264205618101e+00
6.788553242009919941e+00
