-5.335172129038290301e+00
6.634543612702024973e+00
1.182284285212055508e+01
1.640567576266100058e+00
-9.022267031222510170e+00
-6.531483625400796633e+00
-1.434285575778045274e+00
4.428215380252108702e+00
-1.100441972507783284e+01
1.137229857362214158e-01
1.767453534770277113e+00
5.378498496140622365e+00
-6.258772864011496573e+00
-1.815751879600269847e+00
2.576298492600763712e+00
1.315066829068418097e-01
3.216225760530026623e+00
5.445281389970565655e+00
6.058361549263556967e+00
6.184505687734305646e+00
-5.709006561381618994e+00
4.676566797855619129e+00
-3.912918529277481516e-01
-7.358545891085970680e+00
-1.869911095258827372e+00
1.093982118661769931e+01
-8.127088088966618606e-01
-3.999820906579871771e+00
1.046912161366745364e-01
2.053596069170271932e+00
-7.431251671400456615e+00
1.200420447683779646e+00
-2.021370290505447365e+00
2.317439222463728132e+00
-8.129780291466348174e+00
-2.495783374695413226e+00
2.367973217598361158e-01
-5.909166720250459193e+00
4.583798421960731395e-01
-3.083856318488995552e+00
-6.944947370085648330e+00
-4.345893221945140716e-01
7.721682123679169507e+00
-1.278313363713062856e+01
2.428565225315946652e+00
-4.415558933771855266e+00
-2.397224982670535631e+00
3.744658386723349608e+00
-4.711410921168146082e+00
-3.892797659780343089e+00
-2.888458608821536933e-01
-4.929691706140592267e+00
1.171591089502379557e+00
-4.005028481971299459e-01
-4.501022953616793387e+00
1.135736395355567474e+00
-1.744911514883571879e+00
-3.506160502124666678e+00
-3.001534524604898113e+00
1.648470633998669221e+00
2.603599803051893868e+00
6.565216316579788325e-01
-3.832150865437588205e+00
2.870862977244240444e+00
1.933042873716919630e+00
-8.810323025679403841e+00
1.722667202715186252e-01
-1.932472216256525765e+00
1.301745233264816282e+00
7.614959650525180201e+00
8.251045866453054600e+00
-3.014071838609363452e-01
-8.126488049182359896e-01
-4.209527624807630986e+00
-3.125628826202490274e+00
-7.253842856013906548e+00
3.209905691502982217e-01
-8.758467303513793212e+00
3.568582601961190370e+00
4.457492864809116995e+00
3.254055242489582334e+00
-4.107239095369369375e-01
1.863013138189774320e+00
-6.140155337985613748e+00
8.303988392878525193e-02
-2.575945435165554187e+00
3.365819162634849260e+00
-8.344449187785417665e-01
3.052632938832668508e+00
-8.725757834866795903e+00
4.553146127316818337e+00
-6.214202872286028745e-01
4.927021250168853506e+00
7.698220219217276394e+00
2.404387960837389482e+00
-8.419071509842504852e+00
2.349030363659008636e+00
-1.176896731623614745e+00
4.379883070357476482e-01
-9.192015959338712960e+00
8.343047824359262066e+00
5.540002179952294714e-01
4.268872630459689788e+00
-4.680913992402830459e+00
-6.517570667152431163e+00
-5.494191150624944342e+00
9.698436947296904975e+00
1.727211483486680077e+00
5.224596654874431145e+00
-2.574456768809738172e+00
-4.850069256860979894e-01
1.615192584888668126e+00
1.633258189143346195e-01
-6.073578680447862865e+00
-1.993997320913031501e+00
-1.791247243275654988e+00
-7.338872801370439625e-01
2.299997202599219914e+00
-5.712232751703173683e+00
1.369058106234993133e+00
1.623489309270664371e+00
3.960790427009983627e+00
-2.626761648119050552e+00
1.304229893395698170e+00
-1.435501651985203520e+00
4.684063417487066339e+00
-2.900852070850193698e+00
-3.272785288404385540e+00
3.934645232447430807e+00
-5.139944083600003211e+00
-6.456636552651448646e+00
8.693013950095901166e+00
3.118585562871213579e+00
6.891835498938069904e+00
-8.288471805874104703e+00
1.909831505257479467e+00
-2.429290384922925927e+00
-6.261776847767361431e+00
1.100879211351882425e+01
-9.214831855341936162e+00
-1.419461708632170582e+00
-3.012488183970455147e+00
-7.554080310678591426e-01
3.648545627855168227e+00
2.903851667347233878e+00
-1.894912192632916215e+00
-4.983305339334031636e+00
3.419174936779189600e-01
-2.494050577776700806e+00
4.869012663802232410e+00
9.955425426868766081e+00
-1.988607790363456695e+00
-2.657268001498509058e+00
4.104403219001762082e+00
7.241770802550007158e-01
9.757046433431028065e-01
6.510895823546669625e+00
-2.501672694120056772e-01
8.396372948160164995e+00
6.313463778073568067e-01
-4.236410186182411053e+00
-3.553298395099734996e+00
-9.402907297832496791e-01
2.811143201599236807e+00
3.959210044966015030e+00
4.026467729460176947e+00
6.166715109392201022e+00
-4.115699257264593847e+00
-8.491400177466333632e-02
6.025185065943395202e+00
2.041600162591004963e+00
5.635605955340537321e+00
-2.601533149536980005e+00
5.413836771776676215e+00
9.238416013788757208e-01
4.178453610402051766e+00
-6.140446908942382542e+00
3.993613841200444714e+00
-4.121917321265411438e+00
-2.818180893117256391e-01
-8.783362399098482598e+00
8.090501767923539145e-01
1.326936177829704189e+00
-1.144820732079045111e+00
3.386932206441411797e+00
-4.682282061605827828e+00
1.132977881514003027e+00
6.209088952828192287e-01
-9.358590041865879616e-01
-8.147857953420418298e+00
9.118645814783413073e+00
2.959212442477530569e+00
-3.086273472457084832e+00
1.968012535420778253e+00
-7.596045121742602824e-01
7.706030198534621345e-01
6.397925859955985173e-01
2.183687767742813257e+00
-8.864277772691659507e+00
8.995086019620336160e+00
1.106298436073497982e+00
-2.658027880904955342e+00
-6.684544356449478864e-01
3.771262832275748877e+00
-1.748363366493800086e+00
-6.593823860482015409e-01
1.066351657486535265e+00
2.988951270647984271e-01
8.264364385039634442e+00
1.519349349967913376e+01
8.360270702388605812e-01
-5.429461963357057108e+00
8.298283917320901537e+00
-4.458712188016164646e+00
6.791077635134614710e+00
-4.484529111386605038e+00
-3.303790350556615518e+00
-3.771552040358937319e+00
-6.160825997245788166e+00
-2.173259004084718615e+00
7.941753766493455657e-01
3.835521908195003604e+00
6.644716293210215063e+00
-1.945490386775720504e+00
5.842408732499214885e+00
-7.941259265069732010e+00
-8.067550949215119616e+00
-9.317746153081242211e-01
-1.136786821999293817e+00
5.234834339809507853e+00
3.048510085385887081e+00
-9.895140051273635606e+00
-6.727003392741139898e+00
7.227553839895976218e+00
-6.709212311218657909e+00
1.231937100659460160e+00
9.152572691153082474e+00
-2.168071784134824487e+00
8.349375629651001773e+00
2.790149929841153398e+00
-1.071562730612216718e+01
-1.737676893138090151e+00
-6.581690397645905577e+00
5.761014792009970797e-01
-6.954651792854627423e+00
-6.665985946065081436e+00
5.807321718699184565e+00
-7.334330935071504243e+00
1.505126349937986951e+01
4.938810921633657869e-01
-1.191905031827180217e+00
-4.195298550649206426e+00
-1.121995446066382129e+00
2.244218405120610438e+00
-8.501618154267076122e+00
8.470806463315680546e+00
1.019572325212977582e+01
2.497082126380269607e+00
8.606040149766265301e-01
-1.170705583553789397e+00
-8.983123423509304928e+00
-3.322076603406120210e+00
2.242754527354043681e+00
9.241155646846371141e+00
6.045379849530130301e+00
