2.057239231845355842e+00
4.298783263866643445e+00
-7.695399269707840162e+00
3.791756063513427755e+00
-5.702220005414015525e+00
-2.534619240235766124e+00
9.542498554955782808e-01
2.336484894029228210e-01
-1.289789054466262908e+00
-1.109887471830256489e-02
2.158766528199658197e+00
-4.279487297957643932e+00
-2.518908850790043896e+00
-4.272105340067271939e+00
-9.986752595653274334e-01
4.049742318521645235e-01
3.643226509692747417e+00
2.155041678680884143e+00
2.218533984934401015e+00
-5.138137805348183207e+00
4.008571649048523255e+00
4.564555952267516759e+00
2.500565082824857122e+00
-4.892348658704879227e+00
-1.775848242120619203e+00
2.087013094300917082e+00
-8.411022712438115390e-01
-1.998421974326449968e+00
1.382585159215413695e+00
3.337190306492819225e+00
-3.272579551092260619e+00
2.254861896746034322e+00
3.828275985821976146e+00
-1.641791627243784024e+00
7.868948350396292035e-01
3.739540083659651959e+00
-4.001171830480329206e+00
-4.873191359458334482e+00
2.867761633884737815e-01
-1.960524929997001342e+00
4.386254089701501213e-01
6.496909248613779164e-01
2.629170450450379448e+00
-5.512288903110837524e+00
3.323202452173276811e+00
6.065209953316260005e+00
8.005086339045395238e-01
-7.097330688430981693e-01
-1.893292988477996097e+00
-2.736837805945622204e+00
-3.804217415939609714e-01
-9.542927000786627367e-01
-7.433988489874486794e-01
2.060014273493702586e+00
5.309187710569062801e+00
-5.216745472841441078e+00
-1.143658588081400085e+00
-2.001465556504569587e+00
-3.066805568020450234e+00
3.640358116743965589e+00
1.531831396165594494e+00
-2.162494073361970859e+00
-3.430499214729350932e+00
-6.254611942788327994e+00
-1.546613539405625959e+00
-3.033253988136491497e+00
1.676250802006245211e+00
-9.285295051649790077e-01
-2.002377623132645390e-01
-4.644379202044595645e-01
4.901205296059082173e+00
3.265467318055267132e+00
3.050235182920787658e+00
3.222341924706335070e-01
3.301949622862314193e+00
7.154265504418846344e-01
4.968676391176421347e+00
4.120063418105643471e+00
6.204443655780627065e-01
-4.499855400099323610e+00
-9.735482425997590283e-01
4.275801147457777840e-01
-2.093765237687283509e+00
-4.523191418303178502e+00
-4.155112065297693391e+00
3.430744835008625593e+00
-2.058855889772741143e+00
7.926571810517190286e+00
1.164432824229062913e+00
1.520591629495859909e-01
-2.076852817806789986e+00
6.881832171604513881e-01
-2.958612138984614504e+00
-1.507609939308234948e+00
1.255613790934597684e+00
-3.061855461491154173e+00
-3.232401458604010180e+00
-2.852190823012425547e+00
-2.660960928664382497e+00
1.998782832208202409e-01
-3.407814095913920482e+00
1.375866134913726446e+00
2.256235884513306367e+00
1.151316576291299798e+00
1.979953873913444351e+00
-3.176211161790762461e+00
-6.651986840499614750e+00
-1.738923163038988695e-01
-6.071926677497046398e+00
5.035025858759947681e+00
-5.529093774907540393e+00
-1.535601770003248490e+00
4.893146302659432401e+00
-4.915745135159154122e-01
-2.289509635861016523e+00
-2.185120132864840858e+00
1.690575939459655119e+00
4.306157071622116028e+00
1.772488706141306825e+00
-9.468626739088559230e-01
-6.829033664276094484e+00
-2.454153039911662226e+00
-1.592858010731198481e+00
3.295451399691359917e+00
-3.253613117587307535e+00
4.966549193121589489e+00
1.115944461797444109e+00
5.725514150086113752e+00
6.073817695970650021e+00
1.051345335300894357e+00
-3.442981833007262571e-01
9.477108435817079846e-01
1.949289474560798319e-01
5.242290162136860943e+00
-7.903641545596026496e+00
3.526831822547599193e-01
3.768300163245724477e+00
2.705204052914303769e+00
-1.882477351751213612e-01
-1.912798498153803983e+00
-5.889792460610219216e-01
-2.359111320299689396e+00
3.657129117766052318e+00
3.220614824946545607e+00
2.776619595926791639e+00
1.865860670989246017e+00
6.327984018303685065e-01
4.963251528409305946e-01
1.843016279842442096e+00
3.839238748712598515e+00
1.444471761029468837e+00
1.038246773300799841e+00
-3.345681540126833609e-01
2.421423833963748162e+00
-1.838327071211737218e+00
2.153006383807490209e+00
3.102974071625563823e+00
-4.373128352797402307e+00
1.142373715606472384e+00
-2.335296999488109204e+00
1.188110628271745295e+00
4.992644804127864155e+00
-8.435181318060315236e-01
1.359681258093721867e+00
-4.178782670792661413e+00
-3.139235763258791501e+00
-5.393538379725060672e+00
4.464265504461539802e-01
-2.687389426938634251e+00
7.767949353237415533e-01
2.917070714111261065e+00
3.861162651850338801e+00
-2.453511338272035935e+00
-1.321023290303852571e+00
8.968337084474398146e-01
7.617225215987483367e+00
3.849873700500639817e+00
2.478873526955093443e+00
1.634693435931646732e+00
5.892503616219291196e+00
3.540036534456457940e+00
7.827473179238233492e-01
-6.006505458987247970e-01
-3.122033132517685772e+00
8.531604234751660742e-02
-2.801331172695755267e+00
6.734685453132352784e+00
-4.624060759875097126e-01
7.203779300546704345e-01
-1.991777894258555115e+00
5.942262580616884726e+00
-3.232689986185380282e-01
1.018063021298952320e+00
2.742297345948615295e+00
-2.651264048918249294e+00
-3.876812503014726019e+00
5.355736491590324944e-01
4.454437721567498620e+00
5.531398227534638501e-01
-3.301447877504386952e+00
6.290189874771884293e-02
3.298906685749960932e+00
5.507720588427840624e+00
4.064031576821911074e+00
1.776616702491355282e+00
-6.290309688596492643e-01
2.834112082763195484e-01
3.270629937068655124e+00
-2.164039559471341967e+00
-4.034089756825645523e+00
1.263964032318121156e-02
-3.271252805542804953e+00
-1.399538145975413039e+00
3.952169932764011406e+00
4.261685447060655996e+00
1.007147482219199031e+00
-1.314331231349613160e+00
2.822471434712622518e+00
5.390191456372010137e+00
4.161876663194149728e+00
-8.988470921968416683e-02
-1.147470194982431080e+00
5.974633043208736893e+00
8.515042775023264898e-01
-6.886470734198919530e+00
-1.043098528005803161e+00
3.190423035151318754e+00
-1.569467626140512939e+00
9.053066696107754385e-01
-1.271950785585455490e+00
7.795389019354445059e-01
-6.223502513753693677e+00
-1.544827998774323419e+00
-2.866789220126251703e+00
4.068901378480644482e+00
2.019903795683988701e+00
2.029661724724129535e+00
-1.108892811450884253e+00
5.923394304846317127e+00
4.681106663978638949e+00
-1.625716783552115796e+00
6.511449521131243756e+00
1.452213774246983613e+00
9.370195324375364621e+00
-1.003954597697339635e+00
-3.203654566761765521e-01
1.397607385707427818e+00
4.833701011074839626e-01
1.673316749923569269e+00
-1.688392184354147396e+00
-2.138639095384429645e+00
-6.609477464099083655e+00
-3.614403755091810666e-03
5.246516508954053748e+00
4.890051525526383003e+00
-3.584634313333566968e+00
6.745635237603773149e+00
5.824306141110321411e-01
6.364077982846907400e-01
-3.496617968295231194e+00
1.993248931490679610e+00
-2.863863222413259635e+00
4.536140962086974149e+00
-4.109043605269073751e+00
-2.757418401522205187e+00
