1.447366451879485316e+00
-5.682585462388122011e+00
5.174407442130265267e+00
-1.829637219651998326e+00
5.841112837994698603e-01
-5.801301806689518337e+00
2.245662285562070259e+00
2.193926660569861742e+00
5.881991780408091230e+00
-2.452038774212233818e+00
-1.741311159673202935e+00
-1.054177895324472125e+01
4.003160688285477775e+00
-3.695463344414946949e+00
-8.038059642442216823e-01
-2.264436643735789012e+00
3.837976550456855818e-01
9.518231166842024749e+00
-1.076878510561486202e+00
7.477097381735861026e-01
5.156860029023326852e-01
6.809878285138451837e+00
2.812135477060131450e+00
-5.765313306846084451e+00
-9.138396186782392405e+00
-1.062205864316943860e+01
-2.495617912244968206e+00
-6.609093923722149100e+00
3.036155029346548906e-02
1.621289323036846586e+00
3.876341319834183174e+00
-5.834375627286445543e+00
-8.804236132584276620e-01
-3.855704014868971186e+00
-2.888097855466063457e+00
1.700442265438635969e+00
4.751996132387287908e+00
7.616600846642402445e+00
-4.954071798819168038e+00
-1.012620719370816502e+01
-2.267590953271183540e+00
-9.692962065454717724e-01
-2.624655908922508551e+00
-3.028480520172575075e-01
9.284523030710725711e-02
1.184012020044612701e+00
-4.050051169954734576e+00
3.064355457896779988e+00
-5.260638280943150669e+00
1.443331807788739152e+00
8.977369563539194797e-01
1.124034668504158674e+00
8.611326669666196310e+00
3.733273322793971616e+00
1.113351099463551641e+01
-1.523534997732791385e-01
-1.782875863516191206e-01
-8.991474204464026343e+00
2.645834637481353724e+00
1.576441081947769884e+00
-1.209090018294297408e+00
-7.447008331406462567e+00
3.669442420725638865e+00
-5.641476694073234377e+00
-3.730463782267596784e-01
-1.481169073883066289e+00
4.850263554283338330e-01
9.032751824454500422e+00
-2.468168702603243503e+00
5.895284028011677613e+00
1.285447921180004505e+00
5.182958569655029102e+00
-5.789582487047692183e+00
-2.238109930561252292e-01
7.054139379993768166e+00
4.271749879465811528e-01
-3.931696982536182716e+00
4.463570457173823058e+00
2.361115596310058518e+00
8.244390777727161890e-01
2.348623126738531131e+00
8.964023949229662946e+00
2.709907491823896564e+00
-2.182524590097708828e+00
2.040741094952844392e+00
5.331257595593521970e+00
-2.423568678908471608e+00
-9.077526011030139230e+00
5.018831522859752425e+00
2.846654836606521854e+00
-3.558261043544676649e+00
2.679295019962713464e+00
-3.334040052974083235e+00
-3.418552265372421850e+00
-8.903823019806150540e+00
6.424588497628072048e-01
-4.937767778182140521e-01
-3.134228923264081867e-02
3.103019025418060739e+00
6.387248285232987044e+00
-6.886413090652022007e+00
-4.559399263640658617e+00
-1.407599776887544785e-01
-2.871159334568975208e+00
4.710626339208885405e-01
7.271522143013174899e-01
1.384852348125017674e+00
6.475209995011954156e+00
2.081684657691324158e+00
2.714087451726786560e-01
2.256479621663272650e-01
-2.207637220660759070e+00
-1.750959253252627246e+00
-5.748255475008334336e+00
4.218138875008819788e+00
-4.000141327598077723e+00
-5.322128476301988265e+00
1.988407998502034424e+00
-3.283422621423505161e-01
-1.147127854412727643e+01
-1.119877499453331815e+00
2.895954743827924283e+00
1.882504831230881415e+00
1.751669337168517415e-01
-5.748394188444899022e+00
2.021876470914645285e+00
-3.834631803037258813e+00
6.002028423615641373e+00
-1.624868134852438972e+00
-7.074556211761948710e+00
-5.205111280040574107e-01
1.248247586318615321e+00
1.311449008676470207e+01
4.156615260274556078e+00
-8.418492477664234030e+00
2.906085338094542836e-01
1.560289266500697991e+00
-7.637661886399913058e+00
-7.032928172125916255e+00
-3.254332781835069799e-01
1.531766561105572855e+00
2.296227629003846360e+00
4.450510248467551278e-01
2.961666697547583382e+00
4.608178797415937389e+00
5.003036392925137577e+00
4.541434851139131368e+00
-3.152492101956875903e+00
1.780314799868725650e+00
1.396913807400626872e+00
4.798771198226897461e+00
-2.839325917528997323e+00
1.749595879441814716e+00
2.510892314908912404e-01
-3.307232632311357001e+00
-1.115740186477660068e+01
-4.058324278871819679e+00
8.315865227258234071e+00
6.844816082462506834e+00
-2.525560100271718511e+00
1.006451497138710494e+01
8.488051681524861891e+00
-2.259735084264768545e+00
1.722797817707911516e+00
4.998911214017829785e+00
-3.416669562829039997e+00
1.023953080523003489e-01
-8.361624391102498777e+00
1.289766328771330794e+00
5.494915836271367926e-01
5.107831386511964666e+00
1.755999284508209524e+00
1.363761269421651656e+00
3.032740643917679613e+00
-3.343344130723279406e+00
2.859726085401958162e+00
-7.675392231760446160e-01
5.490262890806212326e+00
6.814818456460033147e+00
1.011136982943011375e+01
6.130049661097595859e+00
3.054509557753627202e+00
-2.904855586451024596e+00
-1.724335567058896901e+00
3.611718998364943367e-02
1.264567799684364280e+00
1.124507833891118080e+00
-7.727550034246960520e-01
1.037497611479059145e+01
-2.036919223889738007e+00
6.978286011771690056e+00
-5.233743032852272492e+00
-4.343055261241243747e-02
4.227840322449793575e+00
3.195492900672022962e+00
1.325845216523056980e+00
-2.887385348353448844e+00
3.972405147352512156e+00
6.294802907299243522e+00
5.005591381322396671e+00
-6.057269904717471620e-03
-1.437969251538980942e+01
3.805262231894708691e+00
-8.222740196625171194e+00
-9.916961525807967970e-01
-6.247211380676717773e+00
1.762892977725744270e+00
3.374700065455825460e+00
-2.007247966059118482e+00
5.151827858146835304e+00
-7.579198745471974696e+00
6.781922732989353442e+00
7.509062351653496670e+00
-1.541667317449071373e+00
-5.994409874450110642e+00
6.648589416329002688e+00
7.159682932908747688e+00
3.258321464340880880e+00
5.110393041184567720e-01
-4.340319519353892375e+00
-2.541267880205135388e+00
-1.428198069783347357e+01
-4.624689897101762703e+00
4.734477424896166298e-01
-1.627952624756516364e+00
-4.971742457260680537e-01
-6.483717644726219476e+00
9.121472162405532824e-01
1.214086583399245356e-01
-2.610889018843371989e+00
1.017477573954970893e+01
4.255225278481608031e-01
6.082667124245777934e+00
-1.459208887374698893e+00
2.015901815852915835e+00
8.521324652672291222e+00
-2.063267236801802351e+00
-2.025830843102056189e+00
-8.178530917416290791e+00
7.375278327461839423e-01
-4.693443329238747630e+00
2.002242098025660777e+00
3.436766293877375755e+00
9.687859665213749416e-01
1.836386890522551552e+00
8.248828847879131843e+00
2.020065148118038501e+00
-8.597676245601626022e+00
5.847800823173481710e+00
6.135238473366108058e-01
-6.411252366524334612e+00
-1.910002128290788637e+00
4.938307984191232514e+00
3.429324611723397531e+00
4.689924174153178527e+00
2.139205035036253921e+00
1.711658396548500605e+00
1.976619085035125734e+00
-1.478480364840700556e+00
-1.302002981669536652e+00
1.121685453977533525e-01
3.260864502327691206e+00
-2.828396836145268267e+00
2.875937624407422177e+00
-8.834170521864034287e-01
