-4.303765480477788063e-01
-1.734362923054362460e+00
-5.739751781699333755e+00
-1.989948821691195802e+00
-1.700804805993817004e+00
-1.621483798208805727e+00
-2.260802722123802511e+00
8.259138041245698281e-01
-4.188722709270898958e-01
4.122067570488187727e+00
-5.883007578905634638e+00
5.961593165993071430e+00
-2.906040744708924706e+00
-1.073945271522468436e+00
9.808457924921043514e-01
6.498826774869616685e+00
1.274593691055403433e+00
-5.052762078321099359e+00
-6.657320430705479630e+00
-3.703718087429465733e+00
-3.926758511614064862e+00
-3.396221079967645107e-01
-7.942297520732486404e-01
-3.054331829398575504e+00
-5.306133495235157982e-01
-3.979504424595921463e+00
-7.672119507607022548e+00
-2.981339215700304912e+00
-1.024814793963631132e+01
1.370010801498624975e+00
-3.941660649591102850e+00
5.926523365403537191e+00
8.742044332030054932e+00
-2.643944740494317269e+00
-3.320400457361001312e+00
-1.768786176666329091e+00
-4.702804976996438846e+00
-7.092509446843107135e+00
-9.146864769420911534e-01
-3.757883717969409343e+00
-4.448823097686842587e+00
-6.856566571075820349e+00
-5.406681939708235518e+00
-7.617642096758281411e-01
-7.050240296625633896e+00
1.210078077178556866e+00
4.319062380314423244e+00
-3.246667590709980900e+00
3.520337252373150427e+00
-8.709085267351660775e+00
3.109019940731926113e+00
2.128940697278836502e+00
-4.924745151636735763e+00
-1.528576867744873224e+00
-9.234513249624972664e-01
2.189991222710014007e+00
7.805935333707256341e+00
1.482170308352166455e+00
-3.013336000824131666e+00
-3.380086269743993732e-01
-1.607475347906689445e-02
-4.970207803391571422e-01
-7.920353039560475317e+00
1.719811919240570752e+00
-3.124458807559878259e+00
-2.763956540779891391e+00
-5.557914848023716381e+00
2.151308940290336480e+00
-7.966881101952548505e+00
-2.148212357222742952e+00
4.733158167822213436e+00
-8.496059165185890549e+00
-4.246447990540568318e-01
-2.297788819564238416e+00
4.608682252484513242e+00
-5.256323444205714068e+00
5.499405629230175840e+00
-1.665783563455846661e+00
2.217953744017072459e+00
6.708484791678061221e+00
-9.510625461136927861e-01
-2.633531706863602384e+00
3.684930229850096328e+00
-7.136051374602166320e+00
-1.519693575254019935e+00
2.825811818466051228e+00
-1.136651079211056681e+00
5.315011566178111657e-01
-8.863346986444449183e-01
6.951610505792882311e-01
-3.632387187471062262e+00
3.917168901013410309e-01
4.329664751452479976e+00
5.694196533291149720e+00
3.468339657609206927e+00
-8.066325619155142235e+00
-1.386584435227855350e+00
-1.679181536103052430e+00
5.545702285691501032e+00
8.208061241873595648e+00
2.797153988341659847e+00
-7.221686921145548332e+00
-7.263035151143149903e+00
-7.914052397170920017e+00
-3.547882728800352936e+00
4.902834532866578776e+00
9.338908187818685258e-01
-9.269732231395608757e-01
-3.757945310768719072e+00
-6.914410738733607786e+00
5.992047576168567424e+00
7.152409877749521527e+00
-7.273829639642972467e+00
5.336247421966187066e-01
4.785127731384106298e+00
-1.216768386182309092e+00
5.147082277540817152e+00
-2.596260623346659191e+00
4.918675797199389521e+00
-7.202329406683030122e+00
5.890203314457935768e+00
-3.157679222736301305e+00
-3.871934215737103280e+00
6.688601673492947652e-01
-8.496736466069387816e+00
-6.142127037571787351e-01
9.203861627661902745e+00
-2.373243816358047376e+00
2.646569174309043149e+00
-6.768781789964987361e+00
4.231380081155903916e+00
-6.958928770810164366e-01
1.695863780904944385e+00
1.669279402464187045e+00
2.378869495055614181e+00
-2.758694591985325628e-01
4.825176362560099630e-01
-3.719343621984091963e-01
5.538272080899552918e+00
-2.456314282570205787e+00
-3.862862509600870631e-01
-2.655171181277051318e+00
9.296088299470026683e-01
-6.546922664161488825e+00
-4.737942058244831500e+00
2.851234769307346095e+00
-4.342667127145618977e+00
-3.007621636659708608e-01
-2.423816043188026903e+00
7.768853596899809588e+00
-3.740927607795805354e+00
2.332860290242619428e+00
2.084209050337062052e+00
3.562846283966056404e+00
4.876320941679521681e+00
-4.019320342654297384e+00
1.045085495562033806e+01
-1.958937296760098201e+00
8.440199624102387332e+00
-4.715234770556111954e+00
1.491884517970027169e+01
-1.419989058716277341e+00
1.589518950197468250e+00
-1.064835184391545786e+00
-1.828155485394259649e+00
2.458865343918857693e+00
2.937226746186415660e+00
7.441510682476718763e+00
-6.543161418664551476e-01
1.264994210200653502e+00
2.156599783387858349e-01
-1.185233400668590509e+00
-2.959981325731526614e+00
5.441751232440480202e+00
2.602003418950900926e+00
-4.578389329637111871e+00
5.197504428261833453e+00
1.899782872086253072e+00
-4.846396679391316020e+00
2.413068889218998425e+00
-6.921892531003401849e+00
6.826024164535395844e-01
-6.460446289339077275e+00
5.122194916049138236e+00
-2.098766176267639505e+00
5.059664560817304313e+00
2.209454139089626956e+00
2.252239356417512273e+00
6.719948761164214801e+00
-2.984652344007779678e+00
9.178255605087537461e-01
-2.911733358333719934e+00
7.451906139484981706e-01
-1.197706400666287685e+01
1.551351211735507274e+00
8.211133971840720136e+00
-8.068760300807870323e+00
-4.741227829886957679e+00
7.538221019430067393e+00
7.496134514054190845e+00
-7.966836252180260480e-01
7.621054834481933327e+00
-2.616279842122207544e+00
-8.378736168001461593e+00
-2.232715956635179300e+00
-5.899270843672926867e-01
-2.590240688024437077e+00
1.704534851709646137e+00
-2.762895780020145686e+00
-9.752239994062337658e+00
3.280469441488125248e-01
-1.508704360789820287e+00
9.351399229093409815e+00
5.177940991230469692e+00
4.566947097447796367e+00
-5.741467135115732034e+00
4.527047924837777515e+00
-1.428902499813246019e+00
-3.273053997512297197e+00
4.727848054100462605e+00
3.698609934527514742e+00
1.526094478518614750e+01
3.575736341398082274e+00
-5.556267997271978842e+00
-3.390779266719250895e+00
6.552811186375123498e+00
3.115440842557667178e+00
-5.036896908115317650e+00
5.122287709363773978e+00
-1.278776019396709041e+00
3.175413884117713526e+00
-3.554715591268390540e+00
-1.564367433770241345e+00
-2.503670544866203329e+00
6.959885741846532525e+00
4.429527210130305370e+00
-1.302402005142503594e+00
4.117657606932086267e+00
-5.630077765910582066e+00
1.537267083823759872e+00
2.058489416997197896e+00
6.425428961614136014e+00
3.662821336632492208e+00
2.313343653619174933e+00
1.208483266967235403e+00
-8.038209782304251760e+00
-3.012458923470751504e+00
8.868339307644291125e+00
1.613253425922049678e+00
1.576028908130206796e+00
-7.169906366285560217e+00
-3.613511733400450954e+00
-6.027079066535374618e-01
1.292239057340306418e+00
5.902443445855094062e+00
-4.170356520453516680e+00
-1.713516442958277963e+01
5.100737889697425587e+00
3.243099009103449060e+00
-2.231804005502742605e+00
-2.539343310571973156e+00
-2.281831290681604951e+00
7.025221298340783349e+00
-3.189522899995263394e+00
1.064526572640004787e+01
