8.880597253741266961e-01
-6.451411398968711630e+00
4.689059445391118075e+00
-7.706964025606478641e-01
1.792038730758469312e+00
-5.159903160948707601e+00
2.129150641688032586e+00
3.259562797901090381e+00
4.926982056955804268e+00
-1.925874509413808777e+00
-2.145722289629925505e+00
-1.063738387455221002e+01
3.598706927490909813e+00
-3.251716356814790210e+00
-2.639495862034451634e-01
-1.671399478728768262e+00
-8.916959045766912340e-01
9.352225563263635522e+00
-6.425785522240134995e-01
1.180837053593019714e+00
2.295911998317067937e+00
6.273802169117146832e+00
7.659956945961965413e-01
-5.566040651654111215e+00
-8.032129623853647260e+00
-1.059178214843053922e+01
-1.011892626786763838e+00
-7.577855055335078305e+00
-1.165045071744606475e-01
1.126933234451773291e+00
3.922274859426021720e+00
-5.056406559454559080e+00
6.105323485800030481e-01
-3.158592984142436944e+00
-3.153790010525844068e+00
2.547446217945225744e+00
4.863302111354227186e+00
8.488020937933805854e+00
-3.798784095155312901e+00
-1.214291345754545581e+01
-1.659495251204325061e+00
-2.650421977981301525e-02
-2.115245968471838545e+00
-8.617404247150198260e-02
3.395895058132610278e-01
1.891010289601035899e+00
-5.462543628849885202e+00
3.812315564745272667e+00
-6.134190413995253444e+00
1.825347981573079148e-01
-1.577122139813447177e-02
1.444839582412219769e+00
1.016780336128616646e+01
3.736630929112510824e+00
8.189423660103463121e+00
-1.176807665399483449e+00
2.078317262102204133e+00
-9.457116609227337989e+00
4.171004713477631798e-01
1.529165644692471737e-01
-2.903979489442654049e+00
-8.378439852101877250e+00
5.209255475274471081e+00
-4.305343153972419401e+00
-8.463524739106920158e-01
-2.207602074592820873e+00
9.101946646378957784e-01
8.281378082211348968e+00
-3.257754039596806983e+00
5.047885818456295581e+00
1.018254630917446724e+00
5.132028029360800048e+00
-5.495566057051717301e+00
3.215112360550476112e-02
5.413722114869544022e+00
-6.755300166869407930e-01
-5.079466262832093015e+00
4.513834807730524368e+00
3.206164111612515466e+00
-8.332444351269082672e-01
3.288961024589871940e+00
8.270711158227014081e+00
4.509644863620057897e+00
-1.024365916809765187e+00
2.342806495589238924e+00
6.159942918460914463e+00
-1.284590365814013868e+00
-9.438187136366247287e+00
4.346205956631238543e+00
2.374104463102765461e+00
-3.005662352822425998e+00
2.103508566031331739e+00
-3.680372630542483758e+00
-5.897358895519069222e+00
-9.060513020259257644e+00
-1.659810572779801374e+00
-2.944864043914727336e+00
-3.753895951325534885e-01
1.947992600988341039e+00
6.723810770453085617e+00
-6.915618639627735043e+00
-5.255723110523686792e+00
-7.341061963128548973e-01
-4.788728733638601298e+00
-7.521069633222032813e-02
4.361962185162818750e-01
1.212447167981473228e+00
5.066601955343764452e+00
3.215046825242404260e+00
-9.056429112236573653e-01
-5.421130221689469675e-01
-2.669304521159047816e+00
6.973860294613215549e-02
-5.636552666518665156e+00
3.839795353809081213e+00
-1.408296583774684807e+00
-2.380966348508345209e+00
2.421279795236911170e+00
2.712074082051625923e-01
-9.974001594974255980e+00
-1.327178675068736657e+00
5.005620706587508018e+00
1.089597718825373374e+00
1.286047561503141479e+00
-6.064209584178378520e+00
3.591762375228372939e+00
-4.098214398508651435e+00
5.696679257398893803e+00
-1.360793801922920210e+00
-7.496094325062099273e+00
1.118163226249277553e+00
4.439468701444883592e-01
1.093440986518421632e+01
4.754588288098624105e+00
-6.675706860660189257e+00
4.169108830921153253e-01
2.010900948891221063e-01
-6.523862248642116946e+00
-4.650592108852654505e+00
1.098787638440819614e-01
1.103007458230542692e+00
1.275685661825846751e+00
1.617876938476332516e-01
7.495313397961725910e-01
4.936246900299568807e+00
3.534224575170370919e+00
2.900626811140815775e+00
-3.499530247947628681e+00
-7.936145691940252322e-02
1.397617114746045663e+00
5.099371617516650801e+00
-2.338886065245102230e+00
1.732826424001691290e+00
3.424143322932023392e-01
-1.452709398650338324e+00
-1.084683129878479058e+01
-2.599373709630060425e+00
7.970383547893285403e+00
4.753161218287631939e+00
-3.963839205168528057e+00
1.109476727327245449e+01
8.752870012353756835e+00
-1.425750121317909125e+00
1.645362810536406872e+00
4.003938247403690198e+00
-1.838238691211364850e+00
7.342455878056997065e-02
-7.421172797556354617e+00
2.139606187859879327e+00
-4.697323098477446668e-01
4.229815474253758367e+00
2.055324828817249205e+00
4.343595703066371883e-01
2.568086059407811206e+00
-1.770602386776958692e+00
1.350366301934825541e+00
-8.516174724143471542e-01
5.144137273566461666e+00
4.116725616565044099e+00
9.612109159833309491e+00
4.659855277074303359e+00
4.123129218520444894e+00
-1.124328055677721760e+00
-3.681767472013628417e-01
2.544527158512754905e-02
1.970533793697226921e+00
2.029272928979809709e+00
-1.267083134619309437e+00
1.227403195450419027e+01
1.596258757642393444e+00
7.099608437678641693e+00
-4.906672438855597562e+00
-7.240854098574401876e-01
2.932068121565754026e+00
3.963798741225208477e+00
1.012098563968364839e+00
-3.330611311528360652e+00
4.894000947748607722e+00
5.772856453050104086e+00
3.919212396189049041e+00
-9.406999074618828116e-01
-1.341539975080724467e+01
5.180301996603410508e+00
-5.680030224935931571e+00
-2.504757077728471337e+00
-4.106410154198107065e+00
3.928379902481573538e+00
1.536749856998351316e+00
-2.902124826145509928e+00
4.668183071993520450e+00
-7.763484158169255522e+00
7.201793920500450419e+00
6.611632316717354740e+00
-2.206608531517479488e+00
-6.325000364978394352e+00
8.255475348759793164e+00
6.457874145100365837e+00
3.389551305559660221e+00
3.902027063392241590e-01
-3.324884276905929692e+00
-3.019525131187699163e+00
-1.453555523158921581e+01
-3.271864948487168689e+00
4.869296454938136787e-01
-1.015970851040896017e+00
-6.945928424544733915e-01
-5.925750357026953630e+00
1.536423441619344521e+00
1.102186139202949722e+00
-2.202142226181355689e+00
8.220028635876179379e+00
3.062373040140048186e+00
5.524845047727352743e+00
-3.282983653199216256e+00
9.878982245362575298e-01
9.960987191594661283e+00
1.771381429754315118e-02
-2.167390498264784249e+00
-8.162593627962310805e+00
-8.312314179626298927e-01
-6.125515521974294053e+00
1.577144795416484335e+00
1.676369081776877490e+00
9.302481190177509518e-01
-2.385446438850456485e-01
9.483121001280819584e+00
2.805640340324044857e+00
-7.678455336019393229e+00
6.550762334221728267e+00
-8.307154844118855852e-01
-6.080654789506975355e+00
-2.270830022302244622e+00
5.485478283288514056e+00
3.687567316898740621e+00
4.378641717735786365e+00
1.914339860859768372e+00
3.078410291847488267e+00
1.089944490673570243e+00
-1.468339726228666597e+00
1.017107030489774910e+00
3.407503863332310146e-01
2.793079548675609480e+00
-2.628146322870464235e+00
1.498653567909704609e+00
2.432018305273974779e+00
