3.672356801870155785e-01
-4.536609181838445082e+00
4.521921364012377431e+00
2.656360901896693605e+00
1.202743619458707114e-01
-2.435601949445760361e+00
-1.204528225639226013e+00
2.170520192761763223e+00
-2.732494988674905034e-01
6.079412249176435745e-01
-8.762211921211739973e-01
-1.477525585919506890e-01
4.052479915196176563e+00
1.941533840596171290e+00
-5.676477755507410627e+00
-5.171507839767807369e+00
-2.606639073459835476e+00
-4.138879071157886003e+00
5.775734659048034736e+00
7.166868197588657785e-02
1.502633392570341453e+00
2.626768697158236243e+00
-4.459620883678185876e+00
-1.121035606033787246e+01
-8.710711204674307373e-01
-6.209969551891658668e+00
3.584569761245228303e+00
-3.267848237327622751e+00
-3.996208259214344860e+00
2.519003958932138243e+00
-3.167925863765333361e+00
-2.089104966518242179e+00
-5.901331367832913788e-01
-3.700261651037966892e+00
1.080417979609506474e-01
3.386206659682474029e+00
1.789238748835250359e+00
5.214387167458351513e+00
-3.069274733992510384e+00
4.913338792391962251e+00
-5.981436220316176389e-01
-8.433580907803126081e+00
2.043542376706441566e+00
2.578788886922420254e+00
5.079656999446759968e+00
2.353315105677110441e+00
-1.266376654102489674e+00
4.096258225336398162e+00
-8.536846897949667001e-01
-9.453943781095259791e-01
-4.611020877712411981e+00
1.069419027132043842e+00
4.321053205407901388e+00
-1.359551120547330072e+00
-7.052680641415780549e-01
-3.424148344529925669e+00
5.007837194853069995e+00
-5.230707394763505214e-01
9.161026439506591013e-01
-3.531555293719322197e+00
-3.534653929836863551e+00
1.051414018589896493e+01
7.595095476728940476e+00
7.777355091842983903e+00
-1.813806614788038729e+00
5.355968888302869990e-01
4.442796648500555001e+00
-6.174421787661581007e+00
7.460914761334528578e+00
2.759129206859862737e-01
2.826078300927920228e+00
1.838918772385746525e+00
-1.690617302558929502e+00
2.518638489933743063e+00
-6.425791708465563801e+00
1.181622247357922761e+00
-4.147665424362320330e+00
2.117625717983002254e+00
-2.993285371251221072e+00
2.446829146512119468e-02
7.085923356065022105e+00
1.310150006015655455e+00
-9.175140108267906269e-01
7.809045707115148005e+00
-2.814270193032363476e+00
8.040872963647851535e-01
-5.495276315798089950e-01
-4.617391794095508040e+00
7.905182710046906536e+00
4.819797180648253132e+00
8.546858692147807357e-02
8.710144275423161719e-01
-1.628402334775758131e+00
2.256505732163991862e+00
1.184413042047111064e-02
4.974456370792995408e+00
-7.175263704506568807e+00
-6.494943140922637248e+00
9.671899277584460330e-01
-4.456426673618623546e+00
2.617284831809009837e+00
6.823390924277888736e+00
1.444722978154137749e+00
-3.805775835693126385e+00
-1.724257964716088054e+00
-2.265221603114587534e+00
6.970501296710030381e+00
1.252747105276291073e+00
-1.597772486721393825e-02
-3.255555779129915006e+00
8.295457335750020533e+00
2.307341917273741938e+00
-3.028453537980053678e+00
5.730827457805058867e-01
-8.335528451414138118e+00
-7.551973622116348039e+00
2.092024792566208546e+00
-5.278886228545918158e-01
4.489653770669486121e+00
1.506711350303050256e+00
-6.597575413865641725e-01
-4.189582982053114968e+00
2.273186454995457240e+00
-1.137329916177808986e+00
3.982172630043415040e+00
5.159850897367583844e-01
2.778800803515764528e+00
-5.853604859227887758e+00
-2.225777586967538912e+00
8.932729565554649032e-01
5.483077870572112822e-01
2.559860935931878023e-01
9.460485661130800805e-01
2.350530559983748935e-01
-2.328626615245809717e+00
-3.683917866810393349e+00
-3.469265401451789632e+00
9.457361540725854887e-01
8.194000076252722087e-02
2.579084138132024862e+00
-1.077904842192947932e+01
3.414376787103351685e+00
8.277771426519519027e-01
-1.647474465256634879e+00
-1.697533651877382477e+00
-4.517693228216400070e-01
-1.660090608528386014e+01
3.764609611353161522e+00
4.729685176479180519e+00
-4.609384119602161434e+00
3.127724769506854408e+00
-4.127007304015268829e-01
7.365023765900256869e+00
-2.989229075235848576e-01
1.174386509358327002e+00
3.837350648961448840e+00
-4.621431893783712219e+00
-1.851564112625557978e+00
-5.541077585636066116e-01
2.455766059325559691e+00
1.390888399034943879e+00
3.804961304924046051e+00
4.747692384327680815e-01
-1.385370047574745023e+00
-4.662402212385731382e+00
6.867867324612934032e-01
-6.338958760021404792e+00
5.126477490976203200e+00
-3.002980785988801360e-01
-2.812585050833439348e-01
-1.750595492072679171e+00
-9.873963556025643129e+00
-3.328334243407111703e+00
-4.657485792715330142e+00
2.431305547677154788e+00
-2.201299335442234106e+00
-4.977591334793795674e+00
-3.869226205047423761e+00
-3.661893762194904589e+00
-4.649101881911139600e+00
-6.269342064428906625e+00
-2.111792931398280615e+00
-5.094634665551772690e-01
-6.029820486203629759e-01
4.235896187439813776e-01
4.689205496426216868e+00
-5.569417249545371984e-02
2.191109002900053948e+00
-3.849830733253189141e+00
-1.742917855928092674e+00
-4.068726691991096267e+00
7.312426031370571344e+00
-1.263134966840796070e+00
-6.293519891772022312e+00
1.043760239895300979e+00
-1.745219670799104561e+00
4.148634127192677212e+00
-7.280292814959961945e+00
1.620239450495351896e+00
2.138719981993263186e+00
1.277618843587805308e+00
3.975892841679003364e+00
1.352302558597821669e+00
4.432816731503711694e+00
4.420208217568557529e+00
1.002323809070150951e+00
-1.776374824123488683e+00
6.525268665785382005e+00
5.243821240649574555e+00
1.330818033141150991e+01
-5.102995115386420366e+00
-6.348345771270362814e-01
-6.092061487299983424e-01
-2.107359040270095463e+00
-5.519574215373430626e+00
-4.045897021968422713e+00
1.736305445488810939e+00
-4.399466075946516064e+00
-2.011902117998737971e+00
-1.896219203795429076e+00
-6.756673341712382985e+00
5.967221063479580145e+00
6.734470676582432702e+00
3.778835485117124637e+00
-2.288262117524832995e+00
3.443809795986118694e+00
2.413167537191430956e+00
4.802116149285069469e+00
2.021063122332761086e+00
3.412057809113131945e+00
4.802106494697086170e+00
2.072416156636073481e+00
2.738606144782708807e+00
-6.006817350787339471e+00
-7.921286219349986446e+00
-1.744201875609779240e+00
-4.098197520245774328e+00
1.207600880182585934e+00
-3.154409398827390021e+00
-3.233743635606614042e+00
5.630345967728786150e+00
-2.124581683519873643e+00
3.690575634758719303e-03
2.212089977695400833e+00
-1.261396518864597471e+00
3.489739660272991983e+00
-5.659963027990840168e+00
1.762389172081411992e+00
3.374969800683704335e+00
-1.904249508004053348e-01
6.795732594335141208e+00
7.010093629452637920e+00
6.820979643637491208e+00
-7.352011941559471353e+00
1.312838973920354757e+00
4.312259971243690870e+00
-1.004669984475239142e+00
-2.317199073731728731e+00
1.009468023357639854e+00
4.851581920062869591e-02
1.105059727333534303e+00
-1.257787926411629398e+00
-5.594509570678667387e+00
6.096440940900869521e+00
5.985003355157305194e+00
