1.786027733058182854e+00
-7.271027423907860943e-02
-3.371458343410354885e+00
4.542376470547641709e+00
-7.786445814258359244e-01
-8.433252093012816308e-01
-9.477295656575668303e-02
3.140992028161488037e+00
-4.466179234205733373e+00
1.719315192704972128e+00
4.344212804400924277e+00
-6.115875631995728590e+00
-2.457428995639250324e+00
-6.712892195053116184e-01
-6.964604382238560598e-01
1.047393776440585178e+00
-1.377224312353790281e-01
1.240995919184125995e+00
2.467894209576837028e+00
-3.196154797680859083e+00
1.414562072740490839e+00
-4.289827491668274928e-01
6.580956839679543702e-01
-2.945440314502831392e+00
2.233191359559925981e+00
1.404048018300067868e+00
-2.079678272757957025e+00
5.732908949974178103e-01
2.842669622906076388e+00
4.801916895921132244e+00
-2.878773281404308104e+00
1.076202163263884959e+00
2.583542449865580792e+00
-2.004783026021561554e+00
1.428610070371595597e+00
7.874349294023339496e-01
-3.727748999309198563e+00
-3.872281820548932441e+00
-2.374528723016771092e+00
-2.029548507738849317e+00
-1.905292722941931416e+00
5.629817132842578342e-01
1.884832234808051510e+00
-4.239552252214382477e+00
2.075138437026210703e+00
4.797369550740298472e+00
1.711096128473161615e+00
3.159581206568065959e+00
4.003757721713664397e-01
-9.593769391588765627e-01
1.713034579450302797e+00
-1.746650467661019501e+00
1.856059224408698860e+00
1.867043936840748986e+00
8.062827920346656851e-01
-3.609997750472001332e+00
-4.958984477385475209e-02
-1.237385965905257956e+00
-4.565976906823230763e+00
4.333574812877739824e+00
1.104597894333657626e+00
1.664359329582634661e+00
-1.059196011584693231e+00
-2.860405492467924304e+00
-2.754946785617238270e+00
-1.746501716306501528e+00
3.370244208603731195e+00
-1.229675070112741908e+00
8.206629991515499434e-01
1.500915209774628556e+00
4.789411671953713423e+00
2.293111563477206793e+00
4.216928244623778355e+00
1.137573030344323666e+00
1.784176095273056983e+00
1.681283681725658785e-01
-8.532215638601547969e-02
5.814531244487508577e-01
-2.304124641482681035e+00
-1.610974536871839780e+00
-1.969850428050020863e+00
1.120975508863251591e+00
-7.569314722615168023e-01
-3.277449770290090658e+00
-1.309353006950954246e+00
2.261611240047522120e+00
-2.430430626914531267e+00
6.603009479874852872e+00
4.129472856869867425e-02
1.620495474997799334e+00
-3.953338097022320863e+00
-3.371960941723595173e-01
-1.835322970422276878e+00
-3.622942074065881535e+00
-2.081934569937529567e+00
7.901315782929491105e-02
-5.191926277001372547e+00
-1.305806059847643974e+00
-1.967920921731032724e+00
3.130721396443882920e+00
-1.262292922456177635e+00
2.676348547728734761e+00
9.754715866594221296e-01
1.663041639997373533e+00
-1.323748764786091048e+00
8.804617024897527511e-01
-4.295549144223212323e+00
-1.994419544811376399e+00
-3.836673524493739440e-01
-9.226874246447578365e-01
-1.141339767110790993e+00
-1.077154833670777023e+00
1.159742334388851992e+00
-5.350510906286113366e-01
-3.181637980717154868e+00
-3.156500325836217868e-01
1.254563355042446648e+00
2.838441802846794815e+00
-1.338851198329614078e+00
-4.301450501361170353e+00
-3.240829087355935112e+00
1.003380490366429845e+00
-1.741919240281923908e+00
4.935695845347597199e+00
-3.407634406557229934e+00
2.773730710685976319e+00
-5.616871879569470538e-01
2.941814895848068101e+00
2.908517140884035346e+00
2.619806327439492044e+00
4.375862839793984715e-01
-1.801907905477218019e+00
3.621202984613365317e+00
2.083631107900126622e+00
-4.985901279435955402e+00
-9.963708126195647274e-01
8.696495383019426928e-01
2.061076816884986229e+00
1.294655827419739058e+00
7.984736404507788432e-01
-2.375615223965861222e+00
-1.834011084636182787e+00
-7.073086876784522303e-01
-1.440366016693633622e+00
1.580821135650861908e+00
3.231671235402247433e+00
-1.620679809409043548e+00
-7.063789912418028116e-01
2.876941664176016822e+00
-6.930551415149343031e-01
1.949554532622992387e-01
2.420906110534445599e+00
-3.987328863882760643e+00
2.196632234658912886e+00
-3.695233010179370226e+00
1.782514267498019001e+00
1.373189482240732673e+00
-9.252606361150641501e-01
1.255894916190077648e+00
-3.171254684296950010e+00
1.331480753382911830e+00
2.268529834527549527e-01
-3.971718465028704070e-01
-5.335506425162417354e-01
-1.894915139162557605e+00
-8.377396960462729636e-01
-3.976336581196631137e+00
-1.346459543813786741e+00
-3.319447532055253003e+00
-1.281309670037355630e+00
3.092652415256853526e+00
-1.935730776965217115e-01
-2.485575053672171464e+00
9.856832661464353107e-01
2.702022328405372154e+00
2.748119658870313842e+00
-3.092103207892653582e-01
-4.114850701080485784e-01
-1.206237212049862118e-01
3.125243699403152497e+00
3.835301565662093015e+00
3.008672947025420541e+00
-1.504805973849350886e+00
-3.550925578960959950e+00
-2.408302653619127209e+00
-1.768241405946029410e+00
3.277963931927884822e+00
-1.145059057353754461e+00
6.250609644433029466e-01
-3.247083381209757702e-01
2.913521603652989178e+00
-1.828472504386996489e-02
3.532605436697437984e+00
1.089386188496513030e+00
-3.539452414337496577e+00
-3.916675354962868560e+00
-5.949762443929407230e-01
1.524386747525009245e+00
2.379703495728445195e-01
-1.935046668983871232e+00
-2.815304243974157572e+00
1.741094483663242931e+00
4.313411993628921692e+00
4.054598645487865305e+00
8.173158666836334296e-01
-1.522358044068948368e+00
-2.230890258931620407e-01
4.446004202206317757e+00
1.367352600433299425e+00
-2.726364918524418979e+00
-2.606801127789756478e+00
-1.538962491686126421e+00
-6.277072298325840904e-01
4.495703408569267978e+00
2.518513102251679570e+00
1.687057066866296751e+00
-7.151741206193644729e-01
1.911276503775870106e+00
3.407479024282878743e+00
4.283456738334264990e+00
-2.861461942159457816e-01
2.358319304108391357e-01
2.544205590193624467e+00
1.578850740587867119e+00
-3.009442676265916106e+00
-1.050424863873285597e+00
2.190261542538483486e+00
-7.276110358084381113e-01
1.774678761230634727e+00
3.304309990845748057e+00
-1.153221580388835488e+00
-3.157467805931763127e+00
1.222377663050915331e-01
-4.416998085749309411e+00
2.664926470764319877e+00
-2.979828102256881772e-02
3.738466601079727170e+00
1.870837504111836136e+00
1.454256912454758632e+00
2.645969671545242541e+00
-2.584653894991474576e+00
6.343828087160598983e+00
3.711064948138417474e+00
5.116129811283106399e+00
-1.674838560504164020e+00
2.971984644357851257e-01
-9.478372469972765613e-01
1.363028674907111659e+00
1.963477909902187513e+00
-1.054348698742833546e-01
5.382602593932648283e-01
-4.697484111907640703e+00
-1.035670312315638775e+00
2.251165706309042669e+00
-8.813323710978895331e-01
-3.396078757756552324e+00
4.191869362409190281e+00
-2.009996482805735507e+00
-9.474449708077087307e-02
-1.863271068152001497e+00
2.644822549904883857e+00
-2.872428328277960130e+00
1.789896084056658676e+00
-3.124338738179776698e+00
-1.011016849314474442e+00
