1.174287557807799587e+00
-6.731020093079134625e+00
4.034465813095242659e+00
-2.186886321885136208e+00
6.551891948911958696e-02
-6.169003684827693235e+00
7.404738428932455818e-01
2.519307864445801126e+00
6.029396996925421526e+00
-1.702408409841811299e+00
-1.904926617907701569e+00
-1.047453278941412691e+01
3.896421875445898131e+00
-3.653052491584620309e+00
-9.386987089743146218e-01
-2.163840254261082841e+00
-2.592711726703189612e-01
8.633694217485450295e+00
-1.954014863330086671e+00
6.886374292551641352e-01
4.793216668059659957e-01
7.665344648819437445e+00
2.256976731429111371e+00
-6.550207632381781053e+00
-8.472516367787299885e+00
-1.125801247148130280e+01
-2.030348376594800719e+00
-6.839713228400245981e+00
1.972926153560364826e-01
5.643457787830548078e-01
3.790286372887395228e+00
-6.146968728537855142e+00
-3.410750440988393750e-01
-2.939183376692474425e+00
-2.907021551660264436e+00
1.907024165636876489e+00
4.600283722440035916e+00
8.170610550254810533e+00
-4.482018302146630440e+00
-9.734469315471585560e+00
-1.740814987555221238e+00
-6.349679635756028118e-01
-1.656400781901092634e+00
-5.621681761841945679e-02
-3.596231019046370325e-01
1.226497352266995744e+00
-4.120265742701218592e+00
3.446215663545062480e+00
-6.272594428849846970e+00
1.448176316728348123e+00
7.212828725563760202e-01
4.595037821548312862e-01
9.368976457967415072e+00
3.407577262917176331e+00
9.946291483034615410e+00
-1.791246046073631804e-01
-1.726889425806554801e-02
-8.789966527171173993e+00
2.418988178134079181e+00
2.599066083926503623e+00
-1.255865017995236199e+00
-7.056718916282871845e+00
4.607617382808221862e+00
-5.025859276621615912e+00
-3.298069475630880376e-01
-1.932019561017954246e+00
2.314706864748405923e-02
9.259120767644517969e+00
-2.338655291727643526e+00
4.957512551263594247e+00
4.326635567004033511e-01
5.653525652783984334e+00
-5.187222435148319377e+00
6.392154770002244080e-01
7.060671693368369972e+00
2.456266971920612718e+00
-4.155321914713040243e+00
5.233362330659478090e+00
1.367011724945084605e+00
3.538994543605717413e-01
2.540446707254533809e+00
8.908640349389013835e+00
2.376484275544898939e+00
-1.737885354154411699e+00
1.742807265907474479e+00
5.127068260764069407e+00
-1.652071022834364911e+00
-9.391260104993945035e+00
4.122381697105920395e+00
2.752276501682279441e+00
-3.743219627823938467e+00
3.017092647807519068e+00
-2.566579865500337121e+00
-4.215004933515163366e+00
-9.118314818271487709e+00
1.872354604789400190e-02
-5.925769446652787709e-01
6.167553775782197434e-01
2.925642605835814702e+00
6.434148808941681175e+00
-7.780042648545074435e+00
-4.966562493453520410e+00
-5.119614376645029719e-01
-3.557567265264852896e+00
7.606600881635606770e-01
1.183866976867539611e+00
1.395082180936201954e+00
7.347894898912981532e+00
3.407622349962219133e+00
-4.475654950761604467e-01
1.484537952239960990e-01
-2.154155327188323810e+00
-5.171362916816784061e-01
-4.764980982940177689e+00
5.043126613019549787e+00
-2.648718091938995212e+00
-3.870237295041507153e+00
2.056238143387506323e+00
-6.727293894429491328e-01
-1.000089228751948767e+01
-1.263608673265737226e+00
4.071258145403501061e+00
1.688403246270821390e+00
8.342134780386494253e-01
-4.853445707535823495e+00
1.027316911256520804e+00
-3.654418378633828457e+00
5.450472875611558798e+00
-6.902792067079941418e-01
-7.058783554158150508e+00
-1.356843041263137817e+00
1.109756926062297699e+00
1.303996667520785202e+01
4.551387649700836313e+00
-8.293715045850200696e+00
8.614565774951068455e-01
1.355835662265451713e+00
-8.097835534836177018e+00
-7.257099744475444147e+00
-2.092492806659116411e+00
1.783600192658807648e+00
1.494089942188214337e+00
1.274501997962297350e+00
2.095348906858703231e+00
5.426244310157353645e+00
5.015706424063836266e+00
5.420236563496361626e+00
-2.794355923017790566e+00
5.099167968593697475e-01
1.540666163827565827e+00
4.816571502711623154e+00
-3.147075763676282278e+00
1.151072458006222821e+00
-3.147525844834981323e-01
-3.094677452745615120e+00
-1.093723944005454385e+01
-4.130159810153468669e+00
8.907411018253121426e+00
6.706182808849860066e+00
-2.644851191689475023e+00
1.078461372660692774e+01
8.914674791363163209e+00
-3.078834956052959537e+00
3.622129939441268487e+00
4.147311777857487947e+00
-4.119623204424490481e+00
-1.606763523604485266e-01
-7.585586816266449262e+00
3.257408795105737331e-01
3.144871792166555879e-01
6.265024742899984567e+00
8.265523776035377246e-01
2.235873218930291007e+00
2.438325142029071468e+00
-3.977227016735250587e+00
2.286981086098668126e+00
-2.024568108114764842e-01
7.283682433397608236e+00
7.381249689007223225e+00
9.839876793705455427e+00
5.567313468580147529e+00
4.307477890955879296e+00
-2.645967291602482341e+00
-2.097166363031907288e+00
6.827414855563670448e-01
8.125889350013245638e-01
1.173871235450040018e+00
-1.195667978049961500e+00
1.208756252555738619e+01
-1.305219391584713229e+00
6.746356704387161507e+00
-5.187372805977457979e+00
7.214917296438358441e-02
3.287700052898959058e+00
4.597641941486099171e+00
1.822383747851469282e+00
-2.439839642194082447e+00
4.618824709685386054e+00
6.891242425967857521e+00
5.053306667875681946e+00
8.031811532002476328e-01
-1.501978611277552567e+01
3.997852281980417644e+00
-6.746764115960391273e+00
-8.134973490866943546e-01
-5.890588874050321166e+00
2.086619475401084500e+00
3.636611445799226683e+00
-4.276651276394583867e+00
5.947135442787352844e+00
-8.105970442669145015e+00
6.838769011463732284e+00
7.279824888884709466e+00
-1.179526124052256542e+00
-7.111539882149212843e+00
7.225746574379368958e+00
6.193343356571838321e+00
3.481529235845263415e+00
5.728175849625344318e-01
-4.489565285130978189e+00
-2.818423193041887043e+00
-1.411301574393038116e+01
-4.676547653352647771e+00
-7.407406507203093682e-01
-1.448773069855919582e+00
7.641334093340912403e-02
-6.717556652554046437e+00
8.433880498318365726e-01
1.278004121158345274e+00
-2.738024812284327592e+00
1.006626233830902351e+01
1.180125700379604181e+00
6.139389254312858313e+00
-2.191521592602795110e+00
1.239757261613516626e+00
7.701494540441349734e+00
-4.043182336401496269e-01
-1.476625448729027124e+00
-8.397894613878044368e+00
8.118443708781990509e-01
-5.016977796219624253e+00
1.667071732250136940e+00
1.798811637356930726e+00
2.409414078421650451e+00
1.514067824701801124e+00
7.932285971845821848e+00
2.029947104007179259e+00
-8.364687955638157035e+00
5.504579596822580356e+00
-3.647157910654836854e-01
-6.141806772955767713e+00
-1.354383611990812364e+00
4.567016410057636477e+00
3.031043615480686348e+00
4.247253985300894819e+00
1.190270308150572998e+00
2.461518803282977785e+00
8.766752700436750700e-01
-1.104996076475083244e+00
-1.716188475906067934e+00
-2.327485118729476221e-02
3.355816017164245935e+00
-1.690189828223066293e+00
3.879472776592614469e+00
-3.628095874944634036e-01
