1.410879617264490626e+00
-6.518937101241284005e+00
4.123648388426939704e+00
-1.758363598217320245e+00
1.124319981184019657e+00
-5.721014739345730682e+00
2.471364278843204421e+00
5.037559986591473304e+00
5.437605922719254359e+00
-9.637440881460719311e-01
-4.413347832022447847e-01
-1.037738735254488986e+01
4.242891292263942127e+00
-2.452920406009381438e+00
-2.962795494186173606e+00
-1.242767474897548130e+00
9.199016135167865649e-01
9.791383448674075396e+00
-2.871135077028440730e+00
-5.934484071330623500e-01
4.005875844774386962e-02
7.871765054560357022e+00
9.801898274115468379e-02
-7.373503445148140045e+00
-1.042522442713092978e+01
-1.117400535734271294e+01
7.427580493760066460e-02
-6.361445810878693763e+00
-2.347618237533714236e+00
4.609715863734338281e-01
4.194249675604725169e+00
-6.340294456121592148e+00
-1.143029453570430398e+00
-2.935291911104789708e+00
-2.774419683024536010e+00
2.123536003782518833e+00
4.344197579233077811e+00
8.802283506476170416e+00
-4.506027323685104946e+00
-1.099417029578735594e+01
-2.611634880311835882e+00
-2.422855084853400953e+00
-2.781222983540577953e+00
-2.257988781977361414e-01
5.416620287129172429e-01
3.892395103764511255e+00
-5.421817433002964925e+00
3.478075532542056258e+00
-5.018166701870715229e+00
1.712813506412332876e-01
1.462519412058421953e+00
1.836436893001220927e+00
9.367135657277742666e+00
4.408214077634511341e+00
1.291329375161976678e+01
-2.037090126597191908e-01
4.708175129312291429e-01
-7.441132988254459235e+00
1.962520985499199400e+00
3.402530678539989140e+00
-1.280734391547210027e+00
-5.412293350234930855e+00
4.605110035753744668e+00
-5.488690920450818744e+00
-2.597606218221534813e-01
-2.444857931201503742e+00
1.584635239908632975e+00
7.825738017315534201e+00
-3.711952364447296926e+00
4.701741466543732706e+00
8.821654768366972155e-01
3.260315157142805287e+00
-5.674754999961850288e+00
-2.354486365512106438e+00
6.994500784048346631e+00
2.156397626468803119e-01
-5.482399226215428634e+00
2.602005704890792082e+00
2.307519367320016279e+00
-4.609201527504853124e-01
2.924750293238700394e+00
7.662743353105045507e+00
1.917619054842577553e+00
2.193809547441525343e-01
8.553673279663733808e-01
3.577932628994842101e+00
-7.751034249425869938e-01
-8.543001659994649444e+00
4.563651499795737365e+00
3.856937466306558093e+00
-3.891720127797595019e+00
2.020066513400749830e+00
-5.167341530623305701e+00
-3.396658916365777880e+00
-9.604261981545207050e+00
-1.154630766765728067e+00
1.252479027839610071e+00
-1.921286286750001349e+00
2.680787157257687348e+00
7.603408146563069181e+00
-1.098503630874891712e+01
-7.276006461378175416e+00
2.071781310463028269e+00
-3.073475429831109995e+00
-2.030679331160301637e-01
8.236473870598247649e-01
2.107017170514519755e+00
9.846994150551029890e+00
4.334912488767076688e+00
-2.300418709823694119e+00
3.489750470964671614e+00
-1.376866912398483800e+00
-2.296923638413934210e+00
-4.226124167102137008e+00
3.517239270445344346e+00
-1.216192689565561036e+00
-4.112803727189322522e+00
1.305250873371119003e+00
2.972463257202543341e-01
-1.132944949090897957e+01
-6.243420834120592122e-01
3.077679693875412070e+00
3.780867949650446036e+00
1.452512101618124829e+00
-5.801143757351800545e+00
1.157361473332762847e+00
-4.592660742914374872e+00
5.609831161751086981e+00
6.086999389332372612e-01
-6.128161479687250335e+00
-4.111040580656594723e-01
1.583323964075993517e+00
9.931425108718732631e+00
5.055268407713090717e+00
-8.721296982940369702e+00
2.782373551850798599e+00
7.499773035669599075e-01
-7.270278767746575888e+00
-6.074975605395188438e+00
-3.943105230700347796e-01
4.290813446180441915e+00
1.583795816789030031e+00
5.885810202331345220e-01
2.282273124908588358e+00
5.055033871663842326e+00
3.066290463686384360e+00
6.488727825212121658e+00
-1.911255943285898429e+00
2.359978378732212334e-01
1.946093682176123441e+00
3.659814918825020857e+00
-1.798920231354448784e+00
1.959426235720940213e+00
-1.915393373311186642e-01
3.331572483565271581e-01
-1.050362737765903454e+01
-5.939547320846912726e+00
6.869044344532892588e+00
6.538246726984197288e+00
-2.762733437810179105e+00
9.853842981513189159e+00
1.116762338351441741e+01
-1.291806334459728811e+00
4.001037016787297951e+00
2.824832797206274115e+00
-4.798286853055916623e+00
-1.721054739440829096e+00
-8.266816098208126462e+00
1.973601956926590351e+00
-3.864268460525072113e-02
6.194957203352545960e+00
1.779149034701443588e+00
2.428829991779840825e+00
3.877604389926870621e+00
-4.161790494430785081e+00
1.241594956659355820e+00
-2.538818597281178313e+00
7.086579048328629504e+00
8.732114060595586480e+00
1.062489154096680899e+01
5.567682255981712736e+00
4.857015170244689983e+00
-1.726100690899340595e+00
-3.850746682607093963e+00
-2.636629658017111133e-01
2.694893303178399480e-01
2.998102389501717369e+00
-2.274611164516665007e-01
1.032504111923091727e+01
-1.053890791755785372e+00
6.598550769332029553e+00
-5.922059879534637972e+00
-1.585608461140099568e+00
3.232887360458169823e+00
2.417518792950626327e+00
1.470839218780340740e+00
-1.579788887206928338e+00
4.625977793711468777e+00
4.380505281766390979e+00
5.638986724824785135e+00
-7.833567678228172682e-01
-1.356564609651763043e+01
4.408052832279635069e+00
-9.595500081359846334e+00
-4.193884008298536248e-01
-5.408163227809157370e+00
1.344018802308161842e+00
2.223117299609317588e+00
-3.512918329441726328e+00
4.514345381536318591e+00
-7.310567814500126715e+00
7.429972918477280253e+00
6.954473244249956387e+00
-3.390446594568583993e+00
-5.736069606842328028e+00
7.028268730231754802e+00
9.312597173779584736e+00
4.119703698636300260e+00
4.066726537783560413e-02
-2.925955575988307356e+00
-1.218966741934260689e+00
-1.551333439223614441e+01
-6.028485397884225883e+00
-9.430502798007016629e-01
6.019477850086289994e-01
1.907119488220289538e+00
-6.934176836818350509e+00
2.593935089770518676e+00
4.663835545676509042e+00
-7.192371121520010346e-01
8.926267213882148610e+00
6.850287561830941119e-01
8.548404085585174172e+00
-2.302317249049818049e+00
4.513120257972573768e-01
7.709909551087113400e+00
-1.066225434981799669e+00
-9.463027358449611626e-01
-1.073373307124131770e+01
1.685367791953706895e-02
-5.317629437820522220e+00
4.322692369166004411e+00
1.275044474678444617e+00
1.681449479315872741e+00
2.412366755373049898e+00
8.625996132884608869e+00
2.515477195374087316e+00
-7.215444039182672853e+00
5.502070139409072524e+00
-1.240480829440702149e+00
-7.728059660924046170e+00
-1.689669704028466723e+00
5.843316203351438531e+00
2.112024999619163346e+00
4.268313572396199795e+00
1.640925649199515890e+00
2.754052663060955197e+00
1.225251472987882284e+00
3.612824166404212667e-01
-1.091774060148784642e+00
-1.192208008416458132e+00
1.566477111692203605e+00
-5.810150710796500917e+00
2.127925040107899068e+00
-1.306451907288970649e+00
