-1.302407114381303410e+00
5.289817242154683186e+00
3.935252682952151027e+00
1.814955985072541855e+00
-3.660894569331153647e+00
-2.939244166652025037e+00
-1.717039914560269942e-01
3.779795119700017469e+00
-5.608856280908931069e+00
2.293251475194661548e+00
-2.898299760272562420e+00
2.924019062862721174e+00
2.258066571846906179e-03
3.009931698767258079e-01
5.645461134091117827e+00
2.169781544166060616e+00
2.704138350822302250e+00
5.089793375108975226e+00
5.021838267113102994e+00
3.011789916388286414e+00
-7.770361300203553867e+00
-9.288985060411913963e-02
-1.426486537009518551e+00
-4.678117145930481335e+00
-3.771771327459183976e+00
8.491344889507804083e+00
6.898078827705902860e+00
-5.922262036747339309e+00
-8.898205771793377128e-01
7.994117640415558945e+00
-3.816289740592438307e+00
4.938471357580392684e+00
-4.550482046080427168e+00
-1.014067110910974678e+00
-5.714014646855364532e+00
-4.274963824312556504e-01
2.390443991653991684e+00
-5.351199339062012506e+00
-1.669705820144096853e+00
1.034286483469035511e+00
-6.832732743501473749e+00
-3.377165770498366193e+00
6.060645593781945450e+00
-9.367694090298147813e+00
8.068986648425255925e-01
-2.108885052603611587e+00
-2.916288106115292766e+00
3.459793529982377436e+00
-2.755777269174561894e-01
-3.149650274542838524e+00
1.890272262571503159e+00
-1.689683096925739925e+00
4.834203477051949527e+00
1.424165380995856545e+00
-3.810363759684420426e+00
2.098812758359274611e+00
-5.171582886741530327e-01
-3.729878647680193171e-01
-6.193679814276105589e+00
1.139151788152910072e+00
5.568743839547168228e+00
4.372147674459440303e+00
3.019458528554340715e-01
6.972514100349553878e-01
2.565708053396405397e+00
-6.145240465042808076e+00
-2.836241753568411905e+00
-4.328726730208757867e-01
3.432837176603240614e+00
-1.120424612823357702e+00
5.185449439093520851e+00
5.971688933833521062e+00
-1.099879533059614722e+00
-1.634328899025156989e+00
-2.192670803674757529e+00
-4.092140936073513480e+00
3.068724061424551230e+00
-4.328836655846255432e+00
-6.149612453706623239e-01
-1.277360310224735507e+00
2.173599752977408262e+00
-3.165297257352538196e+00
5.850893257158376493e+00
-3.862662422316613497e+00
-4.430854456891074378e+00
-3.007381773048332541e+00
8.186493768656387005e+00
4.203128359920149104e-01
1.150652228617532913e+00
-3.174195520365003187e+00
5.762274076061350669e+00
-1.540925507098114711e+00
3.784556426286443731e+00
7.698424153151343319e+00
2.086222694698143254e+00
-4.058682559298312675e+00
3.407610945602858710e+00
-1.469673351328151911e+00
3.498510739177307372e-01
-3.898914383628793612e+00
7.898200005441602833e+00
-2.005138615780804656e+00
5.913054087796543179e+00
-3.169212551127525757e+00
-4.144084620804986407e+00
-3.790041953134109853e+00
7.474858170195072482e+00
2.364132319462139087e+00
2.827243889768479068e+00
-2.507733877676474155e+00
-3.961256709232099382e-01
-8.251302906866986309e-01
-6.315760609664837766e-01
-6.921578933699964686e+00
2.158871352082540884e-01
-2.524612805994781883e+00
-3.836105407739752171e-01
2.743194036914697431e+00
-7.066211432997485886e+00
1.514059813486617223e+00
-1.495641346423269402e+00
2.453176650782014079e-01
-1.266182797997376541e+00
-7.157026386570945753e-02
-4.394128884027184156e+00
6.478089623574848410e+00
-7.648926910768487630e-01
-2.314352548734816661e+00
-3.977453540970612433e-01
-4.406818149957404174e+00
-6.331233095972827130e+00
6.858791352368277749e+00
1.119032497633473122e+00
4.148430232756912694e+00
-2.724447200144737735e+00
-1.172141221043252690e+00
-2.415723873901959973e+00
-2.457309410276119266e+00
8.469877473334124218e+00
-5.895149892288168658e+00
-1.514532218426366983e+00
1.056480615082218355e+00
-2.546629119107679529e-01
1.076023371359836833e+00
2.507551826238956671e+00
2.764180806970448323e+00
-1.072044179684055631e+00
5.172296884008257933e+00
3.444404147100431413e+00
2.419544287021414330e+00
7.128767379513242908e+00
-1.666237633537743790e+00
-5.244498014018034837e+00
8.867299333918940984e-01
-1.846964892926026724e+00
2.682593875232769598e+00
3.079265944059886628e+00
2.534547239055633838e+00
3.142099564762871999e+00
9.992677939485056227e-01
4.826660963735943111e-02
-1.277052173397122736e+00
3.235808787601319736e+00
4.070910840678524600e+00
3.775526185765497367e+00
2.471589735175400815e+00
4.734190838862224027e+00
-3.092853194455442267e+00
-4.023112527259202764e-01
4.745669703287797248e+00
8.085816738502120682e-01
5.796425330208402116e+00
-7.540413280722402245e-02
2.963609000993127740e+00
2.600663307657486989e+00
3.515321239003336373e+00
8.547986768011548442e-01
3.666042049192510976e+00
-6.973357679604232917e-01
-6.837396254356276071e-02
-3.327336045410088872e+00
-3.453937551931077210e-01
-1.156980536397088644e-01
1.001495803905183557e-03
-2.817124279904966944e+00
-5.039876488975171043e+00
-1.039159998941859842e-01
5.720420944570463462e-01
-4.854844615850545386e-01
-6.777162343270448197e+00
4.226187487627216299e+00
3.909102080179403527e-01
-2.389621419335091979e+00
-2.093745376552395676e+00
-2.075402711119783916e+00
-9.303549512356835693e-01
-3.835046631131114325e-03
-2.228964424703828939e+00
-5.431163836654364196e+00
2.236343686205720882e+00
-2.019859727394100357e+00
5.898697076083355029e+00
-2.130872440527772582e+00
1.572683829568560121e+00
-1.782053267617194514e+00
6.938139348361833658e-01
-4.901569443170316065e-01
1.939893470406023890e-01
3.534968512522908668e+00
8.037425674482394200e+00
-1.293925013717588612e+00
-4.481063762707814035e+00
6.100695658013875367e+00
9.359899995101296222e-01
4.489084467861919947e+00
-2.574348560883448211e+00
-4.516762481923671579e+00
-1.676254204892022370e+00
-8.180802679990366588e-01
-4.748317644393591053e+00
-3.645569666634713157e-01
7.354316236791187400e-01
5.710392265914588705e+00
-2.034121177822747928e+00
4.557495112693925599e+00
-5.543091172792276033e+00
-5.142165350510200739e+00
-5.099602642448830103e+00
2.774402388217890980e+00
3.661827787682051305e+00
1.530297888043815835e+00
-8.599137264873220943e+00
-4.490010484411827818e+00
3.507993313447537176e+00
-2.819870177125761934e+00
1.063976523877034452e+00
6.453632871998753906e+00
-7.197006873649502090e+00
9.843976238056892925e-01
-4.984765760444282989e-01
-7.880349713394911859e+00
-2.110317540722122853e+00
-4.052722512346786488e+00
-4.044620041778313357e+00
-4.717178692435415321e+00
-3.204889193461864405e+00
9.220287909387600678e+00
-2.625884050553031202e+00
8.685700604326715535e+00
5.463925490626722059e-01
-2.187344036462368635e+00
-2.495783878895239560e+00
1.237407151798058713e+00
4.541482047097542551e-01
-4.652063286878913573e+00
5.613689349059742817e+00
6.946937477625733770e+00
2.550559506526153264e+00
3.516230605373814377e+00
-3.048614851437204898e+00
-2.597269241068429935e+00
-2.822116011011554626e+00
1.264571040359886434e+00
1.075384750512217824e+00
1.011106559228638568e+00
