1.322845032366719131e+00
-3.954430130709154501e+00
7.347758664439067999e+00
2.853264448521028118e+00
1.798341999107915479e+00
5.060333956591589466e-01
1.681814707865191050e+00
2.138042411729987435e+00
-1.389858062880908296e+00
-5.670388922000708237e-02
-2.885995326053965471e+00
-9.383405230170897005e-01
5.164952599131526156e+00
2.160260730096637438e+00
-1.267753485447292494e+00
-4.705447740351162089e+00
1.020823603960674120e-01
-5.399399829823111396e+00
3.905894177455644378e+00
-4.939934165105565045e-01
2.012513067366594299e+00
5.190184067634609377e+00
-5.209648242610657398e+00
-9.006828526732364892e+00
9.771369441365284070e-01
-3.873810230137687327e+00
2.533281115551743401e+00
-1.314605547561589205e+00
-2.293135714456302487e-01
1.068449773763688659e+00
-7.206570127507821333e+00
-8.480132567490001883e-01
-2.166344428639626063e-01
-3.112481109492655218e+00
9.597999518104055605e-01
4.165230774129763169e+00
-3.459991739286746526e+00
9.125601701987857695e-01
-5.476688046355630668e+00
4.315104658885445588e+00
-1.562582136580192183e+00
-4.287862488095878000e+00
3.385561054290545435e+00
2.296020025704805345e+00
3.691272620544141958e+00
4.724795961550167789e+00
5.961287981673801806e-01
6.500527780769990827e+00
-4.604192846300452224e-01
-1.058877117796470091e-01
-5.816764053007604574e+00
2.012780849077926870e+00
5.864321582327538529e-01
-1.133832462751824810e-01
9.907055204346110200e-01
-1.022697423553960094e+00
2.927839875134878866e-01
1.021773391301794565e-01
1.905290949280435298e+00
3.033181432253226895e-01
-2.401212244267424190e+00
1.082103667736206454e+01
5.413108573773953935e+00
3.359626256083381168e+00
-9.745488357559454196e-01
7.506213931268914674e-01
4.263533412251352850e+00
-5.827100761336223123e+00
4.016882345360586193e+00
-3.069513966952647888e+00
2.250766840846628369e+00
6.109685191202721688e-01
-4.532603964942715002e+00
1.669020047726987199e+00
-1.882880539670982012e+00
2.242041281896397786e-01
-1.504904025341061491e+00
-1.428640861248911653e+00
-2.641686348372979776e+00
6.801828177759228211e-01
3.224791556434231321e+00
4.284091717127238574e+00
-1.628863073847506504e+00
4.270055004268667354e+00
4.281047750610277092e+00
-4.249708584244600851e-01
5.907700205458955800e+00
-1.829830051755794607e+00
6.661628758579531073e+00
1.951475898437583956e+00
2.643106607412490927e-01
-1.884778285484584037e-01
-1.275991105810442283e+00
3.434790466317576563e-01
-4.056433995467754627e+00
2.781830255527585116e+00
-5.534999061454113800e+00
-5.751880338958322625e+00
8.077061489221294410e-01
-2.353279968608665840e-01
-1.175278987702823130e+00
4.103195386648652132e+00
9.210656369427547840e-01
-6.523495417880318392e-01
2.262735745050799441e+00
-4.555943184061652218e+00
4.865202762841222217e+00
4.698558782784806098e+00
1.947906046291218773e+00
-1.341129408115905530e+00
6.333829035010215769e+00
1.287561216558578581e+00
-3.537783620353592617e+00
-1.110929931134982951e+00
-9.879813716255439360e+00
-6.161051403563180706e+00
-1.451940428768877078e+00
-2.266234972358755595e+00
4.977504987242127754e+00
4.374152512345112598e+00
1.340012772820899034e+00
-1.420408836379216000e+00
5.889000101606320925e+00
-8.616850990718414316e-01
5.801920954012281584e+00
-2.996557334945394224e+00
3.457689054598754641e+00
-2.393682806612819736e+00
-4.183707564365336751e+00
1.288199667717657038e+00
-2.639829804212745934e+00
1.637705949810876138e+00
3.473591613353086416e+00
-8.613383205172568946e-01
-2.531478601047825183e+00
-6.129705882504865144e+00
-3.897194501030902813e+00
-1.331516273342439938e+00
-1.360438952735679496e+00
7.089431077495759403e+00
-9.485620717966948945e+00
1.936758414343242363e+00
-2.081073105303668402e+00
3.593165797027810804e-01
6.422511532746798535e-01
2.552902249080443386e+00
-1.338093143558109155e+01
3.762657221443470590e-01
3.262518732567206037e+00
-5.550176780343098137e+00
3.198469576075961385e+00
2.092505722853756467e+00
2.880263520825621093e+00
-2.392067771446531044e+00
-1.021757925738248085e+00
1.337072013816588134e+00
-2.486935387976301648e+00
-8.827923961299137812e-01
9.496435646255785290e-01
1.656478886400301886e-01
-5.148174155242606354e-01
-4.956471510051796425e-02
-1.899729696944189028e-01
1.450036434806578622e+00
-2.008396440465032295e+00
-1.485474873459502465e+00
-1.646072941666371969e+00
1.116546236899967903e+00
-1.658976437857045294e+00
4.716082271378385649e+00
9.602266755287068856e-01
-3.892257575026005334e+00
1.463112733664337695e+00
-4.041885915486165715e+00
-8.489089517600367785e-01
-2.315026019699713888e+00
-2.465828494299982410e+00
-2.115827920991451006e+00
-1.993893176691921010e+00
-6.160354291202818189e+00
-5.420381113744392465e+00
6.454441951836498159e-02
-3.923244287763831273e-01
1.846596155856789157e+00
-3.169508270650981951e-01
5.277189603125912676e+00
2.082831210603325545e+00
-1.169941539204399361e-01
-3.632578815477970124e+00
-3.369773459711798758e+00
-3.632637293812895241e+00
7.361312334821729308e+00
-4.140456737099685647e+00
-4.488510153253023383e+00
-2.597142087476892236e+00
-7.906485558589411156e-01
3.433732588739131675e+00
-3.702891508411736421e+00
3.106650002514697029e+00
2.366119135163512688e+00
-1.025978026687417444e-01
-5.076577962615727024e+00
-1.387595093948968294e+00
2.645070560142791738e+00
4.308190532213952650e+00
2.298256831748630158e-01
-1.726461308450294885e+00
4.072253658408127031e+00
5.408913123997047823e-01
5.435603404416422535e+00
-7.568923989336121316e+00
-6.583140107949561060e-01
9.445137085517965048e-01
4.552759626546443728e-01
-1.756222884263078932e+00
-3.371887915558988258e+00
1.351203466882664683e+00
-3.466060887355287168e+00
-1.775322821982836974e+00
1.612775032451488899e-01
-2.716213038108249211e+00
6.463140033739700030e+00
4.255492873622623407e+00
3.971396847035078892e+00
-8.230292410348853949e-01
3.914385925835556002e+00
3.997393639905777896e+00
3.448506206658110251e+00
4.525403665056868974e+00
1.338538038910343175e+00
7.065585912990854034e+00
-1.032097074737508891e+00
1.201878908202134388e+00
-8.451478490108272013e+00
-4.880963714419465305e+00
5.302712482150866435e-01
-1.127437054251423820e+00
2.030543980082131661e+00
-2.056048487115359258e+00
-2.048063129541732419e+00
4.742957029226092303e+00
-4.180232459133069511e+00
-1.578345996087673564e+00
3.305219170978340504e+00
1.144345007278779303e+00
3.542885618725804431e+00
-4.547509399907350591e+00
4.472074502644650673e-01
1.235038325877576337e+00
2.444336509871232743e-01
5.938892022819664440e+00
6.563733193174083880e+00
4.229891128122574173e+00
4.265548507694296720e-01
3.363644133832968564e+00
1.207884366413518595e+00
-2.073368711209099935e+00
-4.174979352111158448e+00
4.822648415660246712e+00
-1.435901630412802721e+00
-7.372371140975231274e-02
-2.955506508001116917e+00
-2.361528690708647904e+00
5.781595684636073429e+00
6.662434539926630706e+00
