-1.180492020029319633e+00
1.105894505509092518e+00
-2.831495646867884020e+00
2.147374064752843648e+00
4.127459345110139344e-01
-1.499173616994806890e+00
1.736659335908041113e+00
1.859877857019622827e+00
1.134937888744270484e+00
5.797880047691260641e-01
3.014702029261664418e-01
-1.291549830574688418e+00
4.389981863062661915e+00
-2.905548464726419144e+00
2.106299549397061543e+00
1.191083035760730713e+00
1.071959818516071472e+00
-1.946285483828940954e+00
2.422789753236798127e+00
-2.219739786467582743e+00
-2.631660083938150763e+00
5.347541033042075842e-01
-6.105663295721663886e-01
5.863117189285482311e+00
-2.561884766195772212e+00
-5.665451715668882171e-01
1.398934832500614567e-02
-1.508939625088597136e+00
-1.915074632976971447e+00
-3.517076012518909889e-01
1.064323393728380029e+00
-2.190760483131534819e+00
-1.472901892275908731e+00
-9.592316587127504013e-01
-1.605530820125163460e+00
-3.342434190482833634e-01
1.916580782839269137e+00
1.130827406175106464e+00
-1.257307103118781910e+00
1.809889261990163423e+00
2.361112896143886530e+00
4.965387890272992877e+00
1.109641904061576145e+00
-1.474155988110563920e+00
2.014442733062597135e+00
-1.883165445745746736e+00
-9.630472148122493081e-01
3.722661540954561588e+00
-1.496130653010793399e+00
1.797985795171941792e+00
6.305972799185604050e-01
2.541058471972067245e+00
3.520585442063924875e-01
-4.049961989173049837e-01
-6.696726388536121677e-01
-2.023688860969211856e+00
-2.630727493897642599e+00
1.420910462704628285e+00
3.836897118179142918e+00
-3.444421489933542802e+00
-2.706017808968417704e+00
1.011332421471353493e+00
3.194030825306212740e-01
-3.545848979932614831e-01
-3.564166846050770943e+00
3.347159929359322383e+00
6.816958506883186164e-01
-3.132591216909039744e+00
-1.865704062581270861e+00
3.286231027813781846e+00
1.997562229750597496e+00
-2.407940532371410924e+00
8.589530767859575588e-01
1.143993752040611378e+00
1.244968320007358464e+00
2.696648404578529501e+00
-1.787962293806221251e-02
5.735287793454202365e-02
3.185256707943169729e+00
6.187011161487712685e-02
2.860201613413629218e+00
-1.125666987271410069e-01
-5.087681119230490490e-01
1.581022097143830685e+00
-3.414754464299720738e-01
-3.917215484153220295e+00
3.366305018025657514e+00
-2.796529063351092415e+00
8.586794194302500571e-01
3.277738177000849351e+00
7.183659808596968288e-01
2.829966244967570432e+00
1.995599468805182353e+00
-2.815189373514760618e+00
4.114408356196720407e-01
1.109136865538372430e+00
9.781191442940795344e-02
-1.555230167456658208e+00
2.064183434711776677e+00
5.147994845947377884e-01
-1.266505983320173612e-02
-1.758747861849379479e+00
4.954048487130461309e-01
-6.671644511377385900e-01
-2.467362387578303728e+00
3.926486350270121495e+00
-2.039543579624368608e+00
-2.234941459095190819e+00
1.801778718056492146e+00
-2.168783338688889950e-01
-4.654701039334649959e-01
-3.656888249664782098e+00
1.351984400955867471e+00
-7.386397775003340493e-01
-2.479063125553335301e+00
2.221510700372480329e+00
1.088158541165666238e+00
5.440829825492159433e-01
-6.714551809796863502e+00
-2.079996071249444078e+00
-3.066671596637851938e+00
-8.779187980297021854e-01
2.336218994274767091e+00
-1.475224473217850552e+00
7.068852253340831560e-01
-5.207311543690471112e+00
-5.018235243519598709e-01
-1.320805932835612762e+00
3.241001184817394964e+00
-4.582883516768693211e-01
2.483069549028222411e+00
-1.532915201391908733e+00
2.679032936232075279e-01
-4.437623234510122971e-01
-1.886131742737172878e+00
-4.606981000057807307e+00
-9.685189062702780349e-01
1.424598671972521213e-01
-1.710456042889995532e+00
1.903296031785378428e+00
-6.790861411432780326e-01
2.612806667813649675e+00
-3.976841027985098975e+00
1.269425176144660661e-01
-3.850310538531946047e+00
3.790852362452777347e-01
1.186212960790973270e+00
6.667948558852526686e-03
1.980751996636142209e+00
-7.043053643955409227e-01
1.322472745399983385e+00
-1.587892942793229789e+00
1.768005647699516070e+00
4.539237504639077159e+00
5.727202670363938930e-01
-1.635401640059280570e+00
5.595766721709826363e+00
1.404899279421899738e+00
-4.257167576008307752e-01
1.323895985672799869e+00
2.086863921266768784e+00
-4.044022755146871040e-01
7.886407475966944469e-01
-1.446599635340819923e+00
-9.250567835925177507e-01
4.471334505613498989e-01
3.653194463648520074e+00
5.771194464895520682e+00
3.811980927642126815e+00
-3.024312598990088308e+00
2.168692363189967942e+00
-7.593086355226023043e-01
2.582285062664407604e+00
-1.416444946930852655e+00
-1.714391043292448069e+00
-2.953113714912989352e+00
2.158661358890267556e-01
1.739470100513180517e+00
4.431956379286035919e+00
-1.158694700203106442e-01
-2.639602090261416567e+00
-9.642788953617885683e-01
4.290473895132909554e+00
3.611142612502041271e-02
-9.517545983656298114e-01
-1.522778323605865403e+00
1.297298642922785961e+00
-5.050389451396237739e-01
4.327773045240300154e-01
-5.575122384560403654e-01
3.748278556667721251e+00
-1.249381338357748117e+00
-1.141957417941951380e+00
-3.622950485856594849e+00
-2.745710575401041353e+00
1.004392251521729396e+00
1.037235636589405763e+00
-7.529264043745909074e-01
8.928592161873319388e-02
1.412381895328013837e+00
1.467673842271639773e+00
1.327990219350033696e+00
3.462289127965237356e-01
-2.316903353714008795e-02
-2.942474728422538988e+00
1.074276251901298718e+00
-2.799847915052133374e+00
1.298456213176008012e+00
2.285044220206594812e+00
5.416467872210006806e-01
1.013749628501763311e+00
-6.155387937313107072e-01
1.408196834318758972e-02
3.534465947291380417e+00
-1.685150784914140498e+00
1.113134897125396816e-01
-6.436291645485401780e+00
-7.731492530208485814e-01
5.073392266842744469e-01
1.727256145143208688e+00
-2.496151706890615607e+00
-2.842227377673164135e+00
5.475680861801246468e-01
-1.823024790615494606e+00
-2.843081081431789947e+00
-3.100167886499856529e+00
7.321380866082012329e-01
4.748570814219429392e-01
-6.065365202462424943e-01
2.303882088422933183e+00
4.334190743510205834e+00
-2.395288505131130563e+00
3.248150003355639193e+00
-2.847283683646750330e+00
-4.378830161023463674e+00
2.962673095570917403e-01
1.297283180293294480e+00
2.722493096290823367e+00
-3.869894529032374964e-01
-2.826316991600929640e+00
-1.894641713004338701e+00
-3.012071454934721615e+00
-3.126280034592715529e-01
-2.304211823638734113e+00
2.903609373661429904e-01
-1.703509037011027960e+00
3.947337647652337189e+00
1.600521026875310504e+00
2.147842550304221554e+00
1.386397232980503214e+00
3.645849562477077588e-01
-1.548427621990277281e+00
9.618560119323537050e-01
1.624296978986631501e+00
9.808291766078336416e-01
1.237344853503220404e-01
1.776374933655706201e+00
-5.008767226677108830e-01
2.519540209443168255e+00
1.326659984247636093e+00
-4.202618439694416175e+00
2.715742610272969593e+00
1.116125792609790723e+00
1.118182605435816379e+00
-1.054798245803745038e+00
