1.098035409720308664e+00
-2.870320545133274948e+00
8.050796768707259687e+00
3.066660879044805554e+00
1.059197193679382698e+00
1.316735559263154887e+00
9.738780056787574857e-01
3.121531726807885043e+00
-1.500198934812613238e+00
3.454342948496698096e-01
-3.180419368417079173e+00
-1.400442031245896057e+00
6.080296671349926463e+00
2.427453602153404333e+00
-8.575631288696584642e-01
-5.009098491321729796e+00
8.081110127469287585e-02
-5.723939262285528962e+00
3.434162227990138483e+00
-5.801001480633292129e-01
2.363617533432458728e+00
5.333447354714254018e+00
-4.523704304183460145e+00
-8.395407595105762510e+00
-1.515134502058601007e-01
-3.490027182259361371e+00
3.081980718510293649e+00
-2.087442487698642157e+00
-1.427210602219166902e-01
1.580072637976023930e+00
-6.296180352976968209e+00
-6.913624270609659561e-01
-1.995115618150757442e+00
-3.361438231046157021e+00
2.124904389872956489e+00
4.899829398034682093e+00
-4.318164944210389322e+00
1.336829554414135313e+00
-6.041450821875108623e+00
5.530756109965516032e+00
-1.773082733040574288e+00
-5.176154891417428239e+00
3.034883861781150216e+00
4.372712451027852332e+00
2.717969499956565116e+00
6.491531211863486028e+00
1.456917715182705741e+00
7.780686031962082083e+00
-8.941126973487693030e-01
-1.127143933965145450e+00
-7.117864518835413712e+00
1.014829845579668710e+00
2.251257041635841283e+00
5.918600737519947863e-01
6.879765207417712913e-01
-2.999876288743964503e-01
1.945391633184978541e-02
1.165635488975193201e+00
2.268780257992310645e+00
-1.273459967047950503e+00
-2.031383643098959801e+00
1.052856020034110074e+01
5.604195449708146981e+00
5.989532045213646683e+00
-6.597775113628393528e-01
-9.597547268762847139e-01
3.862646102724061059e+00
-3.528378167225177275e+00
3.153622304694680967e+00
-2.200232536491188995e+00
2.931998889008602394e+00
-7.807990990179732027e-02
-3.462156106289377977e+00
2.398787419226566353e+00
-1.635237923507389279e+00
-7.236959622489650412e-01
-1.045324071538045185e-01
-8.060625582534343136e-01
-3.888884976028422980e+00
2.893207632524804618e-01
3.923807324956519516e+00
2.948438586775035564e+00
-1.904796414389263948e+00
4.646962548529333326e+00
4.860783023463683072e+00
4.790500520781482141e-01
6.244220410403919175e+00
-7.320632478136732679e-01
7.409824492769070403e+00
1.970156676582134114e+00
-2.865856382831499793e-02
1.021726622463267509e+00
-1.939975649277559944e+00
7.677549170598695349e-01
-5.814945421396918945e+00
2.236557324261456703e+00
-6.174275929310841349e+00
-7.151986947737703382e+00
4.935261879630133963e-01
-1.103366485706142708e+00
-2.614308634658789043e-01
4.963429157269920289e+00
2.285861169377373603e+00
-6.556698589080459105e-02
1.663541248493823010e+00
-4.288381565414121077e+00
6.368961962954762690e+00
4.540484569624351430e+00
1.615577628566390755e+00
-1.376624634026456295e+00
5.730493648843742349e+00
2.032019484378784213e+00
-4.152517240561649281e+00
-1.013792451785826554e+00
-9.245330913345775059e+00
-7.455355919729299785e+00
-1.896401406788319255e+00
-2.383014814473710885e+00
5.987974864415983589e+00
5.505881325656695857e+00
6.940274020656501675e-01
-9.126422299443529562e-01
4.679258804327884214e+00
-1.866271581190400486e+00
6.589766715266911490e+00
-3.955957569905757421e+00
2.061424456898226509e+00
-2.449944001606478849e+00
-4.432860797310670620e+00
8.628775931862655568e-01
-4.037597000349226306e+00
2.599778518578360398e+00
3.036424888764113650e+00
-1.299362767648944983e+00
-1.409948599064446917e+00
-5.045662395617973139e+00
-3.601845006174019481e+00
-2.396259059471013142e+00
-1.380519352239370834e+00
5.557486535734404320e+00
-9.629419700501912871e+00
4.423177603448426254e+00
-2.179567078773444688e+00
-1.247583628444471238e+00
3.758300897279847619e-01
1.874535111384957986e+00
-1.307393466053661335e+01
-6.612672584686642985e-01
1.744537355913840848e+00
-6.098646251333170731e+00
2.547175104712126270e+00
1.638514380046362628e+00
2.713637666028620110e+00
-3.248382981696804173e+00
-7.335957896263785027e-01
6.526645896376392919e-01
-1.806485473318283130e+00
-5.844682401039010822e-01
1.064019957954855489e+00
7.161097180075871593e-01
-1.362000402580126446e+00
-8.702111745635399132e-01
1.604367910712016343e+00
3.535938091775092107e-01
-1.256047766321412684e+00
-1.689960301952816879e+00
-1.398805090473863366e+00
4.186579275805002442e-01
-2.491858509378526709e-01
4.771610166747994874e+00
-4.838168435266794742e-01
-4.634774669454571061e+00
1.110579017332810947e+00
-3.032128623719727134e+00
-3.587381869722227057e-01
-2.000809378759173196e+00
-1.363610708268283789e+00
-3.087653930195442875e+00
-1.162220749546032161e+00
-6.008963892174090660e+00
-5.401057653173749529e+00
2.155745996844714574e-01
-1.292186877535175249e+00
6.057057762399965517e-01
2.437960196685837744e-01
5.792479314874126928e+00
2.316421758237919626e+00
-9.414928105128307356e-01
-3.580719236406054495e+00
-2.650531022166862094e+00
-3.153371175855617103e+00
6.513137550900877315e+00
-4.531701209041023581e+00
-5.540346846139250658e+00
-1.896470225392669295e+00
-8.836993698355666282e-02
3.258754466045945541e+00
-3.913430893023952972e+00
2.160237816800187893e+00
2.186153972895762188e+00
1.364969572253962316e+00
-5.282318671347723260e+00
-2.432388017671940350e-01
2.393035793491508301e+00
2.849617643348913987e+00
-7.858668116586900454e-02
-1.415952729690497680e+00
2.926646479452704508e+00
2.503539339970095590e-01
5.516338920287748415e+00
-6.698954779019215877e+00
-8.953747760246553167e-01
-9.199665471727462851e-01
3.740512745083438007e-01
-2.403393327963485149e+00
-3.442635825499427593e+00
1.636776763457766348e+00
-3.963797390168032120e+00
-5.098452908954601570e-01
1.350857670393225574e+00
-3.187549615607131237e+00
5.531339280162903549e+00
4.587936480694320807e+00
4.523361817952810782e+00
-2.029017114276149503e+00
5.082528842514032696e+00
3.679667981394620480e+00
4.413261022524744170e+00
4.591809030658913215e+00
1.740286539281450162e+00
7.166554907257314255e+00
-6.294019454561204929e-01
2.785099321469244327e+00
-8.750667769286199160e+00
-4.732117709631013192e+00
9.292457298516215713e-01
-2.324920241217358630e+00
1.254765614424474762e+00
-2.328038861320195219e-01
-5.585547341315950653e-01
4.231389663839920878e+00
-3.713939372569000419e+00
-4.555969194444905446e-01
2.937851383374497249e+00
1.632867210005439995e+00
3.607959356832242115e+00
-4.986160830978638714e+00
-7.188981032534341731e-01
3.546270775329856129e-01
-3.146610480053045333e-01
5.666350362965594023e+00
5.562598373184801659e+00
4.008584462683844052e+00
1.756973474197201845e+00
2.914263818358524993e+00
1.445293768880175689e+00
-5.911745757301249959e-01
-2.786051135489404196e+00
2.843141659984210090e+00
-1.326082701903480654e+00
-3.968818194427594648e-01
-2.425532519811413490e+00
-2.496600626034788384e+00
5.170891301007468854e+00
6.577158208820931939e+00
