-1.300350072939558066e+00
5.367816420683171330e+00
5.234893621781793627e+00
-8.871946311056353451e-01
-3.799813952209775803e+00
-2.020050337222339731e+00
-1.975129370080706437e+00
2.726697098843956724e+00
-5.050559783556546556e+00
-5.096767888773443556e-01
-1.468399477780310658e+00
3.410114071182217543e+00
8.006392925300007679e-01
5.452427900034655384e-01
3.506755053170596881e+00
1.382110475107134251e+00
3.286625586522390563e+00
7.257328969518604289e+00
4.969232339706130652e+00
3.396867957035772712e+00
-6.187710219454419125e+00
-2.452903073700416214e-01
-2.259543479094074492e+00
-3.324952754361596430e+00
-2.106320970681426097e+00
8.511276150686382991e+00
6.919024204898868824e+00
-7.673999909338721892e+00
-9.095150645012671786e-01
6.592411962248884372e+00
-3.464626969500605114e+00
3.033495126695825661e+00
-3.088157710456495231e+00
-1.754999626409131430e+00
-4.742953973906612219e+00
-6.995315581169958552e-01
2.763773563361656915e+00
-5.718786643972112671e+00
-4.488985619274299954e-01
1.659717732742713725e+00
-7.483326487357963686e+00
-3.004478352612409697e+00
5.645773221181848989e+00
-6.823383513993766414e+00
-5.221244692940296694e-01
-2.190828909855711881e+00
-1.293271378238709524e+00
3.104976629825441758e+00
-1.082100106455953670e+00
-3.080969408838880153e+00
2.664100017905619122e+00
-2.466451321518253970e+00
5.891621834027148452e+00
1.299601994970939201e+00
-3.101433199969632959e+00
-3.622970925273936160e-01
3.678644193629950765e-01
-1.378372724867410248e+00
-6.923256762114520235e+00
9.301228141731265886e-02
6.019788074566318592e+00
2.258953163467805059e+00
1.781225107254232665e+00
5.935967000733417542e-01
3.757316319048049635e+00
-5.534654389790159890e+00
-4.053523578564188767e+00
4.281757850801107823e-01
1.780677398043790216e+00
-1.754102114952380553e+00
5.648085108254635500e+00
3.556824652491369587e+00
3.397892621232205257e-01
-2.330873402994243726e+00
-2.364088471089959231e+00
-3.694425907350136651e+00
2.975859209495341773e+00
-2.902764235425135730e+00
-7.970134093675802500e-01
-5.796897216882216375e-01
3.859442867857753257e+00
-3.499364423934041568e+00
5.514163819488418383e+00
-1.381847421764529793e+00
-4.605940184037843110e+00
-2.350060074457001935e+00
9.186346993238389658e+00
1.822172131004004880e+00
8.418459604874962698e-01
-2.504906588371931697e+00
5.132965821874577728e+00
-1.729623373318555646e-01
3.583042788823819880e+00
5.145237455835726337e+00
2.382045214253809107e+00
-4.563069635908491684e+00
2.232730601419113725e+00
-8.546439499977228627e-01
5.837440509263985833e-01
-5.917575037153255835e+00
6.535738370360374638e+00
-5.835793549803094393e-01
6.574148584281500618e+00
-1.380700098806467047e+00
-2.285200165628712199e+00
-4.147138277286243735e+00
5.391801923142333308e+00
2.219323016482853461e+00
2.109021658119405451e-01
-3.548175094599581580e+00
-1.995652476135603370e+00
-1.394065076604574571e+00
-2.013318321217336226e+00
-5.062597017303081870e+00
9.140073850996406346e-01
-2.464704102833439769e+00
-2.667580213763404151e-02
5.069156639444821089e+00
-8.103281137634418485e+00
-1.606581300394199774e+00
-1.711740730169706071e+00
9.108483439064047893e-01
-1.095894840072198395e+00
1.387533030022175762e+00
-3.190301520071435082e+00
4.394489062687607195e+00
-1.957396601280048110e-01
-2.819544519057806564e+00
6.142764395021643731e-02
-4.806509336466327831e+00
-5.133439458488274099e+00
6.703208731593867320e+00
2.643923631735552782e+00
1.060654700951304985e+00
-1.889945624003172675e+00
8.353081485778408588e-01
-3.987314129457136147e+00
-2.681539146006817198e+00
6.993259541188182382e+00
-8.192926348690892979e+00
-5.054602002941056549e-01
-1.135685751652335318e+00
1.863694998486161047e+00
2.602045822780264306e+00
1.667127130371429899e+00
8.142292936958798188e-01
-8.210269554090922073e-01
1.359895760947363419e+00
3.918216915180492865e+00
3.064405279428382922e+00
5.928989305524534181e+00
-2.172803294935711005e+00
-4.592277652848342662e+00
6.780943061448361231e-01
-1.673867700838830741e+00
1.274497549088823511e+00
3.188797233726550662e+00
1.983739717283714787e+00
5.488807470063177263e+00
1.321419280795857576e+00
-2.973108602773387732e-01
3.272519772111598391e-01
2.486527328205161869e+00
4.623269253542598101e+00
4.017650281285583880e+00
1.249084300512189882e+00
3.187339045784264968e+00
-2.766291517202364769e+00
1.290282500211547445e+00
4.668155368580968911e+00
3.054898466743052321e+00
5.584648080720454821e+00
-7.922038783072831158e-01
2.305904495380364683e+00
3.313332861644413985e+00
2.833811210057882057e+00
2.013378219019387849e+00
4.496825917155912400e+00
-7.653462757005535799e-02
1.727796321278363578e+00
-2.875618142406207944e+00
-3.120412524270858023e-01
-1.431834427536708088e+00
-1.803659363074156641e+00
-1.883064069825554743e+00
-4.145888179897028181e+00
-1.465225726679745266e+00
-6.465643958820753712e-01
1.089470938565766378e-01
-5.961636035540897716e+00
2.727952198081732060e+00
-8.760551929499129642e-01
-1.770318925734148285e+00
-3.168664706880738979e+00
-2.614826430911133759e+00
-1.416457934964043819e+00
-6.431221335123780136e-01
-3.577864534002629604e+00
-4.221213499578536421e+00
1.903025480637175804e+00
-2.094196707982272088e+00
7.252014580805322019e+00
-2.040110562041290709e+00
2.103373737581940794e+00
-2.307852994599744800e+00
-1.907792210405279132e-02
-3.661607217034885675e-01
-2.639800658757737728e-01
3.706278177352412051e+00
7.186123309588476893e+00
1.141596021095685032e+00
-4.781418585807033494e+00
3.840620673872859214e+00
4.058708418578013122e-01
3.796317922793759791e+00
-1.218241182352304275e-01
-5.513888049017687365e+00
-2.037007779601645474e+00
-6.417519271611603626e-01
-5.076578160482153379e+00
-1.148449089513447818e+00
-7.871912956115404425e-01
5.617761602474534044e+00
-1.354748317740986918e-01
3.530077858616325504e+00
-5.474173733189448221e+00
-3.676210399091611514e+00
-4.021607731183415524e+00
3.155859776303369113e+00
2.973458805083986078e+00
-3.061228045368354911e-01
-8.555966227514451461e+00
-6.270271812049406535e+00
3.683229724818576134e+00
-4.341451748807909183e+00
8.414804548748551216e-01
7.837623768035621552e+00
-4.444589221008758528e+00
1.332915155267903273e+00
-1.632273053600067136e+00
-6.679789007089796726e+00
-2.889480753672986957e+00
-4.760029105804712835e+00
-3.875992244913628149e+00
-5.530500626952880694e+00
-3.361889041848074910e+00
8.126750528292353337e+00
-2.354193676587791106e+00
9.802683564493449353e+00
1.423727386312056753e+00
-2.099401562221332007e+00
-1.375601776925007291e+00
3.469552292369029622e+00
2.278812021524304399e+00
-2.913771301464466390e+00
5.581203270349853973e+00
6.361276257679146617e+00
2.228556953767835580e+00
1.836445046578439877e+00
-1.243901922855768394e+00
-1.307550633453670841e+00
-1.571550200684384890e+00
1.546074760153147931e+00
9.992762314525590606e-01
-5.935452648132888420e-03
