1.427266500285677253e+00
-4.521028454568861044e+00
4.700149088775436468e+00
-4.186573065534970883e-01
4.365463624704270629e+00
-3.525673255508799286e+00
-3.348997466238641252e-01
3.626379047838939607e-01
3.808162872769516483e+00
-9.107299686712231335e-01
-7.439430238397179984e-01
-7.379234541704289718e+00
4.313028029798148033e+00
-3.843832792222456440e+00
-1.154578201883625255e+00
5.636274901580957675e-01
-1.588786792431234662e+00
5.828610750289588083e+00
1.381958194247960403e+00
2.898813415533050275e+00
2.025922680868343040e+00
4.944935703678156713e+00
2.909795962613903164e+00
-3.405144520955246001e+00
-4.229794640958367324e+00
-6.211367066448065799e+00
8.518206690942335957e-01
-2.093429306567417658e+00
-6.619374666491005144e+00
-6.620766463924553369e-01
2.271835813697153483e+00
-4.061327438494834574e+00
2.538736183448508044e+00
-3.628455392606334318e+00
1.627574689245203876e+00
5.223661492008602192e-01
2.694324500554147406e+00
5.836322676273891119e+00
-6.492789924315955474e+00
-7.041585975399226704e+00
8.323889905479664453e-04
-2.372707528687922007e+00
-1.671699024211896756e+00
1.151608419090122126e-02
1.871415432966058834e+00
-1.154523682155462305e+00
-1.930100320186548757e+00
5.666071359752047343e+00
-2.977778097080122421e+00
-2.033260792506386139e-01
-2.384687732038745622e+00
2.743823345122149426e+00
3.125049362708486544e+00
2.728081783975316865e-02
7.190819967134082447e+00
-1.083125004408644454e+00
-2.210162414562837796e+00
-1.581865381953937888e+00
-3.316799100957575352e-01
-3.309924581557121215e+00
-9.940945318915044293e-01
-5.601254126643249620e+00
1.388794756192141211e+00
-1.628000670678041661e+00
-8.506589852744884661e-01
-2.682757426852683924e+00
-1.801800089200923605e+00
5.559202789557544655e+00
-9.222223730937185726e-01
6.796823167443625247e-01
1.337072784758082111e+00
1.509541702384870510e+00
-4.290759248366093459e+00
-2.677327697479378266e+00
-6.888901594346742430e-01
-2.480795251198918416e-01
-3.374537362284436348e+00
3.710009135579728223e-01
3.356446608368572004e+00
-4.060812196696586440e+00
1.426384983354512581e+00
-1.104663024867143656e-01
3.703253455397803151e+00
-1.430478303812255270e+00
-1.020566890458411091e+00
2.619790510042329768e+00
-1.385067810557429224e+00
-5.319122463320196115e-01
1.373453570645786659e+00
6.528160956801654091e-01
1.460723650544559771e-02
2.505962422314753635e+00
-1.917503519861914807e+00
-2.096328417078906270e+00
-5.214368777785713505e+00
-2.221580199312759074e+00
-6.075068887869445877e-01
-1.568826453261345399e+00
1.159854923613433897e+00
1.396193046404041738e+00
-3.531057830669197095e+00
1.026022250069176689e+00
-1.424327066570704847e+00
-5.169499159931507215e+00
-9.831305578635204379e-01
-1.089187287167995066e+00
-1.436640868555895345e+00
5.483464527230393237e+00
-4.151339969077968428e-01
2.129962247134600695e+00
-6.880167601258307952e-01
-1.554011289372210891e+00
-4.535512037403470309e+00
-4.507859527783475428e-01
-1.689448090135829306e+00
-1.792062686558736573e+00
-2.289168319535819229e+00
-7.865981250292272131e-01
-1.969903467135667219e+00
-7.049890084363577891e+00
-1.678850325697626822e+00
-4.821403990853193045e-01
2.315613896186493825e+00
2.736148150732912177e-01
-3.193543278045036793e+00
4.053375643380735305e+00
-3.167122248876079738e+00
1.365181384937635967e+00
2.302505324450151214e+00
-3.879890967494060039e+00
-5.261571859037979415e+00
2.110607537896648900e+00
4.193136355919979685e+00
1.856942483731029325e+00
-4.184422848339051981e+00
-2.960665004600139039e+00
-5.045399232932185063e-01
1.088021250046956601e+00
-3.254398095643661115e+00
2.077396057734467671e+00
6.219256967111582712e-01
4.893174526455060791e-01
-2.170422572548456941e+00
-2.072438699359535619e-01
2.432560903734743984e+00
3.138697944941382545e+00
9.149565021656056452e-01
-2.732797501397513873e+00
-6.089792239560285481e-01
7.716396711859783153e+00
-2.368963625570851494e+00
-1.056268458477026106e+00
2.230357910204244565e+00
-3.562368035624670082e+00
-4.280470073902331585e+00
-5.013360345168086596e+00
7.979909994744580626e-01
3.726189952066958355e+00
4.270980168550919664e+00
-3.778557288084904098e+00
4.085146807116390555e+00
1.566248404424678498e+00
-1.064042472865285305e+00
3.228683916597176573e+00
2.555730129522971517e+00
1.266327759363909289e+00
-1.098491684316509565e+00
-1.402546667555025994e+00
1.422451919782827812e+00
-2.413662138997275886e+00
2.326581790745215983e+00
4.253076577355774379e-01
1.036225888036518272e+00
6.597343425148716189e-02
1.680290350542633648e+00
-2.389387558500214226e+00
9.028272971432486083e-01
6.063518144832849899e+00
1.624899884693095098e+00
7.246801784842739735e+00
-1.409754855816414409e-01
2.516770857424646568e+00
-1.284607356597311068e+00
-1.857231373532108876e-03
8.716498840797169967e-01
8.050196068304869002e-01
3.303993904729632280e+00
2.405767787787384648e+00
5.609702399394594252e+00
5.488647137896826012e-01
6.562336847853452504e+00
-1.671299266631889324e+00
2.523016411537198689e+00
2.221112017864481647e+00
-1.433737713370018874e+00
-7.199051753385509178e-01
-4.968047508648246180e-01
2.330211495522993115e+00
4.484213802407143845e+00
-4.018685077191538335e-01
9.418912780897314985e-01
-7.328222362461084494e+00
5.470199289561480605e+00
1.475495432453525657e+00
-2.190651739344326998e+00
3.516135085762670087e+00
3.460848276392820999e+00
-6.300422934901053207e-01
-3.972228001966268351e+00
7.703970661666476039e-02
-3.314796057944463747e+00
8.438151714488806299e-01
5.541353683209867320e+00
1.025846625673761281e+00
-6.363036369820970428e+00
6.845774410528190579e+00
3.353021606619856598e+00
4.466390907214855766e+00
-7.907558736969735325e-01
-3.300579779990008511e+00
4.083628084091626143e-01
-4.346091004782746126e+00
2.064637225628184747e-01
-3.216938787347802364e+00
-2.563537653212810685e+00
-3.940047012387704495e+00
2.276359347869773675e+00
3.254013628228075161e-01
2.219421835087644013e+00
-2.057615317123653309e+00
2.322081026857844011e-01
-3.796327824007510898e+00
1.971908501835967886e+00
-3.191103147904481130e+00
2.734874686053519799e+00
7.219744625088206469e+00
1.028605378505239365e+00
1.720795695553244631e+00
-3.981450714688403281e+00
5.654535997052284602e-01
-3.566200300391214828e+00
3.622472442818401861e-01
-2.047049344831737727e+00
2.333451770536697722e+00
2.351637792198959076e+00
6.326630513755078233e+00
-1.059677520846983856e-01
-2.265311535610411209e+00
1.996736265366976015e+00
-3.561799065437222245e-01
-5.746659227338248854e+00
-6.108429236274322882e+00
4.338076649620597358e+00
-6.215348388575800964e-01
1.322321141306420422e+00
2.107134393419256124e+00
2.266755217735427319e+00
7.015549395228514173e-01
-9.651448190164312324e-01
-1.296613187286701496e-01
3.227004462801079221e+00
8.213461695359227654e-01
7.039236525253389498e-02
3.871870430521065387e+00
-1.121913453759852741e+00
