-1.046465973965601259e-01
-4.206380644864486484e+00
6.705264717596007173e+00
4.525511529818642131e+00
9.683981393616925004e-01
5.403119570085861412e-01
2.648439357175927711e+00
2.679195617259278350e+00
-2.028497441934155709e+00
4.820659721812619036e-01
-3.148751446371226503e+00
6.050635110618837187e-01
5.291468110974529182e+00
1.611234369992756044e+00
-4.119863039414373151e-01
-5.639005385681626237e+00
1.154525568645948574e+00
-4.700115458329980456e+00
4.062197486922015877e+00
-2.878594237675478062e-01
1.058103812315694503e+00
6.964906020743597992e+00
-4.647892850870540826e+00
-9.091010007485063937e+00
1.290363733976513938e-01
-4.326519350732941582e+00
1.986215523781829750e+00
-2.650437806768638715e+00
-9.529704770368101485e-01
1.538447675555123961e+00
-7.155546766025648431e+00
-8.160285491621935283e-02
-1.685306520909769734e+00
-2.248450164918104566e+00
1.658129838039503534e+00
4.549369375721285635e+00
-2.994710166628723247e+00
4.905076791299396444e-01
-4.547400148909207296e+00
4.185558329819241585e+00
-1.107405051054472622e+00
-5.210085340286880751e+00
2.120200778773578598e+00
1.925959988655391752e+00
2.964286496522449799e+00
5.082435561390094669e+00
-5.093798491749756963e-01
5.322922026230171966e+00
-5.887990456513139126e-01
-6.818877289522403684e-01
-5.983378314589023361e+00
2.347926838369676084e+00
8.145045471842393692e-01
-1.402557070734312239e+00
-1.320272597520064095e-02
-1.545549774050066105e+00
-1.986459889169667203e-02
4.439716015890859957e-01
2.055907051171678823e+00
-3.753305369054239504e-01
-1.906409074013646343e+00
1.020358597333401285e+01
5.067933945505890492e+00
4.115469730502407941e+00
-2.161869494763106303e+00
1.427608695680164796e-01
2.570137985581177009e+00
-4.265802058146046960e+00
4.642090805219450722e+00
-2.208245204059886113e+00
2.080476677566535759e+00
1.259515107108759358e+00
-3.594837954856001883e+00
1.198685063911397286e+00
-2.296502511976439731e+00
4.002502429658201799e-01
-3.123514152210706385e+00
-7.425054241567213831e-01
-2.946195476493850940e+00
8.864313068177531729e-01
4.947942193385384435e+00
5.172489336491712386e+00
-2.646548318797705246e+00
4.006063502774234841e+00
4.656430865154719712e+00
1.153623721306969774e+00
5.415903648208990617e+00
-1.510423322637879373e+00
7.053827955290631557e+00
2.664083625873490568e+00
1.029743092074967947e+00
-1.160319296981373816e+00
-3.780525442043598527e-01
-4.564920235347456057e-01
-3.821813451273510243e+00
1.310051607824834985e+00
-5.144816676805807454e+00
-5.169735523056032456e+00
3.991291833158603919e-01
-1.181389784356161599e+00
1.684357405936913743e-01
2.731807875619783665e+00
7.971086488009928583e-01
-7.008870717539615880e-01
2.874422623642539865e+00
-3.486676318668249674e+00
5.764210659890244948e+00
3.719498587515128296e+00
2.049924606850264563e+00
-5.399309560922622708e-01
6.182471632173016651e+00
8.914538184593200354e-01
-3.402369762822959665e+00
-3.276482390220151197e-01
-1.120516568761925669e+01
-6.543809678637880545e+00
-7.480500314613146573e-01
-1.001869211422242056e+00
4.808555621695814963e+00
5.275496625887851287e+00
1.287917231266188178e+00
-2.068866784066355713e+00
5.328326748763456244e+00
-1.917088415406165813e+00
4.944892783766093203e+00
-1.190357257862680651e+00
4.985097092764943838e+00
-2.888102705221668565e+00
-3.907530642098461016e+00
1.389205180295858266e+00
-3.406401039581145707e+00
1.846983794646467780e+00
2.376882883908458588e+00
-1.333634904296217449e+00
-1.677530054319557706e+00
-5.833104731802084331e+00
-4.212746211544026842e+00
-3.134153101518191153e+00
-5.651931870009435643e-01
6.446631197340661146e+00
-9.962362629805019409e+00
2.796839197398459209e+00
-2.747755425191102940e+00
7.592649978104437647e-02
2.776686036790774748e-01
2.494417287604799860e+00
-1.266481820855425333e+01
4.864360864029991238e-01
2.501375331782453415e+00
-6.189601735092333357e+00
5.006869587685707224e+00
1.050369832700686068e+00
2.497336178027532494e+00
-2.844436112655924109e+00
-4.579042430387131324e-01
1.392382388444981300e+00
-2.344402161239125704e+00
8.233835499003367975e-01
8.356283250757844394e-01
1.159286820280187591e-01
-1.259636095867573413e+00
-2.914113247407019158e-01
7.556041070683428007e-01
1.892004928572932343e+00
-2.114371715428540188e+00
-1.376154364660225671e+00
-1.491640464286395185e+00
1.433131797144842512e+00
-1.946922400331790426e+00
5.369040471849888085e+00
5.820522509784088472e-01
-3.529244871142696915e+00
1.103131076146505629e+00
-4.285209954361135054e+00
-2.165848067713097846e-01
-1.319399521652563134e+00
-2.540148601391937433e+00
-1.793511195378147738e+00
-2.136096803652641540e+00
-6.670217646788684007e+00
-5.210789667944342618e+00
6.139923485142865234e-01
-6.156468192867056155e-01
1.727112097450856698e+00
-1.172240568009080164e+00
4.463581105336944077e+00
1.590606340098110527e+00
-2.430369061382521845e-01
-3.670494909958404772e+00
-3.143571878965882416e+00
-3.283570218709615851e+00
8.380372599007701595e+00
-4.852845710894240661e+00
-4.147944688884000364e+00
-1.713988704100091631e+00
3.906797116026171079e-01
3.658085778005355504e+00
-4.953802350234666640e+00
2.399070531749212698e+00
2.435177938201686931e+00
2.082115499131131919e+00
-3.642481833181296036e+00
-5.336534420214700258e-01
3.435332092920363678e+00
4.582839332206482652e+00
-6.670301212712961281e-01
-1.055656314892128300e-01
5.033816332678108907e+00
1.407883187770898825e+00
6.623394660380678367e+00
-6.220475944018454939e+00
-1.002010070897560556e+00
-3.124681920468579399e-01
7.321881081788473855e-01
-2.365769402355724971e+00
-3.646603120699009271e+00
3.133329941208792269e-01
-3.791553168391178286e+00
-7.122857797871047225e-01
1.238629702315427350e+00
-2.382102160738345020e+00
6.571030964096499893e+00
5.169226724743196222e+00
3.977977424045959776e+00
-1.476942073343902706e+00
4.193224849976531665e+00
3.946449352779267894e+00
3.238336700974194571e+00
4.858753456989641784e+00
1.249121432978646862e+00
8.051517397770531659e+00
-1.221921204452698362e+00
2.202041249728458272e+00
-7.446580895998510918e+00
-4.634837970429565246e+00
8.451095722478145778e-01
-1.047637406409898331e+00
3.313298766774108284e+00
-1.149265586086492430e+00
-1.807538480054779351e+00
4.514319965523615252e+00
-2.951567527023989612e+00
-9.069496949679776154e-01
3.943309030817978567e+00
2.960272377683613954e+00
2.604173335969130143e+00
-3.887822107087131052e+00
8.196950699590850598e-02
2.751679301998885663e+00
-1.888087405500240568e-01
6.189327185168065348e+00
6.708003678535647829e+00
4.906026569842178553e+00
-3.013607201786632217e-01
4.205074801716630617e+00
1.378149229417905852e+00
-1.586752279694358947e+00
-2.858608978392908284e+00
3.292663129518581311e+00
-2.239311300692284235e+00
-1.699870572462499896e-01
-2.002987794822556289e+00
-4.506102928450594014e+00
5.107785748172337215e+00
7.489076511292099170e+00
