5.872036002332061688e-01
-7.192426403930135770e+00
5.161698741360210008e+00
-1.324231220173730517e+00
-2.710117316992556313e-01
-6.141372738968514433e+00
1.062259571381732215e+00
2.738190264556100484e+00
5.557531871491849351e+00
-2.477485806908899413e+00
-3.061480482811282045e+00
-1.125796615314001592e+01
4.178529979599143296e+00
-3.424919949609058101e+00
-9.593790660498378031e-01
-7.810219061325627266e-01
-2.014705796518876380e-01
1.038853506395631854e+01
-1.217281617009652317e+00
6.805444139707286233e-01
1.175177042861076160e+00
7.235376964789754339e+00
2.292542949465544933e+00
-5.586727631508594527e+00
-9.382657382930098322e+00
-1.090614420688303454e+01
-2.661935803974327275e+00
-6.741609340781381299e+00
-8.284682255638062820e-01
1.057094913419754700e+00
3.954557973119880110e+00
-6.580413527958732800e+00
3.448712047243482903e-01
-3.329006944443826388e+00
-2.056608356989814368e+00
1.808243827996737219e+00
4.928040411530885123e+00
7.163903835067821468e+00
-4.354249601131559899e+00
-1.123974960944387824e+01
-1.048002815702273605e+00
5.548168909494302081e-01
-2.371213371689524507e+00
-5.434618090557776782e-01
6.146277752990215726e-01
9.182000367888996095e-01
-3.753884288900600996e+00
3.737871771021658240e+00
-4.619083012719260140e+00
9.679444791688052163e-01
1.988633240039168637e+00
3.352873073874891308e-01
9.508269440150614926e+00
4.584319596067333968e+00
9.413382998476999219e+00
-3.719095606926425268e-01
-1.308009709333145532e-01
-7.381886389575731400e+00
2.345531165311343980e+00
7.351060026767280986e-01
-1.281684606961143835e+00
-7.400390634224114805e+00
3.281971702215555009e+00
-4.793096837246176634e+00
1.051323427481557216e-01
-2.354435642850770449e+00
1.271642590654453286e+00
8.423932472287757989e+00
-2.272209459320085667e+00
5.414012132671706112e+00
9.123563056204111454e-01
5.579686920465151800e+00
-5.306334035866043131e+00
1.361352000306892962e-01
6.819220451672730832e+00
1.368936037631227176e+00
-3.775344550038209235e+00
4.019144733872422215e+00
9.889730850273340534e-01
-9.551038120111446372e-03
2.209455782658884981e+00
8.086916828159781190e+00
2.614803900919244750e+00
-2.205873168952172669e+00
1.358037797279417092e+00
5.168629025223002493e+00
-1.653801284465795218e+00
-9.358805794832035119e+00
4.513670844997587750e+00
1.978480476543401645e+00
-4.538053502525060345e+00
3.583031182791928337e+00
-3.420543570092248409e+00
-3.811915373808524521e+00
-8.891596503150861253e+00
-2.292440263913055887e-01
-7.177523838131812939e-01
2.502380938133024202e-01
3.120224038332303884e+00
5.396610078482265038e+00
-6.291405475940242908e+00
-5.404414124707234812e+00
2.857205406831151984e-01
-2.648058832189090772e+00
-3.151512601113635181e-01
-8.162339172078056926e-01
1.195228190262593637e+00
7.495379315053679825e+00
2.360286148952324581e+00
-6.574384654430165398e-01
-1.966901356057141337e-01
-1.141587228530740017e+00
-1.739156021635369864e+00
-6.110516978881066485e+00
4.146949164645052477e+00
-2.919877401726397981e+00
-4.572994032540406373e+00
1.968096463135045049e+00
-3.699805999546842972e-01
-1.032673828512404413e+01
-3.866303152761552120e-01
3.574430972965704445e+00
2.004099222438816774e+00
6.979982738530787767e-01
-5.352170733763513155e+00
1.984555373863535088e+00
-3.560797299706281560e+00
5.333824949721984510e+00
-1.647034943052456013e+00
-7.776760702646402734e+00
-4.103622256266737933e-01
1.588735462411206667e+00
1.134935367154734820e+01
3.969456772310188342e+00
-8.565418371280683729e+00
1.404203683039681572e+00
2.577358774992491330e+00
-8.628104030508687572e+00
-6.633057365330940591e+00
-7.434876285171516663e-01
2.283068706103148937e+00
2.358234532658139315e+00
5.698672291340391993e-01
2.338528320527083260e+00
4.852019025907063465e+00
4.806162617851580166e+00
4.950577107915228758e+00
-3.874390126810268065e+00
8.811403492521561187e-01
1.290289436120224398e+00
4.988256148786541999e+00
-2.332946975620492136e+00
2.987926889026993882e-01
-8.344566851044774580e-01
-2.616327458237087455e+00
-1.244689642539129260e+01
-3.952649538041655308e+00
8.061977045259336450e+00
7.432653863535455763e+00
-3.649041572396250377e+00
1.023444161691599419e+01
8.755363085793778311e+00
-2.991379411908367203e+00
1.778826014732872052e+00
4.317342372732121625e+00
-3.725646639622123946e+00
5.824777938010702316e-01
-7.015518811804683175e+00
1.407425567737333294e+00
-2.804756835194915920e-02
5.921820929871305594e+00
1.471229852298372442e+00
8.965308948824288748e-01
2.376782092750715947e+00
-3.142307194011368043e+00
1.445923913625744683e+00
-2.127900297745939362e-01
5.114509788266220269e+00
6.190369801437897834e+00
1.025346367652745627e+01
5.048164896340479046e+00
3.554959340437632953e+00
-2.195117175417255151e+00
-1.553982205531243554e+00
5.466489983234460448e-01
6.268834662543942837e-01
5.893046827661725384e-01
-1.659428719314120171e+00
1.225133639575358480e+01
3.612546315045075396e-01
7.243066983167440576e+00
-4.983994047260686067e+00
6.971196276472645392e-01
4.780423867808401894e+00
4.664185929499811145e+00
1.357228336304930227e+00
-2.514676235480481914e+00
4.937430494061820774e+00
6.591971982248691297e+00
4.776903546524327027e+00
4.009477939321842710e-01
-1.289235419589960507e+01
4.387022817952544784e+00
-6.722992256447271942e+00
-1.601471319058767273e+00
-6.617066953326937728e+00
1.806252233509304084e+00
3.602857545993546129e+00
-2.425979297354871278e+00
5.425472521944124438e+00
-7.525420719168613104e+00
6.630478311297664185e+00
7.105817983797295234e+00
-2.152312032551164211e+00
-5.894787433896409468e+00
7.167586419666887032e+00
6.192500159038736740e+00
4.075454093294784919e+00
-1.937882286126755282e-01
-4.662532862351238094e+00
-3.511211901587130590e+00
-1.394976695790611032e+01
-3.414753954325799867e+00
-2.006679173014496720e-01
-7.855041038943237908e-01
-1.496047312553452358e+00
-5.802008169873520416e+00
5.442330507165142883e-01
2.181779692847602536e+00
-2.429740431241009357e+00
9.460166954940696371e+00
1.603311596508748327e+00
6.546014728744230737e+00
-2.171798806102188006e+00
1.282401763158611541e+00
9.214276084784776444e+00
-5.843979485544474883e-01
-7.559743354332156828e-01
-8.608407876428882943e+00
2.407408744136971812e-01
-4.946091416217714531e+00
1.995520990828074659e+00
2.225778953742063582e+00
1.295115467724252234e+00
1.627688063425099418e+00
9.041748456374143927e+00
2.076071126164764191e+00
-7.896114288156752536e+00
5.357958252436885616e+00
-5.752223198250472347e-01
-6.860582202958569908e+00
-2.395922978386772595e+00
5.314767034804737555e+00
3.543928273027556752e+00
3.982032374831550037e+00
2.092498236098646824e+00
2.739347416314319439e+00
1.905357769524281153e+00
-1.340440292471057226e+00
-7.803630747740023521e-01
2.837550914677873792e-01
2.395261374221715922e+00
-3.158365824716836023e+00
3.922838972034089267e+00
1.393021590864239823e+00
