-9.674101219725113054e-01
5.745816935496811162e+00
4.066480094933293543e+00
1.813187436184597434e+00
-3.763397257855691347e+00
-3.271154863726247974e+00
-5.062807907953165154e-01
2.664892880072243564e+00
-5.485731700598791782e+00
2.680333702203903101e+00
-2.470068793490742820e+00
4.352499578243566702e+00
2.497336022815992707e-01
1.335391020117397520e+00
5.084939494621905531e+00
2.043722495358820002e+00
3.332799240602355439e+00
5.528132651876205728e+00
3.817176244009074626e+00
3.701483728136173657e+00
-8.386571793948567333e+00
6.201351847178426802e-02
-2.644324160962759240e+00
-3.864370664075293504e+00
-3.260996829696963140e+00
9.594386972020281235e+00
6.747224302734515788e+00
-6.713433466000623184e+00
1.104056983375117929e-02
9.567638657229620591e+00
-3.652828657356022912e+00
4.585988147849031193e+00
-4.372872536327811588e+00
-1.178262690079433295e+00
-6.084427620831708516e+00
-2.996299541685336187e+00
2.642038371277793729e+00
-4.124561667292012679e+00
-1.180203375667643551e+00
1.355462349574599212e+00
-7.525580368092736450e+00
-3.031930396023356344e+00
5.936893521346139124e+00
-9.521873150094947391e+00
5.205594026529191121e-01
-2.824591751033616926e+00
-2.611602483814247755e+00
3.120038943013796029e+00
-4.140116186374755980e-01
-2.861802620320306190e+00
1.317293912010789603e+00
-1.647107081777541060e+00
4.416289722656491890e+00
9.434391021364900709e-01
-3.771839844188110469e+00
2.026414523024201664e+00
-5.559960241717367690e-01
-8.530186139329702932e-01
-6.592545234471292481e+00
1.127793056422757845e+00
4.495010169813997258e+00
4.317496008014085618e+00
1.057045104303417915e+00
8.358359585132794090e-01
3.731311842025976766e+00
-6.061967596775147626e+00
-2.729512756292520326e+00
-9.984761708430300864e-02
3.540959692226554267e+00
-2.564620214780400254e+00
5.038194122169661782e+00
4.917873133314564882e+00
-7.918714462526446063e-01
-1.220328694345791609e+00
-2.855653068251436721e+00
-3.193947430369494800e+00
3.361087984912990656e+00
-3.573178436694981475e+00
7.153875582703240754e-01
-1.251735159637966222e+00
2.304846542512493990e+00
-3.370944296848269239e+00
5.902172409602234993e+00
-2.899227155278558232e+00
-4.592739408791457478e+00
-3.167907533182249047e+00
7.770856397430608631e+00
1.475309946568142294e+00
-3.488858719325748092e-01
-2.608475578225586844e+00
4.156221526012363832e+00
-1.920728567792416852e+00
3.437201834389049360e+00
5.249623600855770178e+00
1.194331030305795460e+00
-5.039641255957993060e+00
3.423064340467451228e+00
-5.270023164338659694e-01
1.860295961420803890e+00
-4.850143837120020507e+00
6.432015709784201896e+00
-2.189430322531123352e+00
6.072289488678656255e+00
-1.912796391902993332e+00
-3.168299248851590200e+00
-3.741868432049760163e+00
7.166951969531160316e+00
2.968331598080559353e+00
2.642016151723940887e+00
-3.370301522293296159e+00
-2.002968565014399793e+00
-1.370442217339736257e-01
-7.003531110535805571e-01
-6.784633362773585752e+00
2.799307625467376326e+00
-3.094696958224405492e+00
-8.033870681633388244e-01
2.566479569045602371e+00
-6.751976732449069374e+00
5.547640616058319152e-01
-1.103495714143235551e-01
1.288409375008390256e-01
2.400736587135988698e-01
-4.144659862522642180e-01
-4.088938940313132875e+00
6.237579215664893262e+00
9.224824286505362014e-02
-2.828026344230988087e+00
4.950188550081285332e-01
-3.870613070088593233e+00
-5.834853272313288208e+00
5.882369610652881775e+00
2.022647703533572816e+00
4.683970640497132187e+00
-3.091708267858959580e+00
-2.574978198756536774e-01
-3.711576753573395226e+00
-2.196370648513364721e+00
8.190627016962199747e+00
-5.899569275970920401e+00
-1.240545404521455009e+00
-8.164069489849854477e-01
2.056926664305853136e-01
-2.173709670209045264e-01
2.054244238098029030e+00
2.772868816913653056e+00
-8.628339294646129032e-01
5.429159990827276516e+00
3.054964161402062395e+00
2.380595686638985686e+00
6.546670788328908586e+00
-2.242625642859239932e+00
-6.517436424614773571e+00
1.607573497554218189e+00
-1.829513413171600655e+00
2.151035113187896197e+00
2.640198750427215746e+00
2.413391542079633467e+00
3.777300714288636119e+00
2.525494073378390603e+00
3.958291238285475133e-01
-1.055174610039769201e+00
2.888166743807408565e+00
3.555016423935637437e+00
3.587946995564915476e+00
1.851378498854639121e+00
5.082668255201017615e+00
-3.147928730416077681e+00
-1.052690975713060695e+00
4.571043697925313509e+00
1.674676028830873520e+00
5.263912814361430215e+00
-6.567302743922508457e-01
3.547495473427095813e+00
2.848208713951357218e+00
2.602865747116048123e+00
1.790935700809883624e+00
3.150291863828708294e+00
-1.655523657643225288e+00
4.151460317346306050e-01
-3.506036139681050212e+00
-6.913041268291690855e-01
-1.523341981923384547e-01
-3.380687284913719282e-02
-1.785358473477731689e+00
-5.600618480086945183e+00
-2.234608964322224722e-01
-7.537020103868247167e-02
-9.796140641912747249e-01
-6.494907100722222992e+00
4.303223432044709362e+00
8.198106575256423056e-01
-2.915701963222603332e+00
-1.643814262624225808e+00
-2.397247905658114853e+00
-1.599342163693304508e+00
4.366298875024705595e-01
-3.665075066905156387e+00
-5.376372870623235656e+00
1.891207620249180321e+00
-2.128415431692019855e+00
5.386425359146054248e+00
-2.078212769195089571e+00
2.258076069844544342e+00
-2.752794961581697564e+00
8.199157440599795788e-01
-3.977536754936319419e-01
3.197020954724928421e-01
2.473873288233714440e+00
8.426225256496454818e+00
-9.504511444205666626e-01
-4.119965097062285864e+00
6.936027036271454449e+00
1.731684093871671770e+00
3.913484573121777110e+00
-1.470272660849911928e+00
-4.180595931965873646e+00
-1.668171809905577119e+00
-1.128237217422590977e+00
-5.554101173861544893e+00
-1.695520762116078162e+00
1.507753258504662686e+00
5.232239052991571882e+00
-1.332360816768665801e+00
3.280688100445234845e+00
-4.996244147027859128e+00
-5.438396466837220444e+00
-5.144162993622373392e+00
3.301712914751047112e+00
4.256820634065226372e+00
1.797949592777914773e+00
-8.974238297574695267e+00
-5.425662279666343402e+00
2.790481268222690048e+00
-3.190939081629432739e+00
1.835066560745524766e+00
7.643878444985441334e+00
-6.325508629424400731e+00
3.074264793291081155e+00
-2.432965272066879847e-01
-9.346052038391993833e+00
-2.102003407732423224e+00
-3.509331276879956718e+00
-4.677018360725030632e+00
-5.415706426393752437e+00
-3.189767962455598571e+00
9.344017127148442015e+00
-2.102488482678031012e+00
8.261052186654445961e+00
3.215118642236550750e-01
-1.846435145294795799e+00
-1.518789733635484973e+00
2.215781376725138418e+00
1.259554759383105349e+00
-5.194965186079879338e+00
6.296338980602151914e+00
7.540031317334738858e+00
3.419020716024593121e+00
1.979434066028536554e+00
-2.855910024588963925e+00
-1.967907243590689248e+00
-3.115878636562610549e+00
1.635431882013337335e-01
2.198651162595038677e+00
5.485328889525104001e-01
