1.227845983611267844e+00
2.151997271211241181e+00
-5.650807041600680591e+00
3.771022231402826552e+00
-1.301118150994157840e+00
-2.111357284026668335e+00
3.121413591810254795e-01
-4.472705678295642306e-02
-2.169862653494011528e+00
2.373860901197014428e+00
4.211218441732402340e+00
-3.839752840850135573e+00
-4.277729354532055162e+00
-3.106905101099424193e+00
1.171779870419242364e+00
1.218881700470000329e+00
5.265058130126423208e-01
2.392816826562879307e+00
3.063184579905582794e+00
-5.248277849453613086e+00
1.425732755247609784e+00
1.297725863993151929e+00
2.465603436595606102e+00
-2.815153174003310443e+00
1.300741418027291374e-01
2.976329577027275519e+00
-1.278178466956736870e+00
-1.073926593567142262e+00
2.101749574861853542e+00
4.559110839194485898e+00
-1.497158804486740546e+00
1.272038948602105979e+00
3.635732831245814367e+00
-1.486073413013292877e+00
1.935701157792771854e+00
2.683329117035688327e+00
-2.994197188046999081e+00
-5.844506835247525345e+00
-1.274539119714473534e+00
-3.676500706655516204e+00
-2.270331594898957306e+00
-3.514919636361066302e-01
4.002541704156633351e+00
-6.743747754683277584e+00
1.518737799733719918e+00
5.847250701475462442e+00
-2.088822709647586429e-02
1.389705524422888860e+00
-1.350593032489055600e+00
-3.483257793646227007e+00
-1.354584194131434494e+00
-1.626452199818094524e+00
5.281171816581069489e-01
3.858311629736692172e+00
2.565117207371155228e+00
-5.118978151754236094e+00
-3.247326077153712687e-01
-2.250196104656360330e+00
-3.474857869771244445e+00
4.737573642856966138e+00
-5.548297129506795100e-01
-1.655729789527924378e-01
-2.400513152772643988e+00
-5.933336302872562307e+00
-3.443703557336791121e+00
-2.144279931564892383e+00
-6.930737363926331440e-02
-1.910585868477586491e+00
2.476818983182487166e+00
8.984378037372366954e-01
5.559454239270155362e+00
3.757985825667047308e+00
3.437357674634880844e+00
1.122953364125973907e+00
1.330115138597676605e+00
-1.420646288956212810e+00
3.450609608295903019e+00
1.832312065116527666e+00
-1.483309688469217402e+00
-2.258873197761147367e+00
-1.076474320213292923e+00
6.075293085223068545e-02
1.973509445485546743e-01
-3.312156622177984566e+00
-3.192504446595399337e+00
1.400541793380136735e+00
-3.112497970332186448e+00
5.726080670337846179e+00
-3.686473480221204579e-01
1.396674374872899582e+00
-1.483784994627425302e+00
1.834479233299166623e+00
-4.542970377171051233e+00
-4.485435073144611096e+00
-4.354631037129540472e-01
-1.793455081463134482e+00
-6.004989928004747846e+00
-1.478622510604813201e+00
-2.249246094150792796e+00
1.618675885998225761e+00
-3.105339845594240256e+00
1.464184253858984874e+00
1.196783815295867415e+00
1.434401071889336521e+00
1.075725654975440815e+00
-1.554314442754626935e+00
-3.712480981928439672e+00
-1.389503404877415194e-02
-2.194889568147722514e+00
1.276186275882229992e+00
-1.689319353770310839e+00
3.701058218665396748e-01
3.508583866833077991e+00
-1.085344898719972528e+00
-3.010939667662219321e+00
-2.342444523129203482e+00
2.182958217689201064e+00
4.014854525007473640e+00
1.153713435571235291e+00
-3.010173612927316888e+00
-4.017413198203979796e+00
-2.263206324214951604e+00
-2.795236771774138873e+00
4.889276361845972474e+00
-5.323846384150715316e+00
3.069746128159851484e+00
2.105024290329474468e+00
5.612669569209835174e+00
6.118749907355726769e+00
2.622320316404958884e+00
3.259782098713178922e+00
-5.709345718949239146e-01
1.102501588763081353e+00
3.438487010706809066e+00
-5.485113832912505316e+00
2.283597619497931275e-01
9.366429118410637411e-01
1.983763152696039311e+00
1.095471878609709515e+00
1.549076430712279073e+00
-2.598703494460109731e+00
-1.810765199162259753e+00
2.681682228281848435e+00
-1.337755684816857027e+00
1.689183527532048146e+00
2.395263799636687452e+00
-1.732423877985548755e+00
-6.962477697481409544e-01
3.388870021983632519e+00
3.090987285507092786e+00
-7.543673896632721032e-01
1.647655604893849102e+00
-1.157293381702677149e+00
1.690524744834206672e+00
-3.985289915373603886e+00
3.558265965204778780e+00
4.346882623381921995e+00
-4.168854396369951587e+00
2.245474287592101437e+00
-3.155743570013920696e+00
1.380393881370511444e+00
7.974775033419612136e-01
-2.256828057095437323e+00
2.706312289224398704e+00
-2.135931013440629300e+00
-1.909848048386762143e+00
-5.797324783893373912e+00
7.711725037526570015e-01
-2.097333427208286860e+00
1.510366069254153398e+00
2.867155753530551188e+00
1.308279681776530756e+00
-4.002510090650166497e-01
2.932480100285961289e-01
1.495586819274603574e+00
4.812455125189717187e+00
-2.294239819629690036e+00
1.414149109507413016e+00
-1.312404065842018186e+00
3.359692356215804754e+00
3.719904744911057826e+00
3.291614871541582499e+00
-2.066589738167260659e+00
-2.991191693067211332e+00
-1.289966084679418534e+00
-2.696054578391585910e+00
5.019649771506342617e+00
-2.396075600490355839e+00
1.508681560249697795e-01
-1.717904577274810718e+00
4.189905582955015362e+00
2.477589735403288307e-01
3.400727234095276774e+00
1.105966321974392930e+00
-1.773958277570822251e+00
-4.400966030553618680e+00
-7.992126701421046198e-01
4.554562313402535700e+00
1.495496920954826336e-01
-3.250943467904783724e+00
-1.549590926219127418e+00
2.980654359738677428e+00
5.331608945431580260e+00
5.815618617603914409e+00
1.472648605746881056e+00
-1.317296887753023560e+00
-1.328319103937184442e-01
5.820089274855300587e+00
3.984011483846957580e-01
-2.203068985303256788e+00
-1.524642693875676080e+00
-3.678061442529863001e+00
-1.300087565810391421e+00
4.199460152668085478e+00
2.416013317150516482e+00
-5.661375648726464371e-01
-4.501106111155226963e-01
2.034624606882642350e+00
3.847119198465208889e+00
3.950129651353499138e+00
-2.635674784269816051e+00
-2.373820767390606434e+00
6.097310433693008846e+00
1.810720824593463174e+00
-5.858319751302020428e+00
-1.356717829677259068e+00
1.786255238585203742e+00
-2.274257350697026503e+00
4.916822063524168840e-01
1.003335842261132260e+00
-1.768159824957542980e+00
-2.870782797986022317e+00
-1.746640356256229376e-01
-3.047186528815178708e+00
4.820709639354963549e+00
1.184955063490081284e-01
2.519964918276649257e+00
1.261301315843238458e+00
6.455560227878709867e+00
4.062161739370075964e+00
-1.478239765769564951e+00
5.893221687587752555e+00
1.909681114356539755e+00
8.382907350611757735e+00
-3.137529464464902773e+00
-1.755898060890975776e-01
-2.671980229827072839e-01
-3.842782749588193880e-01
7.980826066832763521e-01
-1.888134347523345191e+00
3.733807397795178562e-01
-4.069175981876315795e+00
7.572158481439652533e-01
2.761376436730488493e+00
2.017956518089949469e+00
-6.724093037708848364e+00
6.357658044444167267e+00
-2.052956980689020661e+00
-1.787954930852440727e+00
-3.330644174022805437e+00
2.349279532992925468e+00
-1.248266427319760785e+00
1.651780451766772240e+00
-5.513405420776070542e+00
-7.309256586616194595e-02
