1.650895879899473506e+00
6.714220230734619932e+00
-7.034624762520864216e+00
4.733198203744048982e+00
-6.218652911495553326e+00
-1.620664126623228229e+00
9.814743090345598997e-01
9.573367463896833574e-01
-2.773421850289118584e+00
1.148413372179759584e+00
3.121248003512797187e+00
-5.514283920570006714e+00
-3.131504055543291365e+00
-3.414399361414083955e+00
-1.831302393703220233e+00
8.589610154440304735e-01
3.123817387985571958e+00
8.118492567819991512e-01
2.814151088827972824e+00
-3.564321223118888771e+00
5.751934014503710557e+00
3.684739832712701002e+00
2.882792701620291886e+00
-3.652664234539184207e+00
-1.848231403570065989e+00
4.336137460300625079e+00
-1.483367197640116153e+00
-2.718016699134616854e+00
1.023701039099572219e+00
3.516175959965961439e+00
-3.022440624035531265e+00
4.180644576117248379e-01
5.450664581307993473e+00
-2.144752967587123749e+00
6.090012508378863654e-01
4.011109785442929621e+00
-2.572592346109554562e+00
-4.930881338106531508e+00
9.206072220098507897e-01
-2.084032582958239566e+00
1.979830132789973884e+00
7.239413029319986537e-01
4.751039996078525895e+00
-7.358072347208734598e+00
3.158930058029038701e+00
8.110813193001984445e+00
-1.017944223357238220e+00
-2.507195771788000460e+00
-1.693404182839937988e+00
-2.401973846893898035e+00
-1.371856286032266059e+00
-2.632937847408077570e+00
4.396329392919134937e-01
1.545769011153047767e+00
3.976756973317914667e+00
-2.818054750644392037e+00
2.910022180498155198e-01
-3.210607431167980863e+00
-3.934628122132565853e+00
4.167301309742272863e+00
1.713336521795198353e+00
-2.927277712967802703e+00
-1.855831887230989796e+00
-4.463422043594551525e+00
-6.382611906784149136e-01
-2.703114599289763387e+00
6.403915930759678243e-01
-2.062585904808717174e+00
1.240498517638586540e+00
-4.336385380199219153e-01
7.632506243708123250e+00
2.269989365805383130e+00
1.229809968716314206e+00
-2.237989423854930549e-01
3.292756670083095916e+00
-8.710836946817307469e-02
3.850550384996625830e+00
4.190258164344969671e+00
2.132787065702468787e+00
-5.403758983674660676e+00
-1.934996817661677859e+00
1.182944160242992426e+00
-6.181147545383200992e-01
-5.345607665541294296e+00
-3.603750639201114936e+00
3.032643172151430200e+00
-2.296460364892518591e+00
8.700625049504084885e+00
1.262024270995171005e+00
-5.680354758114161684e-02
-2.026766003808125660e+00
1.929568920796515430e+00
-3.886518862104342720e+00
-1.016549709403345325e+00
2.038526624448736557e-01
-1.782600097353278290e+00
-4.180429163679671767e+00
-2.386053465970252585e+00
-1.842779076115066417e+00
1.224204651768139085e+00
-5.325378263687410296e+00
-1.002910442713365047e-01
1.398223275243558161e+00
2.238986454487033928e+00
3.409385942774533884e+00
-3.213647330365836829e+00
-7.957433577828529003e+00
3.287003226405584844e-01
-7.086712295378164939e+00
4.225672722540122273e+00
-5.174832414005297920e+00
-1.827220183206204718e+00
4.678947073841065674e+00
8.193491702015650580e-01
-8.981249471687284824e-01
-4.229898795683208590e+00
3.236286418762557737e+00
5.056092578364716594e+00
4.604046057668437220e-01
6.791458173137130405e-01
-6.674393036563201598e+00
-1.891847452407908747e+00
3.347904439437467961e-01
1.659420060472174718e+00
-2.018708476284246434e+00
4.259407888409418419e+00
1.484386402612085654e+00
6.144077871188931006e+00
6.598585362665214227e+00
8.891605340480353004e-01
-2.281356365159143140e-01
8.105397724209268961e-01
-2.395003745213035162e-01
5.265424982056509329e+00
-6.674794963013154003e+00
-2.571943166732993280e+00
4.515088257997160959e+00
2.526609081300282167e+00
4.755653658099140979e-01
-1.419392220652180736e+00
-1.358561789480657644e+00
-1.076270314051259946e+00
2.931137461766183616e+00
1.652487162469592263e+00
1.100348796085060865e+00
4.007040880321582677e+00
7.830694608473718343e-01
-6.875210867721774921e-01
4.858651940520055668e-01
5.215821217837285140e+00
4.230262708475275302e-01
1.180126254918808959e+00
2.890361609881444416e-01
3.491323401647695945e+00
-1.085292500408693961e+00
4.051127086594462412e+00
2.219847445513990714e+00
-1.917028610417313095e+00
2.081194395697286925e+00
-3.504960720102471505e+00
-3.697786593147319723e-01
4.640838677020233227e+00
-1.710327839742036726e+00
9.559767278038441285e-01
-3.641711963619023162e+00
-3.579487909732413264e+00
-5.488538439770126232e+00
7.238015134487427726e-01
-3.449564955697223656e+00
-1.601641209656996079e+00
2.378082302944760862e+00
3.507097064668406539e+00
-2.442212587159883430e+00
-2.930636616658505833e+00
1.889230256025350441e+00
8.090226732719139946e+00
2.196507193290521798e+00
8.172270282098101912e-01
9.286443967069467620e-01
5.424573805332660648e+00
5.890343230502803173e+00
2.938682445086795880e+00
-2.165448143361795807e+00
-3.762270925480728057e+00
-2.327250692989450087e+00
-2.284700720429476917e+00
1.010655451155275841e+01
-4.628992282338316167e-01
1.087839839774862982e+00
-1.441677483043395380e+00
5.355069535471818298e+00
3.444053427891706765e-01
2.024808534992800890e+00
1.540020573111802848e+00
-3.637418214847502274e+00
-3.658684536048764535e+00
8.134552800846059917e-01
2.816771286258448193e+00
3.935791067948263278e-01
-4.012862124491830329e+00
-5.408029665235221106e-01
6.905752559402336122e-01
4.938450567451805995e+00
2.941594341489832676e+00
2.712422075361778706e+00
-7.159045721477287350e-01
2.045552324179919612e+00
3.126151060168942397e+00
-5.425567322782057778e-01
-4.078822600875326998e+00
-1.041563106056598409e+00
-2.248362576397848756e+00
-1.194717084046957201e+00
4.159692962305244990e+00
2.689157054826082138e+00
-4.929831619184685265e-02
-1.513374617380182974e+00
2.948805320634086513e+00
5.697984887728889447e+00
4.334277399855549717e+00
5.518197046669420791e-01
-4.718007262750020248e-01
4.674020919306099309e+00
1.268150760935444321e+00
-5.672452576180176287e+00
-2.203420579478303498e+00
2.165130987673116625e+00
-7.795422339136459655e-02
7.177590652514751479e-01
-5.756134848858572850e-01
2.447157989537109835e+00
-5.628333563713523446e+00
-2.872644261689932144e+00
-3.445381593625429506e+00
5.487275481019624479e+00
2.953565086351787272e+00
2.607598246563538336e+00
-1.336197673844338851e+00
4.169978576151756045e+00
3.635530800823851827e+00
-2.409857219286852370e+00
4.499224296631969544e+00
8.192331943055135568e-01
7.277356364171106762e+00
-2.064698257068500187e-01
-1.553027533091835499e+00
2.138298000828231960e+00
-4.669034335141379888e-01
2.390207926254641624e-01
-1.455381547892506511e+00
-1.707295854589588879e+00
-6.994179647096828489e+00
7.153462509917213330e-01
5.946439593941580171e+00
5.104692970657763063e+00
-4.495309841076497115e+00
7.268285704747569298e+00
1.749943678964593463e+00
4.447135478566383027e-01
-5.013707309694659386e+00
1.888171029360585562e+00
-2.462013794257476018e+00
3.816104935544027299e+00
-4.742145540225325639e+00
-1.564246885828114442e+00
