-6.104657537542903079e+00
1.037840086363932546e+00
1.374666645633346063e+00
6.323670146959448957e+00
2.112755428340349795e+00
-2.403355365425883239e+00
-1.856747424011594427e-01
3.353444136556495536e+00
2.468052581192979211e+00
7.771079893893668711e-01
1.791560324971044338e+00
-4.073302097321799486e+00
1.001642246880088294e+00
-3.879162013761507044e+00
7.075167742682282324e-01
5.166489150212479231e+00
1.611800206505027422e+00
-9.007727357052792705e-01
3.108926537252464151e+00
-5.708928920664300577e+00
-2.527389847529155631e+00
1.092427682092367847e-01
-3.497834107365699108e+00
-3.983970227493713878e-01
4.068508884862325203e+00
-9.384786237936095787e-01
3.790306129396631141e-01
2.892696045975905683e+00
-4.982722789359808502e+00
-1.010453562941548755e+00
1.871829475726425329e-01
5.571884869226721548e+00
2.976808932591660239e-01
-2.537498322474991852e+00
1.199943875833190399e+00
-4.648194904370675395e+00
4.946888123774980883e+00
-1.662888007061846141e+00
-5.371077228363159151e-01
1.923184262837938974e+00
-2.395301729679792935e+00
6.302771249487383542e+00
4.473487448296159741e+00
-2.641191046070099357e+00
8.264866198025875299e-01
-1.557819884975421676e+00
-3.987574653842029804e-01
4.189982262990623596e+00
-6.772658356731523499e-01
2.690083039704576962e+00
3.276749501424799926e-01
3.641227010428778055e+00
2.239851948538838844e+00
-2.168332344712836424e+00
1.387973861765280814e+00
-8.674833506396403826e-02
4.605966353905266431e-01
4.949007925645448225e+00
5.521578886898262262e+00
-5.967849097026716620e+00
-5.319246626823767699e+00
4.863390719410110030e-02
-6.770140763922525284e-01
-9.678337067519362513e-01
-8.621797947768812254e-01
3.206655853450356197e+00
2.255026530645827254e+00
-4.916183815272213486e+00
-7.999783886769006314e-01
4.711951398973821092e+00
5.525051385093012968e+00
-5.406928963791758136e+00
4.019256567501144239e+00
2.069698308806248166e-01
-3.366864746978259770e+00
2.619790453280578468e+00
-2.300327662620644531e-01
-2.907057637156463592e+00
5.988972483601770591e+00
-3.282654003400523379e+00
1.559485998592416434e-01
2.537680349642993383e-01
5.315397788545597635e+00
2.238178010384673566e+00
-4.236037863815616866e+00
-4.317062396701857097e+00
2.773196451886822622e+00
-6.881242312528733862e+00
3.938671573341219645e+00
4.725535256449396648e+00
7.371701954360767584e-01
1.124508183322943999e+00
-4.648258809384486767e-01
-7.798832926084483752e+00
-4.781233917902866004e+00
2.648785206657322977e+00
-4.362486446111157878e-01
-3.341848689056685640e-01
1.386501502023979704e+00
-1.476859066354040406e+00
-5.153218000836214507e+00
7.140945025702986060e-01
-4.363248652961784213e-01
2.552569410503946035e+00
-4.512274079585526287e+00
1.049397906648510670e+01
-4.606602546251685304e+00
-1.586045405367375150e+00
2.404841742168470020e+00
-1.100208994839623422e+00
-2.017250836824469040e+00
-6.938546951757061265e+00
4.691088547768973882e+00
3.604483920603083202e-01
-4.707177452538964246e+00
-1.653276770422692943e+00
-2.281289489218015110e+00
1.804845774601293584e+00
-9.204822429934107930e+00
-6.868867964696012685e+00
-9.408022204248731590e-01
3.024024456147069273e+00
8.587852311292502705e+00
1.983713823028128820e+00
-2.778966858076234558e+00
-7.033846805738693142e+00
3.234531010425037989e-01
-6.017104967408042349e+00
4.519413965952976397e+00
-5.336808631674525571e-01
2.700007114223032190e+00
-1.078970633718427496e+00
2.996248115406968893e+00
1.808465406600025194e+00
-1.598047361182090231e+00
4.734636622383220361e-01
-7.647084313743468087e+00
3.743243919951494414e-01
2.081340569921906969e+00
5.511787160777588568e+00
-5.150205361207482735e-01
-8.631520585819552061e-01
-7.509269802436964625e+00
2.647121765749259836e+00
-5.484692706812137608e+00
2.983875732863995545e+00
-1.540664657830380868e+00
-1.268790507761811792e+00
3.166123774404633329e-02
-2.395215518507769481e-01
1.346510478286167878e+00
-8.666545962959559812e-01
3.575383565399083086e+00
1.053569184995381214e+00
1.891487828275738359e+00
1.832963379681140204e+00
2.955728853555343871e+00
3.569293334314333599e+00
1.257462189594126034e+00
1.861599644575868018e+00
2.725511317068445738e+00
1.162789515163511922e+00
3.473452157666779172e+00
6.179723445417231176e-01
-1.308676375326510488e+00
3.384445156776924035e-01
5.113168829018006178e+00
2.683479149005178144e+00
4.580870289457056543e+00
-3.356619153598393801e+00
-4.364920039284561959e+00
-1.212574601131190200e+00
-2.147002507944949790e-01
4.590800507805255393e+00
2.530218105069332424e+00
-5.591524873604248214e+00
1.809905124043955649e-01
1.202330637318623108e+00
3.189869825002642933e+00
5.046722304493211908e-03
-4.123798761615011799e+00
-3.740969315422773445e+00
4.791639326988479830e+00
-5.391831460065030779e-01
1.377057661918459575e+00
-5.841456977999714972e-01
5.673092858397185800e+00
1.054951711727048602e+00
-1.025509559463879450e+00
5.127143170354564461e-03
2.578589107306648032e+00
1.474805355267430951e+00
-3.755738586676007795e+00
-9.002108018240159382e+00
-6.662989949010851731e+00
2.771869496233372310e-01
-1.200035875283532172e-01
-2.481703341135489627e+00
1.829570112389370617e+00
2.471567587725526316e+00
4.364436107614286797e+00
3.116236824442832898e-01
2.641207297038204782e+00
-1.417350935808477486e+00
-1.269882586289282855e+00
-1.086181205838011365e+00
1.697849457579534871e+00
5.905999319477773568e+00
-6.031424811800825125e-01
3.942191015418563982e+00
-1.540137055516194842e+00
9.126007867128408391e-01
-1.747851632242350073e+00
4.333980014257879709e+00
-1.991031964267753640e+00
-8.267468404565192497e-01
-9.477050400367453165e+00
-2.640222693755832850e+00
-2.671270830991572254e+00
2.814357773365783189e+00
-4.371222386688171646e+00
-9.000762268229090424e+00
2.751149864047176763e+00
7.210922897431990553e-01
-1.882027849333616776e-01
-7.710261788478469214e+00
-2.490711067147998836e+00
1.149046720066525307e+00
-1.972286270537370712e+00
3.754038839781518089e+00
3.044059132886527852e+00
-2.293825185619036588e+00
2.817793916764052220e+00
-2.390523784786677375e+00
-4.196252457581331363e+00
-5.601199284943178647e+00
-3.331755008845563193e+00
5.472697315325132372e+00
-1.713424217443480169e+00
1.127609164283423615e+00
-7.581828505441873034e+00
-4.043375720443861399e-01
5.575120319796517121e-01
-2.912308562302409864e+00
1.127465139315232123e-01
-2.308067062200152453e+00
-1.430783866372377755e+00
4.547135976782535671e+00
1.680629391149834229e+00
4.883476050045212347e+00
-1.884827597815347922e+00
4.926441967801297728e-01
2.545784028946682653e+00
-2.316340831729363003e+00
5.342556270585833822e+00
8.077415680338493331e-01
3.793047674088732890e+00
8.966086796834192851e-01
4.458169567964753277e+00
-3.330906520230222156e+00
1.093616132759561044e+00
5.594707835667822593e+00
7.825005677622859368e-01
7.217308474288475217e-02
-5.125664563311278954e+00
