-5.248117844349120098e+00
1.247095839648348914e+00
2.157010962347877259e-01
5.844347675161245093e+00
-1.714583349422314773e-01
-2.418268773568867935e+00
-1.030850565576624911e+00
2.700286287387811512e+00
4.549221204619819936e+00
1.191174879087439686e+00
3.586721628597455247e+00
-4.472432228565935475e+00
1.818461561520106073e+00
-4.234771006620746903e+00
1.260232723481704342e+00
6.215333811336233971e+00
1.389381050178779553e+00
-1.700109244641645256e+00
2.539198630781972277e+00
-2.905032382504097122e+00
-1.885081996177929264e+00
-1.514244216567841583e+00
-4.848251660819504316e+00
1.252112979588801522e+00
2.509332222963401304e-01
-1.248600267957994392e+00
-9.365916780294183952e-02
3.769719642818786021e+00
-2.273728625231053346e+00
-1.285942331382569082e+00
2.008019248048161565e+00
3.000200588624777787e+00
-1.334409192129871080e+00
-2.987605591493936785e+00
-1.001727443766560199e+00
-1.736630735484143040e+00
5.312201019674947844e+00
-3.102541991513069197e-01
1.688798076091094114e+00
-7.442393143726970806e-01
-1.605282077998716250e+00
4.716492767669269170e+00
4.965974190199222704e+00
-1.334103017521348189e+00
-2.036861118697751438e-01
-3.965095153582280929e-01
3.022709383362916502e-01
5.744212981987586453e+00
2.319305165115006062e+00
3.792684840966387583e+00
5.031028086640190189e-01
3.780853470354116563e+00
3.215055307470919388e+00
-1.486105857110464612e+00
-3.100419297103348959e-01
1.189912915327750564e+00
2.066642086206857964e+00
4.430446740360771685e+00
4.715272893811888189e+00
-5.691409609419735283e+00
-3.839487481953211656e+00
1.808654495200280543e+00
1.633787145576475863e+00
4.609154555828085531e-01
4.140815414394283245e-01
2.154758913744653004e+00
4.093039398591023392e+00
-5.704460044842146083e+00
-1.061782140337060643e+00
4.193120446959765601e+00
6.508146048649512849e+00
-3.725215593499881184e+00
2.220015648537875919e+00
4.187600250356893206e-01
-1.968350450913797234e+00
1.851720401094852475e+00
2.504270476077831376e+00
-6.629766846622714427e-01
3.616044127518283524e+00
-2.003459245453308224e+00
1.539935275397749548e+00
-2.585440307481126077e+00
3.584435060249316241e+00
2.691364893376150036e+00
-3.677942932112244989e+00
-3.034079249489398666e+00
4.083974097545374882e+00
-5.133845500530211936e+00
4.303071470537950916e+00
2.879494213257304036e+00
-4.031658457501565707e-01
2.000497687953657788e+00
3.619672376448809459e+00
-7.082682138880682210e+00
-6.184543250995431229e+00
2.166021532964231167e+00
1.996040941260313506e+00
3.720349843914666499e-02
4.330970060664991905e+00
-1.014694440203717463e+00
-2.971411621898427668e+00
-4.630912140830193424e-01
-8.541773538041963487e-01
1.596544151547267587e+00
-4.554687521498294700e+00
5.786486074507098287e+00
-2.952514047763301619e+00
1.267102297549789203e-01
3.244893505825863222e+00
2.865863104796439464e-01
-2.148156781679195770e-01
-6.271111574386175391e+00
3.732585095056697000e+00
-1.902612270250325199e+00
-3.252513278184705925e+00
-5.435743741431878773e-01
-2.765982583553180607e+00
8.942386046602848193e-01
-8.281804995708133887e+00
-7.764470693939042434e+00
-8.012922566520148671e-01
2.840679587758963009e+00
6.127782556010103576e+00
-2.088689368227366838e+00
4.847302151986201957e-02
-6.576967073065238978e+00
9.781958834037332018e-01
-3.237559590092052186e+00
4.076438293432310012e+00
1.221927448629328783e+00
5.054923594511908647e+00
-1.427107721253624284e+00
5.866118607775234750e-01
4.812323038976340506e-01
-2.708142194528958324e+00
-1.499769489438463443e+00
-5.064252095245803886e+00
-1.227936051218195546e-01
3.757514227768670612e+00
5.675098253699090378e+00
-1.976428981314311883e+00
-5.844349897462575161e-03
-6.253394928364267358e+00
2.656936639885119078e+00
-7.612740834117229127e+00
1.431051095932132311e+00
4.784981300469965393e-01
-8.686197798411847693e-01
-2.737747677640077759e-01
-3.100142259294731417e-01
9.071447783183534952e-01
-5.541944291445421999e-01
-1.055432213858984003e+00
2.176154412094127188e+00
-5.987720730414103354e-01
2.104823095407030387e+00
3.388417789437969674e+00
6.286044039432940878e-01
1.677024770418566457e-01
3.465669523106769123e+00
1.644680538195665065e+00
1.534389802771553901e+00
4.620339079016309469e+00
1.132794871412969862e+00
-6.437034396403961134e-01
2.570420297960101852e+00
3.255991380995218343e+00
5.620349865054859784e+00
3.467290269203527231e+00
-2.704785588963701137e+00
-2.198137927016135418e+00
-1.017623722230222683e+00
-1.838482470292377657e+00
3.750994347964795583e+00
1.798689660934766898e+00
-3.700655668059861458e+00
1.742612681192805324e+00
4.031551423969526038e-01
3.983235559941793014e+00
-1.304407570950566253e+00
-5.200841344942386257e+00
-2.191566961837517091e+00
4.555841748321891593e+00
9.210542351938739714e-01
2.907337548694116869e+00
3.751725593128070191e-01
4.100980821170717938e+00
2.756465821511341119e+00
-4.686024438297441641e+00
-4.132105171754372197e-01
8.959828250629375823e-02
1.668799711837213540e+00
-2.196755902324309950e+00
-6.080396789096482735e+00
-5.400253482823422324e+00
6.153865425526074961e-01
-1.074997600505405826e+00
-3.964316494682595504e+00
3.879861957290454022e+00
1.966371835071820950e-01
6.778723783459412733e-01
9.474367727024889385e-01
2.834741580932779392e+00
-4.129110069461158217e-01
-2.860277597369777602e+00
6.791638085585347540e-01
-1.616759660761814432e+00
4.101935471682073953e+00
-6.007684953894640856e-01
1.930395970650556459e+00
-8.107854830992602402e-01
3.408333591848223404e-02
-2.526412255971091092e+00
2.767958977792736697e+00
-5.231617801116906108e+00
2.077336403252813213e+00
-8.281317589767169807e+00
-2.634792034839626762e+00
-3.909207371456483227e+00
3.775832793541422205e+00
-3.866492704412667347e+00
-5.396143681063334085e+00
3.325576752502273248e+00
1.017296515453402606e+00
-2.530921227215941816e+00
-8.060869606418611610e+00
-1.290386701401461167e+00
-6.385883565198809120e-02
-1.556231714185521087e+00
4.028389834455020413e+00
4.323449846862194690e+00
-2.612448650357099833e+00
2.923309999344655186e+00
-3.317824220126057710e+00
-2.390504651606485176e+00
-4.693490098832665325e+00
-3.863372039042488382e+00
6.929041925118596623e+00
-3.118767663931626188e+00
5.606422134249823275e-01
-7.421578911982883220e+00
1.456746516710063943e+00
1.446565328646803206e+00
-9.789010212542679223e-01
9.131841262986720720e-01
-1.016043743783058950e+00
-1.249252926288247911e+00
4.824848718770936351e+00
1.985469631663081991e+00
3.216434795044635475e+00
-1.658329984070409324e+00
-4.209396874349236595e-01
4.332424698908372562e+00
2.564061466260081357e+00
6.117803170446524774e+00
1.850891690372125309e+00
2.107321457540632714e+00
1.763627277467583410e+00
3.965216320973073749e+00
-1.620738594291646573e+00
7.015043573914325759e-01
4.854476056145217377e+00
1.291658175321163560e+00
5.480907864891760184e+00
-3.269282458677167824e+00
