6.348313637176671298e-01
1.174861829758664378e+00
-4.408251789797231979e+00
4.966303815807398436e+00
-1.263635580460332974e+00
1.060075571852910459e+00
1.159875696484423679e+00
2.221716286139294727e+00
-1.296996146168596820e+00
6.898122803665602820e-01
4.751086735502743075e+00
-7.656666194345937093e+00
-3.657318730563332565e+00
-1.862617193837807328e+00
-4.953890695628375695e-01
1.603001606448741789e+00
-6.108529417020419627e-02
1.165335810415387252e+00
-4.905966538234937668e-01
-2.306941754093443375e+00
2.363575716104716395e+00
2.005184574348133353e-01
1.168567904643042610e+00
-3.656339342568124984e+00
-1.612815359142788507e-01
2.935382571655445805e+00
-2.632996036615902202e+00
-8.571455389518147783e-01
2.014288602079021828e+00
5.230195649917894762e+00
-1.050017680177344870e+00
-4.603755051320914671e-01
2.060100562529474377e+00
-1.492714251109938051e+00
4.290574924514538591e-01
2.069335476378264094e+00
-2.238145881771346879e+00
-5.889030211123742475e+00
-1.854869622801230467e+00
-3.376247725925959120e+00
-2.471032392609380679e+00
-2.122559678697791830e-01
1.401357731023713526e+00
-5.236967564279561671e+00
5.444257674312303230e+00
3.494431932464105550e+00
1.166704339733226625e-01
3.057211416582818586e+00
1.232785950002673436e+00
-2.427912590117511815e+00
-6.135707935286798254e-01
-1.735560894937887122e+00
6.227071782374073994e-01
2.233267671161691226e+00
1.039769769568267943e+00
-4.928157264786546143e+00
-3.553163655607167182e-01
-2.413851408613974847e+00
-3.749977637236160177e+00
3.989985419144965739e+00
-6.951891959500118290e-01
4.996697782424364687e-01
-7.062166550234603157e-01
-4.612889199856761380e+00
-5.354616023872362796e+00
-3.562770463570380297e+00
3.804937550720594697e+00
-1.099561103707227039e+00
1.900937687706280244e+00
8.624492134902614904e-01
6.173518952078573818e+00
2.400590706451513956e+00
5.225336464850538043e+00
1.293790636303616237e+00
-1.807177573863261166e-02
-3.759238822410537750e-01
1.407438409850485517e+00
1.747075134965898613e+00
-6.766663912257374625e-01
-2.959861271914910663e+00
-3.161541584645203962e+00
9.299658405120844185e-01
5.180088769055717357e-01
-2.956067787935510616e+00
-1.233388527334507767e+00
3.017838015004914443e+00
-3.106060059257345074e+00
5.862076575029633752e+00
-1.479671024297445348e-01
1.099841516674902708e+00
-2.524343690216197533e+00
2.042392148848203970e+00
-2.827334535527853632e+00
-2.933440019809131272e+00
-2.023423658531815494e+00
-1.313356181525614730e+00
-5.228700064578780449e+00
4.921577146761714205e-01
-2.732715474941255884e+00
1.848995408469217505e+00
-2.959997253978635001e+00
2.996587550652442644e+00
8.297135577250136507e-02
1.242517302837565230e-01
-2.706840112433044343e-01
-2.854535128291921797e-01
-2.155372987353616931e+00
-1.898158101590621705e+00
2.863236768720276437e-01
-3.122477007226494017e-01
-3.677150240527760766e-02
1.993734403316586024e+00
1.780781590593351504e+00
-7.862318661376817008e-01
-3.811411602281386202e+00
-7.822941936971696819e-01
1.927733518216192099e+00
3.781375784737444068e+00
-5.799329585948153065e-01
-2.453995860073252100e+00
-2.142232688082827075e+00
-9.821802658547614806e-01
-2.811005290462668338e+00
5.510599377989093384e+00
-3.110515812806267988e+00
6.809365947253617213e-01
6.829086725348283426e-01
2.873930296866263223e+00
4.672656455482483651e+00
1.785058982635543412e+00
1.679605893783048032e+00
-1.997254472110666423e+00
3.287933639612885539e+00
9.970361173670209132e-01
-4.435075468044751723e+00
6.252549864684163738e-01
-1.274698584050180106e-01
3.066989982127377612e+00
1.837333897908020930e+00
1.670713967087781970e+00
-1.272477957872092169e+00
-2.637206219877084923e+00
1.082644346019765225e+00
-1.395108862213528811e+00
8.208416881176342494e-01
2.947835386634890753e+00
-1.146451752956597625e+00
-2.161080187212255588e+00
2.324192841319155711e+00
1.320340245886400643e+00
3.432296681903058699e-01
1.473595089156339633e+00
-1.861339487123615299e+00
3.429049112248844233e-01
-4.238029872278688437e+00
3.068899723088976739e+00
1.359295679715464722e+00
-1.856387326188461806e+00
2.038356600031951960e+00
-1.998184541646048862e+00
1.114062331396660888e+00
3.216637243115628708e-01
-1.578269577613995889e+00
-1.527064800692892466e-01
-6.507437965218269005e-01
-1.423497847317958698e+00
-4.106230639344547129e+00
-4.738974505824073424e-01
-2.355619054959372960e+00
5.019290617676991362e-01
2.966140343849839489e+00
6.332686064133199455e-01
-2.200122569832942965e+00
3.444856241833306187e-01
2.256950029950534731e+00
4.625712726812880149e+00
-1.879427762871629382e+00
2.800264491558955293e-01
7.289520546124692579e-01
2.159954345328205516e+00
3.951109128015799943e+00
2.496556180010225390e+00
-1.628841239994177625e+00
-3.317834427477785564e+00
-2.113093276629486539e+00
-2.798199391503008560e+00
3.198862480369883077e+00
-1.435554557067458825e+00
-6.518331605975563603e-01
3.441631296994579481e-01
3.891033194736302825e+00
-4.472202702641252525e-01
3.004780960874605444e+00
1.992226832636962985e+00
-3.273006664918361341e+00
-4.667336684929836998e+00
-2.957283147841781812e+00
2.247502762545355193e+00
-1.680384831249476685e+00
-3.049865386747115714e+00
-2.455137614783664546e+00
3.109867498090565618e+00
4.258675362680833132e+00
3.715906795045029298e+00
1.350809991054018999e+00
-2.220114701002557922e+00
-7.965032954421076283e-01
2.122450806725862726e+00
1.938292269034044280e-01
-1.270606725880737420e+00
-6.177239517372009603e-01
-1.184908005556048138e+00
-6.899198634064427349e-01
5.631289912874819059e+00
3.351792891030147548e+00
-6.114720245838256574e-02
-1.225403040002145838e+00
7.054218583435357681e-01
4.510727040607172000e+00
6.359498649002931714e+00
-2.651579199320781566e+00
-6.169821052589898880e-01
3.532059799751929852e+00
2.982204044484555006e+00
-3.737431216414067947e+00
-7.701034540101645565e-01
1.852832374599645116e+00
-2.076023870193184795e+00
2.348138579371370493e+00
1.394494061789882222e+00
-1.733238183489324236e+00
-4.088227307204078897e+00
-1.021537128974628894e-01
-4.279284945388837080e+00
2.915966248837084329e+00
-8.094451571191169093e-02
3.481115917978745422e+00
1.399078327878882311e+00
4.135802357792263351e+00
3.505601847956651973e+00
-3.431365216545081864e+00
4.303801448476487934e+00
2.626598314551792157e+00
5.603993153044815934e+00
-1.444642018987322141e+00
-4.031839008055410067e-01
-3.636484852803902323e-01
-1.717733777895361635e-01
4.383171148229743075e-01
-9.466459881651929642e-01
1.248654671913675296e+00
-5.329614036969137381e+00
2.188767902768278817e-01
1.903242009273648616e+00
1.270936551779017876e+00
-5.524303288965347392e+00
4.667702031947272623e+00
-2.629291934692188804e+00
1.898038355869843818e-01
-3.525659861623041902e+00
3.296114482393080802e+00
-3.661209463117774732e+00
1.966677252647947238e+00
-4.407357094141379328e+00
6.850941132634114084e-01
