1.738124887514429728e+00
-6.153790761270852450e+00
5.493307309216612921e+00
2.348026493349737454e+00
6.287977746041394367e-01
4.219272094719185295e-01
4.608304944368080136e-02
9.196419504487278740e-01
-2.337097499518149935e+00
1.531047777489538575e+00
-2.539623968290942280e+00
-3.834729000321887682e+00
6.305638302113023563e+00
3.751914959067726318e+00
-3.822173738977058033e+00
-5.134150383708839804e+00
-6.904002591276066081e-01
-4.823794653384188003e+00
5.112195364614644078e+00
2.726669196459825528e-01
4.012089453938960659e-02
8.836710244727733254e+00
-5.595867157548179982e+00
-8.671657769303713792e+00
-1.408916526925132029e+00
-5.023865236380975929e+00
2.510079182244342455e+00
-2.586076581436101307e+00
-6.635867493387739291e-01
-2.738350915982047384e-01
-5.740177124347604298e+00
7.120998873588699762e-01
-7.913800421054961731e-01
-2.929324542855611835e+00
1.332888140020553003e+00
4.386327207457791921e+00
-7.698455976503433273e-01
4.304664506831049842e+00
-4.851449289715517921e+00
5.119867608322649311e+00
-1.346363733014102948e+00
-8.995836536726116606e+00
2.941224958146438251e+00
-1.463148277181267609e-01
7.276866427592830533e+00
5.318923649673330090e+00
-7.091835196149465226e-01
3.048327048237217340e+00
2.200543868570404848e-01
-1.664387895039430187e+00
-3.913844013175857395e+00
4.138102904536686832e-01
2.166580713533688751e+00
-2.184989265654940560e+00
4.045873142041699344e-01
-2.106791868195214690e+00
4.562121393904707389e+00
5.757665711889964122e+00
-7.997388782021318532e-01
6.508995075515824347e-01
-3.081225798142585681e+00
1.122752397624160459e+01
7.051258086054833285e+00
6.483762007255108983e+00
2.291732105712640521e-02
2.587501025250682485e+00
2.610367208850559173e+00
-5.032428330753411672e+00
6.183014251353541546e+00
-1.274988550303624901e+00
2.296893000971227394e+00
1.223872683390350380e+00
-1.603463102797212381e+00
1.607193235540255172e-01
-4.273852323364541128e+00
6.028370247535340676e-01
-3.135022015412145979e+00
5.118443053115737662e-01
-4.146936898849187259e+00
7.352679137041762125e-01
6.520109843451508347e+00
1.702102000958899630e+00
-1.904129787973567023e+00
4.056711461972186683e+00
3.234411959286819904e+00
1.052567823573953509e+00
4.518796465570235732e+00
-3.369462761291197150e+00
1.142474937536010593e+01
1.991377724217692657e+00
1.295165347134162204e+00
-6.312203744504106817e-01
-1.641792438501413764e+00
2.237310805989857876e+00
-2.593952812767875926e+00
4.753678093339485322e+00
-9.602489570442475753e+00
-8.307091367192342091e+00
1.121671699880769202e+00
-2.723610743531064138e-01
1.123958727265135016e+00
5.157157665891848985e+00
1.254477741297420623e+00
-5.625600149500999958e-01
1.048984269366287192e+00
-3.122606087321894819e+00
6.888281361041083350e+00
-9.248346137563323577e-02
3.741716310224120434e+00
2.128873846254066837e+00
9.723607297879539146e+00
4.753959685822694015e-01
-2.312171058047379102e+00
-2.044965502196856910e+00
-1.231546613498041509e+01
-1.028327391078380515e+01
-1.493840476115335658e-01
-7.791535775652436158e-02
5.660789375699947001e+00
3.892757601758104702e+00
1.059015840165956401e+00
-1.120734807723217541e+00
6.454043680031824159e+00
8.323569519300770825e-01
5.583165983563559642e+00
-2.743838573836249406e+00
4.065451025092494675e+00
-3.883857204251823791e+00
-4.766263543591267471e+00
6.953566718842854044e-01
-2.076574223687410292e+00
2.733480481083254698e+00
1.693687840497495767e+00
-2.702285971677878429e+00
-1.147521275044363964e+00
-5.719115176947227042e+00
-2.069354285283464101e+00
-2.562902427013619366e+00
-4.537979754182992487e+00
6.230970190787288310e+00
-1.009149854320467199e+01
2.508383063095294574e+00
-1.465238642965105420e+00
-9.417690961869030764e-01
-9.272295242356549672e-01
2.882032693322670092e+00
-1.262818437898024193e+01
1.914735202823326876e+00
2.253023383981827443e+00
-5.246714250497566567e+00
4.866919247418062255e+00
1.813242069324136008e+00
3.672043692084936861e+00
3.099157469781490537e-01
-1.744140470518999564e+00
5.885940911778106965e-01
-3.564999353564313189e+00
-1.552305792301584830e+00
-3.305492052086863808e+00
6.584716847507545712e-01
1.859596917175104114e+00
4.999742800979459778e-01
1.308473567209207156e+00
1.952909931213290706e+00
-2.573351224642166368e+00
-1.369851486228089943e+00
-4.137927808748613323e+00
2.295177302133602382e+00
7.726922215421302420e-01
-2.185476470551908079e+00
-5.750374108914524385e-01
-3.928223587970413710e+00
-2.640917184494376180e+00
-5.825726857241904533e+00
1.415285159948179272e+00
-1.040471034768895020e+00
-3.746500129455393235e+00
-3.016321562331069295e+00
-3.966957867988070596e+00
-3.911521253261912801e+00
-5.721917400214007188e+00
-1.462342837523372130e-01
-1.537738916212601614e+00
1.878906088434760369e+00
2.324921275630675410e+00
2.916891607477523962e+00
2.806083744484207387e-01
3.393025663316057705e-01
-2.640035365987817517e+00
-1.949070942860124056e+00
-4.084963032755554835e+00
9.137284591318859839e+00
-3.334973841187957255e+00
-5.266366103210762262e+00
-9.628617733665780776e-01
-9.889272721849668990e-01
2.090820808091603311e+00
-4.245439316197180624e+00
1.181449960550657874e+00
1.398479601945961548e+00
1.647137836551861856e+00
-3.980296238049006452e-01
1.184400665288187104e+00
6.444646045451246863e+00
5.064674140808238967e+00
2.120703592214572830e-01
1.550920352257917800e+00
5.864011393488315349e+00
3.659745145273913813e+00
9.694047866581612993e+00
-6.371335350403392717e+00
-1.063138527799556421e+00
-8.519549384910821699e-01
-8.684007780436069357e-01
-6.992160157270370657e-01
-3.980460830105955417e+00
-8.181534192092410063e-02
-3.208443128138555700e+00
-1.439668828064159634e+00
6.278745943443614363e-01
-4.866956664319136650e+00
5.650001298210028722e+00
6.042898882421837925e+00
2.348617786509198169e+00
-1.839005674265655088e+00
4.770838524066769892e+00
5.506840657746261414e+00
5.093000743795227159e+00
4.758006621562286043e+00
1.448279896345269879e+00
4.060455014202243973e+00
1.188753220412610112e+00
-3.827920449622954080e-01
-7.650235815204302625e+00
-7.463896140393273981e+00
9.742793513532683747e-01
-2.804738429081893969e+00
2.387116813389496439e+00
-2.424982361524051555e+00
-2.050319838883338353e+00
6.240230316812808375e+00
-1.844137363915803407e+00
4.326789427401763199e-01
4.268602484820240406e+00
-1.994616964957758309e-01
1.184778866512291806e+00
-2.264453519374162838e+00
-6.680363155743425096e-01
2.482887145551191388e+00
1.609828848056850337e+00
5.578767432441792629e+00
6.992404921303092102e+00
5.886108994072110967e+00
-3.274143293178806591e+00
3.661613544869629866e+00
4.648338770686909704e+00
9.689878355480849859e-01
-1.532940842006356830e+00
3.391939829519424965e+00
8.206130470501925567e-01
-1.307456505344237296e+00
-8.138199546288085173e-01
-4.544147676281201420e+00
3.430386720566000136e+00
4.739514846488476429e+00
