4.543538577151358671e-01
-4.437981992388470687e+00
4.133914290609456366e+00
2.482350831906889876e+00
-5.526719495880396682e-01
-1.418319509122894617e+00
-1.088349578922289673e+00
1.000324579277231951e+00
-2.081569935534108406e+00
1.620465875283870982e+00
3.766090035529630065e-01
1.891639200269719101e+00
3.470852569912830088e+00
1.922973312419845815e+00
-5.493061131704471300e+00
-6.000692635907433292e+00
-1.893689695382915206e+00
-4.056075456763064579e+00
5.202387813588925880e+00
-1.588691075361110094e+00
3.976634017239371599e-01
4.275306634995541977e+00
-3.813901110625553592e+00
-1.262522567849906885e+01
-2.311533095383642600e+00
-6.749125986105921626e+00
4.703379625945061981e+00
-7.939871767690309667e-01
-4.373843537306207452e+00
8.776363428288413981e-01
-5.199997719330954560e+00
-1.419645160673976836e+00
-7.665091836742733422e-01
-3.662585863256838881e+00
3.976415204871663889e-02
2.893553082803084653e+00
2.909457281726125721e+00
5.126976767758502085e+00
-3.234287997993422259e+00
4.453639853616884636e+00
3.135880584365284274e-01
-7.515738971771416921e+00
1.662155476451859570e+00
2.936259508852893330e+00
6.296212363730705697e+00
2.585565665510597633e+00
-1.534646435524340768e+00
5.949971142688315062e+00
-1.017178688448189483e+00
-1.801870529988363945e+00
-5.274044522452395078e+00
1.002437343056021390e+00
3.823304627373185660e+00
-1.434121415860672322e+00
-1.605612639768940197e-01
-3.075178831239093746e+00
5.580795303440599930e+00
-1.744472419095421389e-01
2.002359018866878060e+00
-1.351535506160257416e+00
-3.518610374329712354e+00
1.088989410876977182e+01
4.901524191444488920e+00
8.039878436452692512e+00
-3.089667569853372875e+00
3.957262042760603560e+00
4.751501835828331188e+00
-7.913540027121316101e+00
9.429981347607528264e+00
4.148626655212001024e-01
2.771685181023331168e+00
1.738586460773732911e+00
-1.806578519053926080e+00
1.531707120031522429e+00
-7.815147974515295637e+00
1.485946294050747518e+00
-4.231015387795441285e+00
1.188849360624680829e+00
-3.095585374229001818e+00
3.295382422754730145e-01
6.067809117687594345e+00
2.288851300428973001e+00
-2.654107469336227432e+00
7.989232746050941358e+00
-1.763172627907540813e+00
3.546948171994591115e-01
-8.086895358940267009e-01
-3.502548349147553974e+00
8.648471818722985205e+00
4.912237652813582933e+00
4.664129199657306435e-01
1.317524853335653168e+00
-4.022852753985748375e-01
6.622134154474073497e+00
-7.915512991642110752e-01
4.621202555817732538e+00
-8.395750091076953581e+00
-5.494687562838795891e+00
-3.305907280315265595e-01
-4.993015164081935353e+00
9.927254131377055701e-01
6.972220751077081502e+00
1.607402335557528872e+00
-2.803411064649471207e+00
-1.075429838456771758e+00
-4.920723052302517497e-01
8.223374753818934124e+00
9.587207933269666915e-01
-1.565758672855049882e-03
-3.215068585624790476e+00
9.976920929656785120e+00
4.437781364770348458e-01
-2.677898459792447561e+00
-2.626909109138155785e+00
-9.408233085163223208e+00
-9.313017641546675662e+00
1.758912222914067680e+00
3.964676460612512887e-01
5.685820339883820296e+00
2.721788275471258345e+00
8.371808119103812951e-01
-3.356940260187079250e+00
5.067209205898508095e+00
-1.373282211251212415e+00
4.274179551560697732e+00
1.008411486300868631e+00
1.627724081576363169e+00
-3.400027992685244804e+00
-2.770878244050742900e+00
1.188297926246727920e+00
-9.904407855880235922e-02
-5.113448700491918242e-01
2.607852137184017316e+00
-1.154404477094026493e+00
-3.129448252101644901e+00
-5.636422796144466396e+00
-3.725347329615178893e+00
1.148962540713702074e+00
-2.158039978041332407e+00
4.723144340473234948e+00
-8.975130302410127214e+00
2.779771274876213560e+00
3.147518799738653339e-01
1.148787320031534165e+00
-1.185075568492295339e+00
-1.910829765161966565e-01
-1.606635466235978171e+01
4.581661425964170142e+00
1.817405352301778132e+00
-5.294586479755779784e+00
2.854709637488621610e+00
-2.176833423569605852e+00
6.279543705810634258e+00
2.612054703974758807e-01
-4.134206678889047470e-01
1.627677027119443398e+00
-5.605343025076544805e+00
-1.255274528679729551e+00
5.193156551159400225e-01
4.661346758164981452e+00
5.957655024754968665e-01
2.129464358095584320e+00
1.038710502169754246e+00
-1.371693889750104312e+00
-6.017605522762144332e+00
9.743926755074689972e-01
-6.277106541492436520e+00
5.786983330176472151e+00
1.028750135496975027e+00
-1.562543977365883352e-01
-1.285048558684233733e+00
-8.680493834867235137e+00
-4.603857405309875972e+00
-2.956026876481105070e+00
-2.841932069373032110e-02
-2.639140527606601783e+00
-5.316166691308659153e+00
-4.054020852867079583e+00
-5.087113760876272650e+00
-5.193031979239924212e+00
-5.436179259006141962e+00
-1.087023314147761877e+00
1.290820412237858594e-01
1.119868776259434595e+00
1.132472108853387560e+00
3.919027834660919307e+00
-2.100992009087628842e-01
1.614447001536569726e+00
-4.358919567112550908e+00
-4.528998153362953971e+00
-5.146674545064167106e+00
7.005386066016582092e+00
-6.617317359458159132e-01
-8.408612781573591377e+00
-2.386424337479035596e-01
-2.170593697806120215e+00
3.943851997238140505e+00
-9.300358870837362346e+00
5.082288945546243886e-01
2.398875395823329537e+00
1.774648224882143577e+00
3.021025047900283589e+00
2.895065051514613130e-01
5.052157539696903399e+00
2.270601117947087744e+00
-2.266578934156842362e-01
-1.516545332347797537e+00
4.830742414785534677e+00
6.830381155135078153e+00
1.443491426660713373e+01
-4.821954378055083090e+00
-2.239789242305985528e+00
-1.912497742176572757e+00
-3.613805756978378803e+00
-7.166129674029937391e+00
-4.990238452345351128e+00
1.005723375990759116e+00
-2.991894849417112923e+00
-2.169465191645801205e+00
-1.957452588900593149e+00
-7.132141934819392404e+00
6.844569794293383858e+00
5.073005179836592937e+00
1.170835757923584852e+00
-1.057685267532965767e+00
2.767740573224256817e+00
3.625380636085693276e+00
4.778457717855378206e+00
2.950772644865582439e+00
4.577426677139894373e+00
4.854195788070132522e+00
1.450527562723824770e+00
2.598271760264974528e+00
-6.961018677991283710e+00
-8.823621365598613764e+00
-2.488532346165480913e+00
-3.460188882568523194e+00
1.589824157117719405e+00
-3.447781395450876918e+00
-3.778817390891478833e+00
5.748706398919794403e+00
-2.890198753653609121e+00
4.281460009710885140e-01
2.143513554585060543e+00
-1.529167302954898666e+00
2.574595942624480660e+00
-3.495280848474830560e+00
1.735197403211900857e+00
5.405146240890260856e+00
-1.054003614525353516e+00
4.629925301401300430e+00
8.961613477112100767e+00
7.522453476695535990e+00
-7.636639532662379715e+00
-1.611919676981560523e-01
1.543013368585271605e+00
-7.797978741306423878e-01
-2.140799558706961037e+00
2.914737684279034013e+00
-2.815609215009182154e-01
2.105082377492421220e+00
6.616045826227738846e-01
-4.169250228593297081e+00
7.314309696846526876e+00
8.651041579308568430e+00
