-1.890494110035270348e+00
3.874528040582132071e+00
3.411669262060335051e+00
2.117775543695413987e+00
-3.408143305571677661e+00
-1.630638329577315249e+00
-3.002443573126631460e+00
1.262679709619801249e+00
-2.903605324793924858e+00
1.307275264042799534e-01
-1.299143107488925697e+00
3.250142787025779079e+00
-2.851086799150179818e-01
1.313164620429390306e+00
3.959100278150914587e+00
1.362748846853968132e+00
3.911768330462296994e+00
4.177336147638935238e+00
2.856542918759184424e+00
2.924339942714374807e+00
-5.617977175487069097e+00
1.741705337190049940e+00
-2.661096105322618754e+00
-3.885263060309415373e+00
-4.131086893268416382e+00
5.916233721686544378e+00
7.137071019376920233e+00
-3.620317597526386599e+00
-1.470158722948131880e+00
3.727759639900526167e+00
-5.707492296559303568e+00
1.043160328024399952e+00
-8.678778165922561572e-01
1.916332559946005265e+00
-3.686020276916411653e+00
-5.425744347971331871e-01
2.175873135002215797e+00
-4.691593619324448738e+00
3.822826989465949454e-01
2.149642031484910731e+00
-3.574970449513807491e+00
-2.024973256307336378e+00
6.351562609537663384e+00
-7.069425319683229070e+00
-1.402387254942793593e+00
-3.252221080324601665e+00
1.748485318744665173e+00
8.645724212040440948e-01
-7.032913676192633634e-01
-1.262553428200211325e+00
2.374063367391708645e+00
-2.680133472085125312e+00
7.526795876613846303e+00
1.328404409939442310e+00
-1.722207893046772575e+00
1.230922465660691412e+00
1.903359935748228260e+00
-2.334218908959473371e-01
-6.249393553652399902e+00
2.172415749922179007e+00
5.451458410413410505e+00
7.641319657206443461e-01
1.850671896023426299e+00
1.611871394535916435e+00
5.109410177423459487e+00
-4.661327233283619975e+00
-3.043247868045813043e+00
9.156100615714088953e-01
2.232673596937500837e-01
7.476770513534498619e-01
4.709409775148418298e+00
2.919201646406441419e+00
6.803823313296359920e-01
9.106265521627057158e-01
-1.492539732798207286e+00
-2.110555529357444726e+00
1.220349783851555348e-01
-2.432870191439496566e+00
-1.092996148003510637e+00
-1.691262088839798894e-01
3.805469183826525104e+00
-3.082602694648311381e+00
2.022803089435995183e+00
-2.379745157933625510e+00
-5.827754188690545512e+00
-1.182317804119204618e+00
7.304019449605680947e+00
4.111160981181206653e-01
2.297108485193602168e-01
-1.858341380219960870e+00
2.445929048189390720e+00
1.976924177002631122e+00
3.815710229151514810e+00
1.254597009930105145e+00
1.151069504461433635e+00
-2.827603176591447554e+00
5.066798729039161842e+00
-2.355514645988065592e+00
2.148857102009858355e+00
-2.251121324560163561e+00
6.362441667585171601e+00
-7.413045578710931727e-01
2.210346909291431405e+00
-1.334687752036529451e+00
2.476891524293139968e-01
-4.461707789131762247e+00
2.423071004416216923e+00
1.512700204118460068e+00
1.959021017469030346e+00
-5.015320504390291312e+00
-3.304541071208350722e+00
-7.208505597471623894e-01
2.789352861980240128e+00
-8.016836556203045916e+00
3.489065891425451316e-01
-1.747827347391277764e+00
9.097895420416173273e-01
5.799299793465404029e+00
-5.109362826307780381e+00
-2.124319640497368322e+00
-4.865855604389917044e-01
-3.221750897173604744e-01
5.419912251143027548e-01
-1.023999931205808567e+00
-9.273055274619403932e-01
3.864763739062817116e+00
5.095135751638500965e-01
-1.563061677001582606e+00
1.307518556811013255e+00
-1.757467873734025909e+00
-6.971015026215924948e+00
3.070693176912034694e+00
9.391815381729468060e-01
1.434138197969214712e+00
-5.814693109724157483e-02
2.006904800188922700e+00
-5.071865050492408322e+00
-1.073313080635322825e+00
4.293747145657473396e+00
-5.461887559691171568e+00
-1.290730794095080736e+00
-1.925979494854245910e+00
3.376138680184925356e+00
3.069265537713529390e+00
2.345823650200374200e+00
-3.537094294232575042e-01
2.945906610306791018e-01
2.258770906877157536e+00
1.918180737978640860e+00
2.041981946249143309e+00
4.297537711985913056e+00
-1.152146784530352575e+00
-5.357970363642198919e+00
-9.339374128679273079e-02
-2.812999208425466691e+00
3.510651518819871142e-01
9.690673426292905068e-01
1.165580566185420830e+00
3.737406149267748834e+00
3.784171981383171346e+00
-2.595484038891310852e-01
-1.130412853284408436e+00
4.989660676398022798e-01
1.192402790259270651e+00
4.569793022117139003e+00
1.321540338103409651e-01
4.277026234444678998e+00
-1.995437689016342553e+00
1.210372117739076048e+00
2.439228764872453770e+00
-4.897966169956216032e-01
2.215227015935965493e+00
7.069121293534039729e-01
3.302675478039875490e+00
3.449674777232855760e+00
2.894101119753727858e+00
8.799274735199827946e-01
4.722192377684367059e+00
2.297955762963258541e-01
-1.857925262672697753e-01
-3.787624308642747017e+00
-5.866933998766363234e-02
-1.957884496473041747e+00
-8.972089328094700056e-01
-1.644548028116601834e+00
-2.889352766789658133e+00
-1.551922705310230022e+00
1.281768390933509805e+00
-7.466555549308171447e-01
-6.217022123496173336e+00
2.186611179524728499e+00
-4.330361865755234518e-01
3.554611711913752137e-01
-1.013761449931169345e+00
-4.188179065224936437e+00
-2.584350558570326584e+00
-8.660997043437141940e-01
-1.412479857484273404e+00
-4.079484461123105810e+00
2.880799063928431103e+00
-2.108425878463582870e-01
5.136757568148267339e+00
-1.999698567652175241e+00
3.026115324912481253e+00
-1.393622772170430402e+00
1.157137744882604513e-01
-6.207528817309699853e-01
2.453841596840216910e-01
3.631316818295293736e+00
6.696024230818999889e+00
-5.867763521810304139e-01
-3.692890706156100045e+00
3.704313791706087322e+00
1.811572534485453856e+00
2.124190443895480396e+00
-8.349800308261530191e-01
-4.104205238004938749e+00
-2.746754477443819287e+00
2.902837913712627005e-01
-5.197267117818449300e+00
-7.338535716663214803e-01
-3.818348930466700097e-01
4.974727684151913465e+00
-8.891082721909095987e-01
1.331077222011849415e+00
-4.886757364723298025e+00
-4.181431713308832343e+00
-3.122313451173120313e+00
3.401666318338308681e+00
5.374339261877832286e+00
-1.449986432861428254e+00
-6.501961023584858168e+00
-4.387992822668773663e+00
3.428785266575195223e+00
-3.660876246873823625e+00
-1.896526555172180162e+00
3.080612547851484084e+00
-6.302067116113088119e+00
9.612808020919262342e-01
-3.237702087236360882e+00
-6.023834931818913496e+00
-4.259392834434541975e+00
-2.880686090927672360e+00
-3.516733173430433901e+00
-4.451036991323455538e+00
-2.426070457816972947e+00
6.916881710695080621e+00
-2.635193358484185566e+00
9.882829210016128130e+00
1.464525952350838933e+00
-1.773940697552405910e+00
-1.385653848196810811e+00
2.958742372420998912e+00
3.050327181870220450e+00
-3.753450165628327007e+00
6.147289582361696425e+00
7.726586339133885595e+00
2.371431060851035166e+00
8.064598211529863114e-01
-1.482578113000425635e+00
-4.025620793477195924e-01
-2.822781376588950675e+00
1.758721837719415537e-01
1.996109783866797605e+00
2.703878643811227001e+00
