2.029984507089387602e+00
-5.521253880789285695e+00
4.697539464383886809e+00
1.113062983537815853e+00
5.985025772191503446e-01
6.171767762945964408e-01
2.252506661262526078e-01
1.581209692672049139e+00
-1.532408524661046823e+00
8.470467132265739885e-01
-2.181635855112852074e+00
-6.410129364436096822e-01
5.780405635001009124e+00
4.002982549831522796e+00
-4.950112254741551254e+00
-6.804466589432013990e+00
-1.173571604181778749e+00
-4.657951483686997740e+00
5.950902978045294667e+00
7.122981700449673159e-01
7.998174073356759672e-01
8.075977676903429270e+00
-5.838850680156431494e+00
-8.312954792585433239e+00
-1.720498961485729783e+00
-6.828914057264120707e+00
3.764841229857571303e+00
-2.136463760860900951e+00
-1.400649915454588834e+00
-1.925006112893480337e-01
-6.550536350306020772e+00
-8.036332519547270126e-01
-8.381473853414699304e-01
-2.426101817505397662e+00
4.844461821844205374e-01
4.899743654160945816e+00
1.245923369532363045e+00
4.311463614171048064e+00
-5.739481536393202354e+00
5.063898039666241857e+00
-1.348670647658961386e+00
-1.056762249939091269e+01
2.949893934569115306e+00
5.488085523031389634e-01
6.327834702516806686e+00
4.415840741579915019e+00
9.426570677251691066e-01
2.709883438390130461e+00
1.339625470529578477e+00
-4.262217261652839206e-01
-5.006283397333291418e+00
2.318404048553644792e+00
2.131542643409210847e+00
-2.985909579098940725e+00
1.466972512314156596e+00
-2.324652117201969848e+00
2.270909626796245639e+00
4.675826716332363020e+00
-2.465332508110947174e+00
-4.784116294136040448e-01
-2.393741403097581433e+00
1.121567603569140736e+01
9.250742500798295964e+00
5.317117909567634193e+00
-8.844384069716171304e-01
3.292254001669925323e+00
2.191594135642699115e+00
-6.241764647581356407e+00
7.413360828210403319e+00
-7.584774932572624362e-01
4.459165744474876902e+00
6.941015090292846912e-01
-1.362130114662747804e+00
1.630553036442433434e+00
-3.775412194883931871e+00
6.813403965417604846e-01
-2.383154849274208509e+00
2.072990123649105954e+00
-3.833412889013790181e+00
3.179353559092873427e-02
8.322420979530608776e+00
1.587216549604343996e+00
-2.261999908943146842e+00
4.270587322728235158e+00
1.101254346158051067e+00
1.024779260278740334e-01
3.964465688435943935e+00
-3.905215799832635337e+00
1.085864776261456299e+01
1.756332481456368999e+00
2.935056663830850621e+00
-2.328595673777461295e-01
-1.009317927035427775e+00
3.435519346297900789e+00
-4.010460430656028308e+00
5.827004572720935194e+00
-8.472654890084861279e+00
-9.548241972043438608e+00
8.413938362458825981e-01
-1.657718024513271660e-01
6.783376160677672129e-01
4.020264419098817932e+00
1.141356663847707065e+00
-1.630710492462692951e+00
3.135258866474624484e-01
-3.117742978203254189e+00
7.294671773197381803e+00
4.806987370359727674e-01
2.662574530795166705e+00
3.520742875138759276e-01
8.198394799509514996e+00
2.414555088818783335e-01
-1.202255078382091558e+00
-2.437983130030857204e+00
-1.043759007923921267e+01
-9.892405607146606883e+00
1.132851104513738605e+00
3.809267860358153679e-02
6.494724656253527684e+00
3.157038759407026607e+00
1.875682822604658462e-01
-1.871902789449959137e+00
5.724924769843410921e+00
6.701202955019778251e-01
4.534863993040036512e+00
-1.319367827199878551e+00
3.888068363556029361e+00
-2.576311968005188913e+00
-4.545112524357881156e+00
2.083822764835726815e+00
-1.044573518581498384e+00
2.358421693281160803e+00
1.260904485285857302e+00
-2.392347102710186579e+00
-1.288999730940740607e+00
-5.206439845508797681e+00
-1.297881825286736568e+00
-3.148384029766441827e+00
-4.177373805187656330e+00
6.067331230671160647e+00
-9.789295615775836623e+00
3.263505634814850787e+00
-1.329538907074353293e+00
7.321347352366482930e-01
-1.007768203236106386e+00
1.407665917189541815e+00
-1.180033594079152159e+01
2.388666842523066158e-01
2.601422417792567110e+00
-4.415398259450925345e+00
4.842877665835481515e+00
1.623153160443473686e+00
3.400234810653249173e+00
3.646615441294293047e-01
-6.232047326084038108e-01
1.999445438870580016e+00
-2.095988154819803384e+00
-2.568243336518613695e+00
-2.192535746735590596e+00
1.569328936624396764e-01
1.668558840078564032e+00
-4.819679134273786025e-01
9.242887656891720649e-01
1.574788148085419781e+00
-3.808373483939242021e+00
-1.677315645521077370e+00
-4.677198763378692448e+00
2.930104546980031532e+00
1.635696057949346027e+00
-2.788893970800620625e+00
-1.745930474057281856e+00
-5.468909453032413381e+00
-2.890046725399274319e+00
-5.894893113719377631e+00
1.546472801587074342e+00
-1.777365495173448329e+00
-4.049342619509085139e+00
-1.149785994974350523e+00
-4.434305502851448644e+00
-3.325434099741442662e+00
-5.758687558050120892e+00
-4.599786983843580090e-01
-1.028258694034445808e+00
1.416232781907703409e+00
2.089315077281714395e+00
4.527216299045782044e+00
1.864110471314592843e-01
9.417447914644896390e-01
-1.966917894480771256e+00
-2.394081138094226624e+00
-4.721714140055971676e+00
9.627702428915586808e+00
-3.974808559499998672e+00
-6.708116053909002119e+00
-5.900157050641828826e-01
-1.687670813561368499e+00
2.730694143881115199e+00
-4.654144040078910471e+00
6.351978123059026649e-01
1.403332850093885309e+00
8.768732330844792866e-01
-6.232859576009459612e-01
1.851232517085195761e+00
4.954184842793109667e+00
4.878215345935995373e+00
7.544221003420759075e-01
2.067666075589702501e-02
6.276783040830621552e+00
1.190410256098479946e+00
8.594338865377972425e+00
-6.228651118549842991e+00
-4.991846518243584496e-01
1.757973476856979245e+00
7.044987744228886628e-01
-1.827189702332169263e+00
-4.302040393693564724e+00
-1.171988206082962003e-01
-1.757713642024823830e+00
-2.859926987012166300e-01
1.262380475788389411e+00
-3.099949157708161707e+00
5.738818779635509237e+00
5.349617304382353389e+00
1.694042671792466592e+00
-6.603576177523922119e-01
4.865122585946615175e+00
5.052894580051555451e+00
4.496084022768905619e+00
5.200477702852617234e+00
1.501237772179876639e+00
5.563911780643171490e+00
3.132543200722006649e+00
-2.762751635110423098e-01
-8.071662171529041530e+00
-6.447604197316162633e+00
-6.334546785690844395e-01
-4.208994630393140923e+00
1.944197946290216805e+00
-1.913535193097799958e+00
-1.117786300597400473e+00
8.015931263987909006e+00
-8.822017376765369789e-01
1.064932585564497991e+00
4.197216382892525743e+00
-7.673290172313700364e-01
2.804696557667672785e+00
-2.911618448558417782e+00
2.030408833361527776e-01
2.636723152159111017e+00
2.009816533278920847e+00
5.179555456721718798e+00
6.207363493894392015e+00
5.491248133890066718e+00
-4.880491362239228081e+00
2.953303506014975266e+00
3.903270972328883648e+00
1.136977644184641312e+00
-2.234015783212185191e+00
3.716370406274836835e+00
1.390982968925892127e+00
-1.130241264762891440e+00
-2.269816615280570549e+00
-4.749414338762353083e+00
4.446864533665107366e+00
3.344654931999117231e+00
