2.707952586363121306e+00
-7.728643740875350332e+00
4.050330368747156129e+00
-3.970562466015377101e+00
-4.983647825369924567e-02
-7.089732265571426773e+00
4.410372455686998983e+00
4.677762601705453882e+00
5.042911428244831740e+00
3.856085610521939877e-01
-1.933777477179894788e+00
-8.966332395357497376e+00
4.551948438205189795e+00
-2.364606543624099277e+00
-1.188051159314640781e+00
1.273380704987816525e+00
1.581343457486523718e+00
9.794886582340947001e+00
-7.471367466539886593e-01
-9.491106957331620908e-01
-5.823076562372183629e-01
7.624532787807470235e+00
-1.240055294633229499e+00
-6.369642374554824293e+00
-9.872317727128503861e+00
-1.093998054590406710e+01
-1.786051668456092756e+00
-5.171691845264708043e+00
-5.495208247096898369e+00
1.622479620871810191e+00
6.432723539867029494e+00
-7.298307222516848825e+00
-8.938648974161143013e-01
-1.837029817751423488e+00
-1.671897335473914170e+00
3.363827043742968037e+00
3.490983436894906866e+00
1.059886046724560238e+01
-6.309781841200767794e+00
-9.929725905016162812e+00
-2.108871952117408188e-01
-7.062824361312478594e-01
-3.811266720751740777e+00
1.154236925164348060e+00
1.183569931571652800e+00
4.004430612608322448e+00
-6.117919907061652118e+00
6.409024599902345187e+00
-3.465442463119254413e+00
3.546091224218705040e+00
-1.085885643846415949e+00
-2.559225464449480736e+00
9.193801576512163010e+00
5.459240203572218064e+00
1.206659439093812303e+01
-9.990744738346593046e-01
-3.969292665479091209e+00
-8.349145678095641898e+00
1.912415922133949842e+00
4.631668363139090694e+00
-2.091590620038870085e+00
-3.305091364936433962e+00
2.983184275183176304e+00
-4.625918390863390073e+00
1.188964587166435383e+00
-1.373716789319014531e+00
1.332719306651145796e+00
7.041205524513911129e+00
-3.626333978908624189e+00
3.126342827233416610e+00
-6.318142220521054675e-01
2.928698767199074737e+00
-4.422899638728527094e+00
-2.502714441455938132e+00
7.007895674306454659e+00
-2.958244628091762918e-01
-4.273651865694604091e+00
2.693925378559710815e+00
1.270372074560974784e+00
8.593291927282605824e-01
4.680800977960157816e+00
7.938551211122948814e+00
-8.807437822313066711e-01
1.551022045457846721e+00
5.891707218755655173e-01
3.676510016213823118e+00
-2.212968917147304926e-01
-1.034369078369339867e+01
1.846566423797951773e+00
3.149508250712487190e+00
-3.756942828038379201e+00
2.029836803589060601e+00
-4.501568814657094464e+00
-3.135963497594446814e+00
-1.105921429486354590e+01
-2.723165700339997386e+00
1.390886973436893381e+00
-3.834158147179619558e+00
1.863342303820809454e+00
6.115414879920195723e+00
-1.100020689915658068e+01
-9.309966278251931016e+00
-5.040437437706820623e-01
-4.355118592510444309e+00
3.183830606982402056e+00
-8.119786196556517677e-01
2.148516913677677831e+00
8.419418281482160538e+00
3.554983893378162119e+00
-2.504037805843897679e+00
1.992023894219431490e+00
-2.185667536381568521e+00
-1.310114016862852671e+00
-6.552969281856642958e+00
2.114530954122940010e+00
-7.372452808116475298e-01
-4.208224334492197904e+00
2.493999782775099927e+00
6.897568072167725717e-02
-1.065969257206570830e+01
-4.088402758719819063e-01
2.806757432776971761e+00
4.576960820898037241e+00
1.813456304637242944e+00
-7.427159835722243031e+00
1.225448581257041925e+00
-4.504884818634922183e+00
5.352440017312326326e+00
2.101028984244900144e+00
-7.260956454050880637e+00
-1.123676331366791459e+00
1.207917810182199458e+00
7.828078750916872330e+00
3.420114213182636753e+00
-8.621230176865992689e+00
2.186061012917638546e+00
2.670056337365189325e+00
-6.910117649843744658e+00
-6.200045787808936559e+00
-1.368655381787302838e+00
5.164884185894993429e+00
3.447393013293922781e+00
3.278034647820905256e+00
1.327839222095675398e+00
5.093161477418301608e+00
3.805475088252747717e+00
8.762845146730606771e+00
-2.303736057972780582e+00
4.095355700777857377e-01
8.247546898988094011e-01
4.285684524397285422e+00
-1.098723393095871304e+00
4.212015435816233833e+00
1.801202300393287103e+00
-5.218930131668875205e-01
-9.090139304563296108e+00
-4.970218323382693093e+00
5.184665212189634609e+00
5.070024408051430065e+00
-1.283383395744230437e+00
9.806120214630581700e+00
1.253524864615416767e+01
-1.525741852191119241e+00
2.563251605912373776e+00
2.951981058130500379e+00
-5.534426632202775309e+00
-2.015804798152306176e+00
-8.644172952986906466e+00
-8.618860587951004959e-02
-4.723676900032344861e+00
7.224772974126998371e+00
2.318438700567705624e+00
2.852248422382026583e+00
3.184342925487316123e+00
-2.075528803867641603e+00
4.132977019118792006e-01
-3.766957131162048444e+00
4.494049080676458807e+00
7.936160068893618025e+00
8.038763935462764465e+00
7.472766648420467561e+00
2.611209831053598940e+00
1.496173280101770198e-02
-3.036660283376376057e+00
-8.715504583635791391e-01
4.638475795163559567e+00
1.990129593314492240e+00
-8.233897787584618100e-02
1.170619649126824768e+01
3.183770262840816823e-02
9.179895582343775118e+00
-5.642116152823984265e+00
-2.427836729613216615e+00
2.418565774762334364e+00
5.055763741670054046e-01
3.125390632432191396e+00
-4.156901535751281074e+00
2.837152901946144112e+00
5.865611233837830341e+00
4.198667017798981327e+00
-6.383995177833826640e-01
-1.373735737852281069e+01
4.043397486331618218e+00
-7.447160336521225332e+00
-2.441554901230484909e+00
-6.344265339472226373e+00
9.834588466156551911e-01
8.764197668376448869e-01
-2.890887203507154002e+00
4.124356938682391949e+00
-6.951328094195503127e+00
8.683736541336941173e+00
7.693601630586342388e+00
-1.592606113443964411e+00
-6.002593170191246053e+00
6.517442388700644074e+00
9.949925465706058958e+00
5.017256487454920588e+00
8.053523123640218273e-01
-1.389666686490602432e+00
-3.190706983820392195e-01
-1.456113435820086544e+01
-6.482788665294942021e+00
-2.232275420778928154e+00
-8.608657439422673363e-02
2.791830780609720897e+00
-4.121464179355245783e+00
4.263845368283808668e+00
9.865830520328222608e-01
9.226908939739542070e-03
8.235573665489518191e+00
5.434461735357520862e-01
7.074203706069980946e+00
-1.559101782417929627e+00
-1.351567755639484059e+00
6.700201443647657129e+00
-2.144919322614576629e+00
-1.421319354130283097e+00
-1.177554155742474684e+01
-1.773750356050052823e-01
-4.990102110149683412e+00
5.374126181368840349e+00
5.993549131025394106e-01
1.001537827044247209e+00
3.299538180216721184e+00
9.424604643736520515e+00
1.927841420523372706e+00
-6.135209161499930453e+00
4.092066362892205156e+00
-1.380301098690972950e+00
-8.052922544175292074e+00
-7.847001338241474944e-01
9.992823919512568764e+00
1.572850092554043844e+00
3.907790173316204374e+00
4.517268519453470077e+00
2.709257362632415234e+00
1.338190717931440288e+00
-3.495696546583903497e-01
5.739337014665394365e-01
-7.270270791021128387e-01
2.449552630153925215e+00
-5.995329956190826870e+00
3.123384475665643922e+00
-2.190914128980350650e+00
