1.884422922436657988e+00
-7.481082047734914475e+00
3.609078336681483812e+00
-2.667376645562456794e+00
1.349578870040666567e+00
-6.513379389780316941e+00
3.393282990134281807e+00
4.740147632865971516e+00
5.047588117557840981e+00
-1.398345173450260326e+00
-4.017570151334720618e-02
-9.685593834447107753e+00
3.662688848526160612e+00
-2.245294908248069987e+00
-2.557242726498604846e+00
-1.021097712106460609e+00
3.329250251744508837e-02
9.982036084798798115e+00
-3.312682358216323841e+00
5.305481211233091521e-02
-1.030825036217418056e+00
8.356761202815208733e+00
3.578274460792540967e-01
-7.227904656151681984e+00
-9.729160430230241019e+00
-1.016734027873068769e+01
1.410915684728551778e+00
-6.827920237732112874e+00
-2.851482656626765699e+00
1.410826374283808526e+00
4.840025082049477234e+00
-6.567967786836882205e+00
-5.050969263963176470e-01
-3.371011276947948776e+00
-3.088424248409585626e+00
2.604177419976928753e+00
3.708652530331753461e+00
8.641571669579739989e+00
-4.841021734415676292e+00
-1.018653076559931847e+01
-2.939973015322823624e+00
-1.793709276934699837e+00
-2.856022632659998006e+00
-2.247262876928288466e-01
9.811327930064335234e-01
3.523535663208485325e+00
-5.868508203946963597e+00
3.443197033059405943e+00
-4.219652724885682105e+00
1.074203905298089623e+00
1.277301136341951304e+00
1.047314391671730682e+00
9.011682630746248535e+00
4.045967390478210746e+00
1.159755093303420637e+01
-9.069765334071657747e-01
-7.572120050702461080e-01
-8.008279967821270162e+00
1.727480898357128147e+00
3.968895089906487428e+00
-4.612753284134647469e-01
-4.047835981519006587e+00
4.767652607106067641e+00
-5.865049798235703271e+00
-3.893796448773659269e-01
-2.249107258696810607e+00
1.781867140042247222e+00
7.910411173125906359e+00
-3.755470500024297831e+00
4.628852113731634965e+00
8.287228534726482909e-01
2.638276979300354430e+00
-5.711906513851492839e+00
-1.174468180034968112e+00
7.506657971128383622e+00
3.214580365538040330e-02
-5.205261908033791407e+00
3.098342605749210055e+00
2.133602546813677225e+00
9.579855174732229695e-02
2.826096559607668368e+00
7.430331733934235849e+00
2.291360165103435875e+00
6.376031985808712221e-01
7.199200592577627011e-01
3.597998390631624410e+00
-1.503303488628121798e+00
-8.613225021723925678e+00
4.820794097542295376e+00
3.255905164302782762e+00
-4.191652948403852719e+00
3.264174510151576669e+00
-4.460344143059109534e+00
-3.213526110008224190e+00
-9.313258782081422993e+00
-2.050539605004929822e+00
7.480388144858193256e-01
-2.545457167921224340e+00
2.701538140062738069e+00
6.807375337432156392e+00
-1.113963878618636194e+01
-6.736295423227143253e+00
2.452498973277126293e+00
-3.186110122015838542e+00
4.152464409950727686e-02
1.231388985222019894e+00
1.574208163211371136e+00
9.805022030599770844e+00
3.113341073570947692e+00
-1.850037314138412547e+00
2.332842084188397447e+00
-1.709909007892623567e+00
-2.084509584821359507e+00
-4.629339364233496568e+00
3.324264285942979846e+00
-5.878573655884602456e-01
-4.016902442207653579e+00
1.143684992164608838e+00
3.893819334623577766e-01
-1.156425408821927014e+01
-2.938215606343210773e-01
2.331017146968386466e+00
3.931374864436141259e+00
1.229494759295263862e+00
-5.883123979316646768e+00
1.235562340199294118e+00
-5.557086292841840525e+00
6.168042456036472387e+00
9.768008117035108934e-03
-5.603572355853393638e+00
1.069637255946148113e-01
2.456681174544455892e+00
1.008648753925918840e+01
4.626667496757232989e+00
-8.363872303574659384e+00
3.034892127449014154e+00
1.038613165624665324e+00
-6.897951654042682179e+00
-5.107599244917251369e+00
-3.904187723526226783e-01
3.707169058843658327e+00
2.285091867098894447e+00
8.709429486712099155e-01
1.785358906063996498e+00
5.419659381528523667e+00
3.633084384953402246e+00
7.564158647686577197e+00
-2.297058363975196027e+00
-3.083005660387438951e-03
9.452868682322405069e-01
4.027668585367923271e+00
-2.406856347778880689e+00
2.167801920305177266e+00
-2.487610704075809143e-01
2.608266339848458459e-01
-1.101325119817072995e+01
-5.060107528169107027e+00
7.128684031118472930e+00
5.993061969577221149e+00
-2.193064534662478415e+00
9.742724357658817169e+00
1.221103623659648107e+01
-1.705161926900657265e+00
3.888146886404747260e+00
2.145624493119658194e+00
-4.780188054513374141e+00
-2.459262788693423740e+00
-7.543449750810968801e+00
1.545946617875779694e+00
-5.046857909104924822e-01
6.606943463595627009e+00
3.435055009566897466e-01
1.767761134231894626e+00
3.956903788853047832e+00
-3.910422984893163978e+00
1.007302470594963584e+00
-9.932972923307902269e-01
5.478224828921810285e+00
7.902945073490565520e+00
8.741067758282962785e+00
6.198320730135068679e+00
4.899082274353332878e+00
-7.669190337131570612e-01
-3.696888615802374378e+00
2.683630472794499844e-01
-2.782195753539579153e-01
2.961630028459763420e+00
-5.640046415248780587e-01
1.118633501877229719e+01
-3.946168687105123807e-01
7.212644477349145156e+00
-7.014452228645549070e+00
-2.454291263821930080e+00
4.419723002657264033e+00
3.532584627789659759e+00
1.629261774494941584e+00
-1.340180342688378268e+00
4.427060751549757533e+00
3.915832393031763559e+00
5.557952046631862153e+00
2.115716135204570580e-02
-1.291904718122002294e+01
4.365068653996335257e+00
-9.249191289212266298e+00
-7.295935513742091150e-01
-5.553881999737454223e+00
8.149574464126279061e-01
2.882878940313363003e+00
-3.406056641471817414e+00
4.050297026614626539e+00
-7.759240581545205018e+00
7.700667631858244100e+00
7.600506121871379861e+00
-3.120073337181908268e+00
-5.288454542401146874e+00
6.725608046356871483e+00
9.650589221128164752e+00
4.998997729038025639e+00
9.314449196404369635e-01
-2.934367749609077869e+00
-6.431877368675200657e-01
-1.548432282755265987e+01
-6.525121705345361178e+00
-1.221539131985282856e+00
8.194900386650105784e-02
1.941194214747836266e+00
-5.854066832227323047e+00
2.443281344097015140e+00
3.351411389715582168e+00
2.623749109974793381e-01
1.038139352786129876e+01
1.071258920890574950e+00
7.426635094163682282e+00
-2.616794458078391727e+00
8.938880167089346962e-01
6.850648298287239868e+00
-1.964416872398947245e+00
-1.778375450389771295e+00
-1.169595529958271918e+01
6.593588096613534066e-01
-4.659943720960794344e+00
4.516122250959123896e+00
1.261723286574325087e+00
2.612050461305439164e+00
3.084681109892135620e+00
8.643692045214846686e+00
1.633889532837676128e+00
-7.362845007370199646e+00
5.077631090177157525e+00
-2.006350860359711330e+00
-7.911385144595899810e+00
-1.915089994734579415e+00
5.442549368761270046e+00
2.070183064905952275e+00
4.765165342382684521e+00
1.902604190214596036e+00
3.232685382962052767e+00
9.845547677593076141e-01
8.163236779978932933e-01
3.763379244530712375e-03
-1.182724370387903345e+00
1.964069262654355885e+00
-5.345876506612515122e+00
2.296468403024889859e+00
-3.468903638445971493e-01
