3.168423353551299004e-01
-5.385537148648836592e+00
3.276063890279823809e+00
1.676854921585004821e+00
5.740747996622359572e+00
-4.812798244626110389e+00
1.230419418870201564e+00
-4.910826216771238539e-01
4.518069602254949579e+00
-1.277112198583606029e+00
1.619532795485415733e+00
-8.681779859303416558e+00
5.763798949920267312e+00
-4.656609736751035733e+00
-2.361733760273382110e+00
-1.908561484999810709e+00
-5.286385880617088251e-01
1.076586725459273985e+01
-1.199443565304296744e+00
2.956970049524571209e+00
1.419875877774496642e+00
4.708320224438606871e+00
3.339649187078641113e+00
-4.979808007471966391e+00
-7.982660940925591753e+00
-1.208187500250194901e+01
1.414102809781513370e-01
-4.324464581962156551e+00
-2.331310189205094918e+00
-2.337223268559860845e+00
3.075258887482196002e+00
-6.698854254696771093e+00
-5.444212234605885214e-01
-6.098090427601738917e+00
-6.653081928807711432e-01
-1.936556509437934226e+00
1.311236251538702380e+00
7.404767430745683221e+00
-6.780525101908009056e+00
-7.933975309034076773e+00
-2.467682473460808545e-01
-3.210779829321578904e-01
-3.343215394270748320e+00
3.449303674399546438e-01
1.718594473193256977e+00
-1.231932593722568914e+00
-2.668250020674643785e+00
4.710566255877775887e+00
-3.774613203449683763e+00
1.753426797980123908e+00
-1.170842330473504500e+00
3.588018584739879557e+00
7.868820488807184432e+00
2.222371726548020732e+00
6.449421933025481835e+00
-3.509957990852820231e+00
-1.374873172583849668e+00
-2.850640362779583992e+00
-3.705021054849348960e-01
7.777117809127993553e-01
-6.234591998992109474e-01
-6.546097193560032501e+00
4.586880424018425551e+00
-1.273964946101826978e+00
2.007732787648731421e+00
-1.454711996217316061e+00
-1.698415653783134749e+00
9.090450892218621348e+00
-6.240492477653102332e-01
3.398242462131719321e+00
-4.251847572338596226e-01
4.196256067076911123e+00
-2.117018720396734111e+00
-2.807896379007055465e+00
7.136072610499142321e-01
1.457152762525439904e+00
-4.002151475909889733e+00
8.390454262221518356e-01
1.125115627826650755e+00
-3.227995036882774116e+00
1.298431698703574222e+00
4.155820000221183363e+00
4.103002952964910577e+00
-3.729510750563316268e+00
2.185722163184498967e+00
4.970006855796805567e+00
-3.630542253747016890e+00
-5.312797330662451856e+00
2.603627713853557957e+00
-6.639959691090011051e-02
-1.449538717639989649e+00
4.804324775147236770e-03
-4.313807028239097896e+00
-2.057763487022946425e+00
-6.213043019397622935e+00
-1.347800354419251834e+00
-3.468864806604070594e+00
2.021459092811806468e-01
3.051122445878457157e+00
3.910140283039439169e+00
-2.762734266073550327e+00
-2.276327039068958502e+00
-1.044735083760222727e+00
-3.633806752754489722e+00
-1.117430192795278998e+00
-8.284364431571049625e-01
2.124855059373698563e+00
5.877993047943934180e+00
1.277827420391715485e+00
-5.634847995085597860e-01
-1.349846654752051567e+00
-3.648654196693331908e+00
-3.484311984186131639e+00
8.976636332118338446e-01
2.776436959691054529e+00
-1.475711012835893676e+00
-2.209726654862218975e+00
2.326045837387481496e-01
-9.711299993852339218e-01
-6.943341856268517631e+00
-2.681498654225928036e+00
1.663552331891641867e+00
3.536349471267405509e+00
-1.924605777876826906e-01
-5.026920877033737689e+00
2.266436485915804155e+00
-3.496347562881580995e+00
2.129029308787478314e+00
-9.808520974586905083e-01
-4.364982481310264006e+00
-5.213981487739584253e+00
1.678357676899740580e+00
6.713631008555869251e+00
2.399613457235840741e+00
-9.061514906970735694e+00
-1.081511191402582339e+00
-3.301101816813054146e+00
-1.993088660681281876e+00
-1.445325824216341370e+00
8.663609178643048025e-01
2.098993047107361232e+00
-1.638329397519262765e+00
8.510064316357792702e-01
1.255090075447937714e+00
3.541806588519603505e+00
4.794744897785265358e+00
3.616085052482178153e+00
-3.689593452195594647e+00
-4.126181912130548746e-01
2.984805962771452492e+00
-5.015713199813883749e-01
-5.233243519360248897e-01
2.050470637154857556e+00
-1.926273628742738220e+00
4.263395436674008443e-01
-5.504542310946392902e+00
2.337097550258577794e+00
1.949376661563767099e+00
2.360873061445115884e+00
-1.405745268398050696e+00
9.515021313334150577e+00
4.821244658159586471e+00
7.869008106514568945e-02
2.509523349359761735e+00
3.010450511096914195e+00
-8.438121165312536531e-01
-1.561249075128583685e+00
-2.956694194310921731e+00
1.713762318189646638e+00
-3.523137690131871835e+00
1.639665761567314473e+00
4.140954607145546973e+00
1.733751789059705173e+00
4.804460974684879315e-02
-1.492394716910378172e+00
5.641252144359637510e-01
1.045179332192690769e+00
5.489138132303366113e+00
6.201891913793208033e+00
9.234823329238897927e+00
4.430820804369701271e+00
2.963848448200885333e+00
-5.666873652448083387e-01
-9.481157573318423903e-01
2.140252032189543741e+00
1.712310465065076670e+00
5.023593487063540586e+00
5.128717057320035799e-01
5.621514791590121796e+00
1.841150025907065002e+00
8.006264472698843448e+00
-1.065500046596135508e+00
1.330205199917438463e+00
1.858062428523040044e+00
6.688726047322586243e-01
-3.191343305626514137e+00
-9.235019998092057758e-01
3.990044191962897724e+00
3.769715676676370641e+00
-3.978080521148283921e-01
8.356747192520305734e-02
-8.737627313346223445e+00
5.968290462797860130e+00
-4.502138025525651344e+00
-3.531123712450740193e+00
-4.017685232237031556e-01
2.220988390714849547e+00
2.711706906142823947e-01
-2.910237094551155312e+00
3.463558927566770862e+00
-4.408703810147772906e+00
5.041788851798755466e+00
3.562371557694942847e+00
2.192004373006120888e-01
-4.851504234520604086e+00
7.025281842696558421e+00
2.486699410443217850e+00
4.798559970101985428e+00
1.209409943011620747e+00
-1.833221944513873325e+00
-2.801913528273838772e+00
-7.717419919956032714e+00
-3.611543911027112586e+00
-3.277701787816875267e+00
-1.947555485439143252e+00
-1.399957527696715553e+00
1.648692291688197198e+00
-1.329556094974559954e+00
-1.709720020702196308e+00
-2.608450248877353328e+00
2.615116177411300313e+00
-1.435805666116510837e+00
2.980141474359203624e+00
-3.143408394245606807e+00
2.179791941305195824e+00
8.586538001824081334e+00
4.004186741147031103e-02
1.035059766854787622e+00
-3.250263530915653121e+00
1.430806415784566576e+00
-3.397867877105597234e+00
-9.238332828342420422e-01
1.963350776491236793e+00
2.587801516906502730e+00
5.442494686185344044e+00
8.403897146161320109e+00
1.612000193310140772e-01
-1.810395637035510319e+00
3.026863060887842849e+00
2.844410417218119935e+00
-5.910689552422235593e+00
-4.361090926899850118e+00
2.999484513995499313e+00
1.699903073706676704e-01
4.133415984406716426e+00
-1.011405757801015382e+00
1.833157551200426560e+00
2.108117306490145282e+00
1.599249989048935339e+00
-1.229471259284735885e+00
2.809766418506494556e+00
-4.811202430082572312e-01
2.344108732146237273e+00
8.527926850454958796e-01
-1.150358945546469780e+00
