3.505620097471185304e+00
-7.615093710165778518e+00
3.490844763163899689e+00
-3.268691014940813933e+00
-5.412214901843993564e-01
-7.109120615458019543e+00
3.496793643191480339e+00
3.854583070955578616e+00
5.758605909353952335e+00
-9.456491919380818900e-02
-1.745702589480483180e+00
-8.177309350428780377e+00
4.840110419432937405e+00
-1.980416859282687625e+00
-2.260581948533685104e+00
-7.316709084476616387e-02
8.898580954190696835e-01
8.968611432182351351e+00
-8.087894009519452920e-01
-2.595326696681672818e+00
-1.690725496040142328e+00
8.750755283465650791e+00
-2.130831759673135650e+00
-6.579460660900606328e+00
-9.037364302637755031e+00
-1.107490946513881624e+01
-1.308515578804896107e+00
-5.811581732791772481e+00
-5.737324820676537485e+00
1.682069214211604935e+00
6.759834916505159441e+00
-7.544425422915569612e+00
-8.270874129916810924e-01
-2.100072420973452481e+00
-2.321379914487403440e+00
2.679758747117403139e+00
3.571629223425123012e+00
1.039932027594429620e+01
-6.040692496361805830e+00
-9.635226475025481463e+00
-4.072430971016705037e-02
-1.078304939771998816e+00
-3.080818886567802561e+00
1.058967793457986639e+00
6.629208820117248324e-01
2.756795070687527272e+00
-5.501165893472388824e+00
6.038633116890677499e+00
-1.713589078194937887e+00
4.008940975374071236e+00
1.300833475834996533e-01
-2.772726918562218756e+00
1.057470907196823440e+01
5.165743088314427744e+00
1.228301226725172945e+01
7.190803010232221792e-02
-4.068788522552519993e+00
-9.047345904203085709e+00
2.115182986085266670e+00
4.881412976473580301e+00
-1.399368251702067134e+00
-5.325178417007737863e+00
2.402480161347313015e+00
-1.717676670844654918e+00
9.252639693891585582e-01
-1.731415715208756367e+00
2.200808859787995342e+00
8.361238239460311306e+00
-4.519973399995516949e+00
3.840481811012858238e+00
-9.231528418437567884e-01
3.118987687250718288e+00
-2.973220052625139331e+00
-1.659673386086598645e+00
8.166550282900489677e+00
-2.124902164180045294e-02
-3.033104781675765249e+00
8.726554207631829208e-01
1.050235840258845865e+00
3.303371809447942509e-01
4.573652231156021486e+00
8.385129140110295864e+00
-1.467324947659935042e+00
1.632498497863793752e+00
8.506364292974716301e-01
3.662291330696105351e+00
-5.141165263495681703e-01
-1.072378030944403271e+01
5.616528080188081251e-01
3.380036758628595983e+00
-2.624042468154057506e+00
2.630665142204567708e+00
-3.483994044499164833e+00
-2.344717829228720962e+00
-9.972364031254560501e+00
-3.385496681852590228e+00
7.834577273257429253e-01
-3.785556506680806788e+00
2.603844443423077415e+00
7.472638173088007818e+00
-8.623733353196103124e+00
-8.837508149162617954e+00
6.875691016587237581e-01
-4.302237477290942635e+00
2.327655382405074747e+00
-5.842212782651468039e-01
2.110175695986631794e+00
9.885423094941067745e+00
1.616956988066258427e+00
-1.196879523755143726e+00
2.453244666599028623e+00
-2.831924151639375165e+00
-1.090273909455046875e+00
-5.758853013866198189e+00
1.769415182465050140e+00
-7.451594450284120263e-01
-4.466724588573174337e+00
2.820974401778064244e+00
6.525807568100104872e-01
-1.121813050356692898e+01
-4.235595637094161647e-01
2.480552722435864776e+00
3.339338437242574731e+00
1.589865999823239839e+00
-7.700962776223027717e+00
2.722711527047013469e+00
-3.283073543656075621e+00
5.235053040508842237e+00
2.015778853054978725e+00
-6.728234757407109967e+00
9.494306862508640199e-01
9.527494522183848069e-01
8.420796992378443591e+00
4.363829296864601304e+00
-8.333799974027057189e+00
2.105758333540338256e+00
3.611063924695675720e+00
-7.628726663248010631e+00
-6.006213346611510850e+00
4.964684019914560320e-01
4.918043632729314218e+00
2.636446638985070479e+00
1.652286513109229027e+00
3.894330469302265563e+00
6.808287867382302849e+00
4.794396412787562234e+00
7.321007567110468628e+00
-1.798809233961743415e+00
5.509230140807925835e-01
6.760190554087206483e-01
4.601144353061004999e+00
-1.287276495638890461e-01
4.416707887510677111e+00
3.378016888122382100e-01
-6.275407403140943474e-01
-9.619324399292164429e+00
-5.654101058503712807e+00
5.848114180840101817e+00
6.614986361185952290e+00
-3.130357972027091762e+00
1.053558534477837760e+01
1.359584812513155327e+01
-1.055515974786415345e+00
2.277238025050268178e+00
4.587556367541797187e+00
-5.878802750562647894e+00
-1.693407223038210896e+00
-9.972141229146673780e+00
5.536848177863715192e-02
-3.683623462072460164e+00
5.366919763672656885e+00
1.418429449005991883e+00
1.274974784861674149e+00
2.518857393186885396e+00
-2.870772205548561828e+00
2.105761559141853922e+00
-1.626650875096652404e+00
5.008990383186016970e+00
7.884739483205591704e+00
9.731917156667895696e+00
7.018355571487941980e+00
3.738021903555664327e+00
-1.732947371658949853e+00
-3.050415482328650896e+00
-1.066579375391182971e+00
3.080198286631870896e+00
1.274382496819679744e+00
-1.705742023981859923e-02
1.095435031143000337e+01
3.525133206215844694e-01
8.017423212900775198e+00
-6.165508692994470685e+00
-3.037612627313435176e+00
3.030738362641355987e+00
1.727291022637137852e+00
4.354733038088438590e+00
-5.422351636831022503e+00
3.008316351615899276e+00
5.566880932277419092e+00
1.535597376915180501e+00
-1.457205382800058624e+00
-1.236482687745059650e+01
2.805326890920451621e+00
-8.859561140253084943e+00
-4.477879761048470186e+00
-8.278057625281832088e+00
2.271804402120639388e+00
4.509884647186701567e-01
-2.175602754014007711e+00
3.557079211098447491e+00
-5.644800742310046360e+00
6.818300251227686459e+00
7.120227837974083762e+00
-1.435756380642370322e+00
-5.312162178876743468e+00
7.254632163357321417e+00
9.988579236891956370e+00
3.812564187711951380e+00
-6.611637053957512000e-01
-2.185478530853462331e+00
4.254658413900292979e-01
-1.549310236524047468e+01
-7.419441063870286790e+00
-1.921217969645486967e+00
1.221179070671132738e+00
1.163109624082137694e+00
-4.371035502810880047e+00
4.901706268523056131e+00
2.360262396898996640e-01
-3.803218298154380506e-01
9.715971072325027436e+00
6.949056447216316323e-01
7.396989246362867476e+00
-7.884797139511673381e-01
-6.859646101317606881e-02
5.851139724334983860e+00
-3.136079547539507018e-01
-9.732931238164013177e-01
-1.205448074153507143e+01
5.467217813084003231e-01
-4.881661335861258166e+00
5.031118567296672950e+00
1.301367552527292304e+00
-3.606409769346282657e-01
2.544545695674619523e+00
8.710763341344179622e+00
6.228813665029563351e-01
-7.175385707990304951e+00
6.108092909535416837e+00
-2.598383091431820002e+00
-9.209773662993679721e+00
-3.545199417323507962e-01
1.032033032936130468e+01
1.853119848719115614e+00
4.252608174097606053e+00
2.838820968961182523e+00
3.544511856974409625e+00
1.048174151196201498e+00
7.912215464192224879e-01
-2.251193529838221963e+00
9.125366353051860280e-01
2.647630420120146155e+00
-6.258011284758348225e+00
3.139438540988681581e+00
-1.798861926533100508e+00
