1.613025994464570179e+00
-7.155530383072390421e+00
3.182296723698022411e+00
-3.157099504000450363e+00
7.346681411014498453e-01
-6.092537190977322048e+00
4.397546479419065513e+00
6.309074524687296126e+00
5.662125462787967578e+00
-7.118221906343187300e-01
-2.100532037320406609e+00
-9.021386772842554080e+00
3.108278616786027904e+00
-1.892478310539733366e+00
-1.917336984263366739e+00
-8.102645719155586734e-01
8.428227567424799727e-01
1.011164532342042222e+01
-1.512048578661565390e+00
6.748324702688128784e-01
-1.024834631081391834e+00
8.651061598602970193e+00
-1.066124938801825017e+00
-6.726653826677920556e+00
-9.786428431245559167e+00
-1.115670905573814586e+01
-8.148043261970415729e-01
-5.077790701355530345e+00
-3.334344021033099459e+00
1.018159381079353665e+00
5.322965484396458891e+00
-6.948065321113245041e+00
1.294026133376807719e+00
-2.873288525578410635e+00
-1.523435711623775113e+00
1.066986564490212785e+00
3.492230014250440551e+00
9.736621232137167681e+00
-5.860631325443747208e+00
-1.058738399860227908e+01
-3.132036973558871562e-01
-1.804020737734596480e+00
-4.169363618324417153e+00
-1.991221596540104777e-02
1.384507360694615663e+00
3.543050005681517511e+00
-5.993354220659856679e+00
5.071735244817992871e+00
-3.110881013498998371e+00
2.540226474886224217e+00
-3.321168643810551435e-02
-1.984720280379290491e+00
9.255180229656403412e+00
4.451780523514011989e+00
1.148345221849794484e+01
-7.047608891247768570e-01
-1.398651158627142177e+00
-7.609817351050104151e+00
2.760738504637055613e+00
4.906534130493881207e+00
-2.591349583676410884e+00
-4.488439493487167198e+00
4.028487176950332760e+00
-4.721830340959796146e+00
1.857066293965294879e+00
-1.470878917262938401e+00
1.621903262054841699e+00
7.709620542817542166e+00
-3.683209748959393348e+00
4.773491381123855959e+00
4.882883065197102246e-01
4.473802760894702857e+00
-5.273160081792624965e+00
-1.467492403696838643e+00
7.949706062373786963e+00
2.256409569827444450e-01
-4.941296845805881688e+00
3.223897885011612896e+00
2.207233009735457330e+00
3.059635857490043964e-01
2.822959458258738508e+00
6.781399589596568411e+00
-3.453751269358319442e-01
3.571600026124842620e-01
2.900034281549027426e+00
3.991154384479766115e+00
-1.808775643592180682e+00
-9.085210397935366444e+00
4.164248383230569672e+00
2.721341255333085130e+00
-3.961984953315847768e+00
2.635049044579821143e+00
-2.954616912411088592e+00
-3.077786333416749898e+00
-9.833276781018374990e+00
-2.145318305199941378e+00
2.575727411679233469e+00
-3.213234821429838295e+00
2.356034013296120389e+00
6.925328453554272734e+00
-1.067727109028051125e+01
-8.316249494047752933e+00
6.383490594835652399e-01
-3.172411776944359385e+00
6.774259303987106851e-01
-1.549476198013522710e-01
2.605166639435539722e+00
8.050902744230644004e+00
3.768473748449438609e+00
-1.910737298756295832e+00
3.149836095149362247e+00
-3.175769285190913394e+00
-1.924029974181255209e+00
-4.952602300943290459e+00
3.105202959207838731e+00
-1.671568800224175311e+00
-4.739665788832929216e+00
1.851238536033291693e+00
-9.012469104558795685e-01
-1.101485334995764376e+01
1.691848213830218217e-01
3.011643896799573117e+00
3.483091286472202341e+00
1.331207161987184362e+00
-6.121639455218114811e+00
1.199311216128122526e+00
-4.854296242549903440e+00
6.564353751533442249e+00
2.371668940969969608e+00
-7.978821828663525295e+00
-6.854813558015404595e-01
3.658817688136156043e+00
9.096815096533838130e+00
3.541593595848655074e+00
-8.447472230284342132e+00
1.370062424798773826e+00
1.744155399807508777e+00
-7.597703696520301975e+00
-4.966643746586847818e+00
-1.379355058738999773e+00
4.184034030420805017e+00
2.483602009381930653e+00
1.684059089381580998e+00
2.215795656109231793e+00
5.245769968709026898e+00
4.299801201096340009e+00
8.440075458458769830e+00
-2.789075703879334789e+00
1.752379816825532899e+00
1.785189268440187771e+00
3.527874133572690862e+00
-1.018021255764276933e+00
3.615273035079657138e+00
1.377905239685799588e+00
1.889958838906053151e-01
-9.882151626474248829e+00
-5.186273557342789609e+00
5.072096543039402938e+00
6.051616564781531871e+00
-8.375329443780579197e-01
1.013050656215118472e+01
1.244508015069463802e+01
-5.183896444224462829e-01
3.614660567214780684e+00
3.239707073087129352e+00
-5.882597631415064754e+00
-1.289052573239902078e+00
-9.400800065259465654e+00
7.563697385354410940e-01
-2.462487574572331361e+00
4.380573161173182406e+00
2.326993979832348458e+00
1.838117498455049459e+00
3.562283428766196192e+00
-3.126544597004857540e+00
9.408641448924146555e-01
-1.855555962060276620e+00
4.997964719514056853e+00
8.342830338101684617e+00
8.239392609972989945e+00
6.568446897860924949e+00
3.657923675422260601e+00
-3.882205420743145563e-01
-3.828652254588412074e+00
-1.218596818599567921e+00
2.548425985075040145e+00
2.257824919986688883e+00
1.170058208757795093e+00
1.163228068280000649e+01
-3.004272608162159575e-01
8.784549978941020854e+00
-5.752013704214888890e+00
-2.223617519777937090e+00
2.763290679127685667e+00
1.391446303162479525e+00
2.601027343854223073e+00
-3.839817752795805283e+00
3.670685546053316539e+00
4.364939202348362635e+00
3.748549819828717489e+00
-7.021268841249327375e-01
-1.274854144658299937e+01
2.696375136296451647e+00
-7.260331564553385242e+00
-3.634981845107829290e+00
-5.505259031538133563e+00
1.395234250878375715e+00
1.758104325334219009e+00
-2.999635843764040466e+00
3.254764188932583124e+00
-6.974213644225708109e+00
7.132230599912538160e+00
8.606056245417885719e+00
-2.969766465420268453e+00
-6.282336868116526141e+00
7.529324221436852760e+00
1.099167020797085925e+01
5.100754797273810759e+00
6.175230334145080935e-01
-1.748809776544312689e+00
-8.837853705805023274e-01
-1.544101922611420896e+01
-6.744498515528656313e+00
-2.809600433505152761e+00
-5.587667796236078788e-02
2.912690903839368683e+00
-7.194316141825908062e+00
2.942888266712684331e+00
2.471237715282151193e+00
6.703356957799863070e-01
1.019283636925049485e+01
1.119875999592465421e+00
8.134905993591072360e+00
-3.156439578122812062e+00
-4.006758809338830662e-01
6.603729432851540793e+00
-1.812564116360301236e+00
-2.704358733491489364e+00
-1.086697278663683086e+01
1.382709988618571195e+00
-5.867728062509889320e+00
3.759155756511437296e+00
1.359822146604934834e-01
2.973128644554096756e+00
2.820112386330565268e+00
9.689648188842884480e+00
9.984995732788096712e-01
-6.533646303296324120e+00
6.185986081859790708e+00
-1.589293268659950797e+00
-8.897599824171859240e+00
-4.750910299886489940e-01
7.665801097091054395e+00
1.408409605675202236e+00
5.342154836384236383e+00
3.491826129348738483e+00
3.137711275407396805e+00
9.897921724400269294e-01
-6.550372172232047374e-01
1.664609677209737626e+00
-8.291073232298928897e-01
1.883151132844705700e+00
-4.528346543728874352e+00
3.001296456570091920e+00
-2.891231929232963349e+00
