-1.936878433981872871e-01
1.060647948494847892e+00
-5.398325128931136696e+00
3.672700874945565630e+00
-2.402388120217898049e+00
-1.416367749474382487e+00
1.887682858683394693e+00
-2.678415853285098791e-01
-2.052778924221672519e+00
8.929499985824448371e-01
5.715892918598531658e+00
-6.185236346565579524e+00
-3.759651561230545447e+00
-3.367784342206064263e+00
-3.345897328396777448e-01
1.784394606195720545e+00
7.541310040247597435e-01
2.522315512891163181e+00
2.646541191013081828e+00
-3.505016072271998517e+00
2.126530289568639098e+00
1.840661121589337590e+00
1.557871664331770489e+00
-3.214001836275555579e+00
-7.906108128968561966e-01
3.626528655108760990e+00
-1.815169377686771002e+00
-2.479176492075552574e+00
1.317024258926319913e+00
6.280665625459350032e+00
-3.865764061156290232e+00
-7.322955692142385509e-01
3.294394201888360740e+00
-2.239333898426928204e+00
2.051327192846183589e+00
3.256596687636619247e+00
-2.874552971402404733e+00
-5.293824938208683051e+00
-2.550968191429223264e+00
-3.709487699014456297e+00
-1.402089165857863584e+00
-3.286491383364206209e-01
2.731964208358699242e+00
-4.865182138913741738e+00
3.684739455584527867e+00
4.223775182131223715e+00
9.901034567602247094e-01
3.032664830072576478e+00
-2.394114276346829273e-01
-5.471493351977052555e+00
-1.214236326543736422e-01
-1.254931940280878067e+00
2.884755347717246621e-01
3.149263825689704532e+00
1.784461930207092539e+00
-6.792655163344242908e+00
-3.166787840334783222e-01
-1.382023766230463302e+00
-3.391769867864941279e+00
1.980629737285496628e+00
-9.943135411403449808e-01
5.369959867423251820e-02
-1.492148074950054415e+00
-5.247552344590761031e+00
-4.381562083930425899e+00
-3.681246846014841978e+00
2.242170988203674664e+00
-1.690594733302087871e+00
1.040454213319434551e+00
-2.130535610178939387e-01
6.179000712343789559e+00
3.363366533895879584e+00
3.607071233221655682e+00
9.503211524719643588e-01
1.954138029108795083e-01
-1.579228876363893530e+00
3.477769343902121335e+00
2.681392957070859229e+00
-1.531365832794582271e-01
-2.552446283462438181e+00
-1.415676641255648072e+00
-5.042214725799671893e-01
-4.138820357481810541e-01
-2.711523769260242744e+00
-2.431549947929853683e+00
3.110480393913588326e+00
-3.036326227005730516e+00
5.233711270223477818e+00
-1.135830983601222366e+00
5.891102048579706096e-01
-1.837286105924211155e+00
7.436180512464343195e-01
-4.952312272745340138e+00
-3.525119932755598651e+00
-1.686133953774067162e+00
-3.211456673543499285e+00
-4.398749717569501172e+00
-1.792997239972846657e-01
-2.294499126127223398e+00
1.328881953377248015e+00
-2.267882169006397497e+00
2.518550118521999170e+00
9.954693296324981233e-01
4.023053867299477560e-01
-4.873141554460493352e-01
-1.766175825009875799e+00
-2.450912315371208017e+00
-9.552615644609662171e-01
-7.098825875334391355e-02
6.727367369282753751e-02
-1.064931754690105370e+00
3.170638953252479020e+00
3.146193088517889702e+00
-6.759416275691205733e-01
-3.277834564367063219e+00
-1.142774767203711406e+00
1.483620461645947630e+00
4.671981477294447238e+00
1.063349195126909841e+00
-3.148969716028645394e+00
-2.014084149846364191e+00
-7.327042438855940754e-01
-1.958549347232152682e+00
4.481741382551390096e+00
-3.183591421973032798e+00
1.446245826647241772e+00
7.895349775719671115e-01
3.222511131679806962e+00
5.143890129608998052e+00
2.377796975239317767e+00
1.891553515678533692e+00
5.059073634130079045e-01
3.304101887076280608e+00
-2.976226475100745006e-01
-4.359910862663525677e+00
-1.474130004448365172e-01
9.295036431043326441e-01
2.437462490803122162e+00
2.107254160057144610e+00
3.209430793084773637e+00
-2.777949772711299836e+00
-1.646547252509166892e+00
7.862353989355057582e-01
-1.368226362339374447e+00
1.084712752710042860e+00
1.775367865401126899e+00
-8.750032728201491139e-01
-1.647738312446346276e+00
1.246780501964284360e+00
2.040418580829796991e+00
-4.288534769004031522e-01
1.772252631854230209e+00
-1.201734929926999929e+00
5.234976009873584246e-01
-3.274426002118512091e+00
3.075449478701842487e+00
2.284057155904829273e+00
-1.922678248374451115e+00
1.477694113040204815e+00
-3.255669813022798564e+00
1.272052951580342706e+00
1.498041949481683899e+00
3.268315076383656037e-01
1.125071745617106211e+00
-1.542840574434928280e+00
-2.076254266752097344e+00
-4.903353341960576373e+00
-6.858729609069400546e-01
-3.275601607457807596e+00
6.757621820298660431e-01
3.355535541034102565e+00
2.529815048305111835e-01
-8.421313501063922846e-01
1.039754877699970104e+00
1.562225228170057267e+00
5.037459482480800332e+00
-1.976253128649175794e+00
1.075166034540689486e+00
-4.269410129119793895e-02
1.271034713502984692e+00
2.852137330502191759e+00
3.289879024809576169e+00
-2.201908396310132687e+00
-2.895007611232262246e+00
-1.432305612042197307e+00
-1.620971863769594012e+00
3.135769052699518777e+00
-1.554508804119663523e+00
7.109206697329937263e-01
8.326427027841228901e-01
4.423823419048509287e+00
-3.535666654031781597e-01
2.611218736415712893e+00
2.497306768301604585e+00
-3.420105378715645461e+00
-4.504999604264872559e+00
-2.201168698081552133e+00
3.082662426364062735e+00
-5.800169503805896465e-01
-4.690622101598473037e+00
-2.520483810043033124e+00
4.247850449741922496e+00
4.897977013851731343e+00
4.993205929329469051e+00
1.781627855331569643e+00
-1.541307930854894037e+00
-1.423058766406013698e+00
3.148065665668691615e+00
1.171000148904860705e+00
-1.768719769261381192e+00
-2.273620489726750460e+00
-2.949198450296718121e+00
-4.929531949712020467e-01
4.196424692223379438e+00
2.934559593521715914e+00
1.022356831575516711e+00
-1.025195962128892857e+00
4.731577759695762553e-01
4.034891665423893770e+00
3.990591218113688221e+00
-1.731538166044685800e+00
-4.543006844073813610e-01
5.201145070942489568e+00
2.859846459036139432e+00
-4.636332560352771637e+00
-1.424442936611384214e+00
1.858372930889544028e+00
-2.408476177036122934e+00
1.188121750761599316e+00
1.291891456232947544e+00
-2.434653305034365722e+00
-4.340900137741450671e+00
-7.267961955789681294e-01
-3.809339278881658686e+00
4.664676864298371584e+00
-1.233566825501936526e+00
2.753711423486199017e+00
2.590941668486485661e+00
5.049016975284454922e+00
4.684184452196126891e+00
-2.198120423934811107e+00
4.906385329072262103e+00
1.348780000790928302e+00
5.866228261426596369e+00
-3.026074772216302389e+00
-4.826611080767717610e-01
1.033576872394878610e+00
3.768566095340020183e-01
1.767542371979784033e+00
-9.413923450865224751e-03
1.957219316010012644e+00
-5.107984994058227812e+00
-1.672406473424245255e-01
1.049956764149110100e+00
2.097830055871711785e+00
-5.469328809062096397e+00
5.832853578723053545e+00
-3.398697175036533569e+00
6.827074115516241770e-01
-2.983992843228587155e+00
2.063969154731019717e+00
-3.227201168030360723e+00
1.801779896637266676e+00
-4.013723464779402228e+00
-1.172799601659534785e+00
