1.050771904098880771e+00
5.887097263768638733e+00
-7.126106502477140836e+00
3.376020435758392058e+00
-5.751991857092093596e+00
-1.824866898435235196e+00
1.521146451446767411e+00
4.361883341267624448e-01
-2.814525591000854199e+00
1.371078472289068317e+00
3.609788558494835709e+00
-4.907571090796180258e+00
-2.147538261514398972e+00
-5.105599174012258601e+00
-1.227010809485000298e+00
9.212852346278037619e-01
4.394914897360121309e+00
1.605643795238600680e+00
2.229518193869731491e+00
-4.866575943329968901e+00
4.488728627885063105e+00
3.199868485443970734e+00
3.160682057282078627e+00
-4.504705110413388169e+00
-3.207111294112896083e+00
2.504199461573687557e+00
-1.164455334562459088e+00
-2.186619459648599495e+00
1.529185961607388178e+00
3.478177676238678462e+00
-3.585006736994995169e+00
1.323147840982832557e+00
3.928548917099206061e+00
-2.092744711752538844e+00
1.274725886994431567e+00
4.522253029277165659e+00
-3.715410020998876739e+00
-4.350218756882918925e+00
1.636729782629789520e+00
-2.008411948988658047e+00
1.161146368092114578e+00
4.966100363142296192e-01
3.480469352545363382e+00
-5.188181555113969168e+00
2.983074573917916972e+00
7.018272392181333252e+00
2.702789981973791611e-01
-1.384204266236450209e+00
-2.241157948585413173e+00
-2.274480368367914895e+00
-1.115139254613597197e+00
-2.601681066641400975e+00
-6.192800702953871195e-02
2.518640424139286793e+00
4.537544148138663580e+00
-4.359777634500010102e+00
-9.425816100511973383e-01
-2.747135252834114638e+00
-2.215769433979048131e+00
3.406668027955509714e+00
9.857889336815687242e-01
-1.661605357293138185e+00
-1.365213738689565304e+00
-5.317369207841950995e+00
-1.081348664236190027e+00
-2.114304472182027883e+00
6.026977601130449891e-01
-1.617106809105540721e+00
-3.921065459953133603e-01
-3.380753770180407458e-01
5.230513187637498618e+00
3.541609358151006415e+00
1.826958435796278479e+00
-6.488210883877488788e-01
2.954588443238526096e+00
5.186103037760061429e-01
4.587297356996989706e+00
3.520181955895861581e+00
1.607285076376054445e+00
-3.632806589313859469e+00
-1.562715007521566557e+00
7.416036332381679141e-01
-1.292270747793410557e+00
-4.481709545022957819e+00
-3.685012724044735677e+00
2.626773264004647945e+00
-2.401102790188957670e+00
8.815066939598926510e+00
8.067842334981095709e-01
-2.258387898943817085e+00
-1.271088863631971044e+00
-1.883747120652811136e-01
-3.101164746018897578e+00
-9.885387173600964639e-01
6.893331633694669280e-01
-3.018351185501845002e+00
-3.758160324035762834e+00
-2.489073190124507562e+00
-2.829525614851326143e+00
1.604370435573589271e+00
-5.710891469181943236e+00
9.299280175855857422e-01
6.862193978636955682e-01
2.548851984515406066e+00
1.458276021509020470e+00
-4.572945729679666726e+00
-6.968311172486252758e+00
3.471328945968023549e-01
-6.700682437591322760e+00
4.915847627973954914e+00
-4.968900505830338155e+00
-1.740428919888784121e+00
5.549934861332538105e+00
8.168886990071340115e-01
-1.095678866968269105e+00
-2.979563603739772581e+00
2.228446793858343877e+00
4.699857408858513885e+00
1.484058992027248003e+00
4.616477144715840364e-01
-6.619678291419263338e+00
-1.667761653190162230e+00
-1.064977745067042569e+00
3.346802121156188470e+00
-2.958222220598805130e+00
5.366886315550018161e+00
2.501616435825970264e+00
6.578354061586574986e+00
6.354304084665483465e+00
4.184676776209221294e-01
6.323557510662378700e-01
1.150057616978775177e-01
8.379879757630102066e-01
5.602448367920398908e+00
-6.426626480204914671e+00
-1.551049706740726286e+00
4.318785058483767259e+00
2.360610497062897384e+00
7.871477550329237793e-01
-2.399558341152199681e+00
-1.984618659822786402e+00
-1.919594526889330632e+00
3.613217586370017109e+00
3.310438245181185568e+00
8.556634019440934047e-01
2.089726217533327990e+00
7.945096318202979901e-01
-2.405104141953212649e-01
1.100235917750212344e+00
3.952793598684824161e+00
5.744517532817914329e-01
9.647871823793467971e-01
-4.077911760269146701e-01
3.598298264385820566e+00
-1.413250718114808846e+00
2.678144419490092520e+00
2.815277936741673592e+00
-4.710777257544164875e+00
8.852663699678751108e-01
-2.792140055441010293e+00
1.170849697438627324e+00
4.318601226366845403e+00
-8.659188279859744153e-01
1.245670260250344663e+00
-5.198150831403205885e+00
-2.829616103706598995e+00
-4.777567643608929160e+00
5.718664507834101407e-01
-1.477163644958884303e+00
-5.501088086653821430e-02
2.177654114046551292e+00
3.913105390531988803e+00
-1.894723836821174068e+00
-2.819373633411964342e+00
1.522960733087775909e+00
8.077262510056332445e+00
2.185756588203773276e+00
2.477673859271973811e+00
1.772727117340802128e+00
6.225003936074191557e+00
4.228173213733633418e+00
1.439351355345538597e+00
-2.574070689567601988e+00
-3.702535123063408928e+00
-8.855173514472092222e-02
-2.575534769953282233e+00
7.244975632260168830e+00
-7.744194059918652062e-02
7.101177081911237421e-01
-2.642399562793262380e+00
3.951757740625017501e+00
-2.207033955171220918e-01
1.347143466495460018e+00
1.337624725998940889e+00
-2.980970789055952253e+00
-3.477988788373870932e+00
-5.707784328502041316e-02
4.680292361689001979e+00
-1.401777463585023309e-01
-3.684637190722893418e+00
-6.777614766186264017e-01
2.005318323135284242e+00
5.322817045073287012e+00
4.322808701992124192e+00
2.449892392085831982e+00
1.566138252037765355e-01
1.245160148422632007e+00
2.796035591901865125e+00
-1.771447346387241772e+00
-3.743810281101252802e+00
-3.651689146867878044e-01
-3.723142728693129122e+00
-8.509822312312302905e-01
3.549316240231900288e+00
3.237648605051341999e+00
-2.486069135169716171e-03
-2.235995408267123619e+00
2.215537502641924394e+00
4.625696404863879785e+00
3.653002798869571688e+00
-3.427448401173355252e-02
-2.267851240595120665e-01
5.770094530255900800e+00
1.454565346496430767e+00
-7.419762152985692971e+00
-2.242357973051167352e+00
1.326518956793298454e+00
-7.216089243466285996e-01
2.960634372054729013e-01
-7.519315262906207664e-01
1.589869213401852388e+00
-3.137872999703940735e+00
-2.750090901898010198e+00
-1.796519641379205945e+00
4.908714004055274138e+00
1.056172253447205556e+00
2.503356204480213343e+00
2.120933853487150245e-01
5.068748668639779353e+00
4.052807866160051731e+00
-1.703555721103155562e+00
5.517806621976996340e+00
8.584032746278575932e-01
8.717628356530600087e+00
-6.592670159471618607e-01
-6.428473812625399297e-01
2.104641277050009140e+00
-8.909620857750282230e-01
2.160389686263843867e+00
-2.315371384292954193e+00
-2.153947418740297604e+00
-7.391777120269998669e+00
-9.075218843955012993e-01
5.596361595767573860e+00
5.427356612729597352e+00
-3.936904814280606235e+00
5.553334033985191986e+00
6.276102735184230230e-02
-1.921395842215157801e-01
-3.473657714011126885e+00
2.091520044472372941e+00
-2.232227698720905096e+00
4.987139180047415188e+00
-3.679368069776978611e+00
-1.645099064147410139e+00
