4.107409400584642434e+00
-7.401458362613976050e+00
3.499226423716655709e+00
-3.432067320870889837e+00
4.828817273892326289e-01
-7.531589412777706549e+00
3.793252664310300837e+00
4.572969774712548841e+00
6.237555758264903716e+00
-2.849410450443522480e-01
-6.259833323954135942e-01
-8.522570794532494887e+00
3.421465209577432276e+00
-3.248429240447399557e+00
-2.233382553445098395e+00
1.562345214441823726e+00
6.910437686336308172e-01
9.402748655030476854e+00
-1.007740359454237566e+00
-2.298121686883107362e+00
-1.082482044400504995e+00
8.244603708715228407e+00
-2.989707269290258651e+00
-4.756736127809262804e+00
-8.437269454396902901e+00
-1.079874625194070603e+01
-1.629457072742037438e+00
-5.392950310084126286e+00
-6.199346766386971019e+00
2.764735615041023387e+00
6.946735872808109669e+00
-7.039764760967555546e+00
-7.354956896058171267e-01
-2.563736006437221882e+00
-1.879317950040120255e+00
2.803941597617627846e+00
4.833919512496557047e+00
1.089951005305419152e+01
-7.172350083786066754e+00
-9.394964699777023753e+00
-1.154093511287168861e+00
-1.183914509913281732e+00
-3.828256068848928884e+00
1.080794724396151540e+00
1.491651370413545230e+00
2.983582688601920552e+00
-6.115261254714351224e+00
6.004180979195767875e+00
-2.137296509889901941e+00
4.029183221993591246e+00
1.354423798541125823e+00
-3.027609192775007951e+00
1.025141371035104321e+01
5.144680753532337114e+00
1.195666405480794658e+01
8.244209976883920543e-01
-2.809851824929399111e+00
-8.127249490958366351e+00
1.980033857019605881e+00
5.156068965233490786e+00
-1.536446779021203524e+00
-4.683080282057049182e+00
2.448925933822837298e+00
-2.893880278572413367e+00
8.008582276039960535e-01
-1.255113746892398519e+00
1.541868603459183529e+00
7.663990665199142072e+00
-4.994186846148142678e+00
5.214077822775442073e+00
-3.153421971720086203e-01
3.165530451734506201e+00
-2.934268296475109672e+00
-1.266427626905802573e+00
7.617779949913670023e+00
1.161033314626346735e+00
-4.336136396155830575e+00
1.240587064847248122e+00
1.538462156048555185e+00
-9.290950620957678929e-02
5.803642698963834334e+00
7.679732206005706274e+00
-8.042786843793197082e-01
6.631306658952094146e-01
1.554546925789356049e+00
3.870296720594370132e+00
-5.759088641318236279e-01
-1.174781529711151506e+01
9.364534295280415588e-01
3.423827686034343731e+00
-4.757065387282796820e+00
3.066334612890531552e+00
-4.502807284208499183e+00
-2.476340542494150476e+00
-9.741756407299705600e+00
-3.080418469156485095e+00
7.178906616108324812e-01
-5.334743467980365139e+00
3.172740137503842206e+00
8.067924304733280039e+00
-1.038243471674554819e+01
-8.771292492615243575e+00
2.056089681899810062e-01
-3.151129055675374602e+00
1.597175064168641523e+00
-3.387086123373895807e-01
2.010663410383760841e+00
8.855336077515651994e+00
1.667731179034182665e+00
-1.102724001457314973e+00
2.214389795922642623e+00
-2.142414369308648148e+00
-1.923246523955414400e+00
-5.897864618438354078e+00
1.705171246498567772e+00
-4.472851144567480119e-01
-5.151465120149453902e+00
2.320787084117986954e+00
6.153421575922873865e-01
-1.142859583576876581e+01
7.199729567257021623e-01
3.033876326680016611e+00
3.456897665245578288e+00
2.352284097103531479e+00
-7.649609448294335756e+00
2.006878247179078478e+00
-2.545802085566101880e+00
4.575488128770001772e+00
1.213026449220984571e+00
-7.789541285681282901e+00
-3.548969845232634590e-01
6.928273663025226181e-01
9.284629898916472612e+00
3.412680270683505768e+00
-8.240049369697711512e+00
2.070494374883546040e+00
2.521698880940554055e+00
-7.623033778540185601e+00
-5.464672400782469630e+00
-3.696072540415909491e-01
3.825630531544326640e+00
3.030620122853436627e+00
2.400800782820064594e+00
3.233636650264686718e+00
5.846986201519898785e+00
4.440476497090025454e+00
7.367123245583732327e+00
-1.743477781468464771e+00
1.685501068286058279e+00
1.209125883764772258e-02
5.845808145669563416e+00
5.409607578537967143e-02
4.047451835251763441e+00
9.924734504282070047e-01
-1.201378234950872814e-01
-9.471274244379468854e+00
-4.102789685786761176e+00
4.658516795171897762e+00
6.921191640838204151e+00
-1.131923549693745645e+00
1.055062322898702831e+01
1.373322611446340602e+01
-1.615209946062716284e+00
3.262289721484078253e+00
4.198044076909590139e+00
-6.044450104726127648e+00
-8.895578342302985497e-01
-9.363947441844858943e+00
5.843354914119779364e-01
-3.751550770959593883e+00
7.050878013621636242e+00
2.629717030963022451e-01
1.425875983067229180e+00
3.409285124194279426e+00
-2.368996738699224558e+00
1.068895399089999199e+00
-3.046306331497877995e+00
4.801262195935341204e+00
8.499048884749949906e+00
9.133895915062336002e+00
7.040694690600702188e+00
4.714402892828206681e+00
-1.481943657345491161e+00
-1.594358209386290248e+00
-1.025000210749293705e+00
3.363826797292517323e+00
2.359319927703148245e+00
-1.641869315777406690e-01
1.077621803099387776e+01
1.250563656685223513e-01
8.320336920131124359e+00
-6.005466543574107696e+00
-2.779248768313632656e+00
3.264819623144042282e+00
1.684537352149223066e+00
3.202705115723664342e+00
-4.132811497226174247e+00
3.662258876512891170e+00
5.476803633070062460e+00
1.757537476986293257e+00
-6.258830799322292471e-01
-1.290076860426291638e+01
5.033048819616349867e+00
-7.892369085070424006e+00
-3.144969124418543593e+00
-7.219521814432899198e+00
5.755476306611015946e-01
1.614875587247213584e+00
-2.787369418988533187e+00
4.766641387039932454e+00
-6.464148579817947216e+00
6.296136853105652520e+00
5.626758193048944534e+00
-1.378040713149055740e+00
-7.455995195608573489e+00
6.988243204502745165e+00
9.983521762201254646e+00
4.292823252060395944e+00
-3.187974727772105998e-01
-1.822084989707606573e+00
-3.726237261703071457e-01
-1.608004441071410184e+01
-6.603399041120034951e+00
-1.756191209773973805e+00
1.158574314588623588e+00
1.750076510550414799e+00
-4.297926802746975028e+00
4.501278936606589731e+00
5.410292425278485640e-01
-3.503597058364817940e-01
9.043835764482784256e+00
2.147859815412320184e-01
7.643603148419098048e+00
-2.097907960030655161e+00
-5.401570494548645351e-01
6.080225327665948143e+00
-3.487085530247014398e-01
-1.505497542150356249e+00
-1.138493021259277249e+01
-1.904516155663327215e-01
-4.687859445720665263e+00
4.889384817351026591e+00
1.466999598227509471e+00
6.451699912318353825e-01
2.401814416295094734e+00
9.139864659919581413e+00
1.458682442626535458e+00
-5.623195862759162722e+00
6.285301084759775669e+00
-3.394748712817782454e+00
-8.427089127415701597e+00
-1.094491241274764715e+00
9.437380675119426243e+00
1.458422819297745310e+00
4.089584696851231271e+00
2.278150404291106490e+00
2.671631805669929527e+00
2.394476365372720572e+00
-9.665190901460387618e-01
-2.761165378834390394e-01
8.266202636882509225e-01
2.449970091321285182e+00
-4.490654717744821056e+00
4.848780633448564359e+00
-2.253953669429466178e+00
