2.048997132808283439e+00
-6.858237850627651788e+00
4.091380241019860975e+00
2.082366373917427183e+00
7.110902973365671453e-01
1.716303984358633627e+00
8.967273004159416194e-01
1.356371729463192288e+00
-1.951424756061681309e+00
1.412188660578144406e+00
-2.033121477013848377e+00
-7.363278306766063430e-01
5.779668495013420504e+00
3.754286155486195931e+00
-5.094655055953347222e+00
-6.379044345274973438e+00
-1.535781288327993321e+00
-5.944951943752657009e+00
6.253948773967801245e+00
7.766395283384113224e-01
3.451988808799316688e-01
7.430788157051242848e+00
-6.139943701021911338e+00
-9.213449159318292558e+00
-2.320063425600197959e+00
-6.238484948135604391e+00
2.852883744211553108e+00
-3.525945871975087798e+00
-4.287114477653118927e-01
2.974433778190853084e-01
-6.816488616150460089e+00
-2.126089691538451953e-02
-1.003704800453941726e+00
-1.435736078843237173e+00
1.275579569715254102e+00
4.849738126551835116e+00
9.710552764024111827e-01
3.571138154861684288e+00
-5.682380081819874640e+00
5.354119056602447024e+00
-2.098200536713817677e+00
-9.989253317717441405e+00
2.466844157719886077e+00
6.273072650813311668e-01
6.437904812671416899e+00
5.172979097659466063e+00
-1.684076314434485022e-03
2.733889032002577046e+00
1.172276911705796287e+00
4.002227622537742058e-02
-5.006023143021923971e+00
1.666254317720942790e+00
1.776156907204514246e+00
-2.035136723527943836e+00
7.836628444319292397e-01
-1.681775559517147967e+00
3.278312436151294307e+00
4.765372966255275067e+00
-1.685869384829712159e+00
-5.546834312008416257e-01
-2.783103855361710011e+00
1.122202083594054578e+01
8.449397009031409667e+00
6.313669098435026328e+00
-8.344548848317751011e-01
3.215910507239377658e+00
3.526540705571925116e+00
-5.896520286973566449e+00
5.913807878479821589e+00
-1.216500618449114945e+00
3.124627666169268014e+00
7.140105870200897931e-01
-2.647951383641146794e+00
8.526682881521366886e-01
-4.831248762859816637e+00
3.854621880373583220e-01
-2.433035091473353173e+00
1.207555231931959128e+00
-4.221629593625671362e+00
-2.237521734941877449e-02
7.166865442999243108e+00
1.715612837706531835e+00
-1.916518499805541342e+00
4.124800897969095104e+00
2.046837344958565286e-01
1.030823708806758443e+00
3.144600468935553117e+00
-3.960051740731140413e+00
1.070191250973488195e+01
2.435360408734281279e+00
2.447297195797329294e+00
1.023264168146408304e+00
-1.752750042908104655e+00
2.881206873552730752e+00
-3.069240356475414266e+00
5.376856039951256605e+00
-9.118042447186988753e+00
-9.398354265861669887e+00
6.192255292559674107e-01
-8.590209442425478237e-02
1.394152851334402587e-01
4.825319424177357597e+00
1.339851157052439845e+00
-1.885299689468279194e+00
3.662180546089243149e-01
-3.809500654712111523e+00
7.242506013675225063e+00
-7.055715804431628158e-01
2.703929727058907773e+00
6.062425307396015484e-01
8.568852813105582555e+00
2.084547198957184655e+00
-4.177102362055482576e-01
-1.625247760318560886e+00
-1.065464555745855257e+01
-9.374492802465645980e+00
4.240681093192618656e-01
1.827037619948528313e-01
6.616371527728901469e+00
2.862000479840093092e+00
1.011844146489701668e+00
-1.727959931275972583e+00
6.083918638656785838e+00
1.213161434801762972e+00
5.093462642730290035e+00
-1.210672898789849183e+00
4.358610702959509808e+00
-2.717996604100342495e+00
-3.679368836194582659e+00
2.530897162118484811e+00
-1.035820128730207124e+00
2.504660763180972083e+00
2.512588586665980728e+00
-3.030107314834181054e+00
-6.790413889839705952e-01
-6.023955098744620429e+00
-1.257003155491992041e+00
-1.168349650861128186e+00
-4.767409205283189344e+00
7.122122162707706927e+00
-9.187864325859198544e+00
2.282801073730357899e+00
-3.648469651883694542e-01
1.448875796128699101e-01
-3.654721330314875671e-01
1.521700829289363233e+00
-1.141794648416348501e+01
1.112841264606991842e+00
3.744861820241279560e+00
-4.265797639478095427e+00
4.199645096863156013e+00
1.077250854441803130e+00
3.486213434501168607e+00
4.095160479420235644e-01
-3.153106193326162821e-01
1.874523391724860488e+00
-2.455473928884716717e+00
-2.673474933831387013e+00
-2.953497474170987402e+00
-8.076316639783772677e-01
4.740841026149171800e-01
-2.800775776681925233e-01
-2.502818279316014194e-01
7.899020703722519077e-01
-3.614564259580387962e+00
-1.477204261109826167e+00
-5.351204587053951300e+00
2.833515132815199955e+00
1.998535962750583428e+00
-2.814102691292025060e+00
-8.039186516299783314e-01
-6.724130656770331171e+00
-2.695204086705471624e+00
-6.770970426232898909e+00
1.494338670532671332e+00
-2.561385278782826180e+00
-3.870591938976768898e+00
-1.134758444276374734e+00
-3.121407394875912900e+00
-3.408316010216108527e+00
-5.410407736482468088e+00
-1.544289691667297681e-01
-1.647001176237567144e+00
8.488001962936633227e-01
2.279047143232741934e+00
3.823151014659760705e+00
7.598401132262760926e-02
6.219853946046645099e-01
-1.323699197086862345e+00
-2.772711653754097672e+00
-5.096744008046029784e+00
9.685553524980241136e+00
-3.071142225417984761e+00
-6.528634122455237332e+00
-1.506192122952013657e+00
-2.158528162150043617e+00
1.622272168306465145e+00
-5.010934393164326650e+00
2.041949762163564053e+00
1.483152601189250408e+00
1.285516597459463339e+00
-8.055499021008510896e-02
3.546770607369255757e+00
3.844391314082802324e+00
5.019238721153492122e+00
1.113457579177812962e+00
7.686436670615484079e-01
6.048780845336425571e+00
8.778861573574985311e-01
9.691155756318906356e+00
-5.401699750496613106e+00
-3.676817312541874605e-02
1.719205972329064913e+00
1.703321352766948849e-01
-2.536090705978484294e+00
-4.686958712175998798e+00
2.959241167257712912e-01
-1.906199737048858367e+00
-1.193467389405097556e+00
4.878252011224165074e-01
-4.844270584694870152e+00
5.653481617745459431e+00
4.676934451645810675e+00
2.103198277626534107e+00
-1.093422663901969294e+00
4.386761345307097493e+00
5.675596248649124931e+00
5.130869254031920512e+00
4.792463185550002613e+00
1.154361034263750252e+00
5.188518492448950248e+00
2.947771353925262794e+00
-2.936511572476357967e-01
-7.516219697763000696e+00
-6.516215389820402493e+00
4.687788049238843513e-01
-4.612684211065826823e+00
3.264576410279595997e-01
-2.402243819403817593e+00
-1.649799288328727798e+00
7.028630604244480828e+00
-2.757837845157149470e-01
2.056195949180810167e+00
3.700593380926651133e+00
-9.125537501085645431e-01
3.641546897400655958e+00
-3.410823084261673355e+00
8.207515740698738682e-01
2.004565230530848563e+00
1.885768485779625969e+00
5.586002134968605759e+00
6.731896523408799737e+00
4.723737113576586211e+00
-4.479904138975162375e+00
3.408782440979613249e+00
2.556136048143452300e+00
1.208276568317258048e+00
-2.092615389476645937e+00
1.826709816206882886e+00
1.363487361914383911e-02
-5.042427088181928863e-01
-9.819762731206599371e-01
-5.301734786858923520e+00
5.728978193299648858e+00
4.431390003293701696e+00
