-7.838661432582310074e-01
1.807836112869734890e+00
-4.152131517177331865e+00
4.200550650523544149e+00
-2.067609398504926421e+00
-1.085293175363774454e+00
3.869607995555964797e-01
1.438162823662995082e-01
-1.935198441088163301e+00
1.893115348997943759e+00
6.246625042656292592e+00
-5.375681485928408776e+00
-3.383659209034198145e+00
-2.732101972459026307e+00
-5.676524637643010074e-03
1.254042999680351489e+00
6.609099177185084883e-01
3.255830366206763582e+00
2.392737489503867554e+00
-4.003255850628993251e+00
1.948463724397293539e+00
1.889297419295659752e+00
2.094469571011244202e+00
-3.006393967395383449e+00
-2.045756904024075562e-01
3.119126463170259989e+00
-1.040492719253367282e+00
-2.244390712527427834e+00
2.201597112186900240e+00
4.724505668512231082e+00
-1.229368781540514766e+00
-6.381995936751017062e-02
3.595719902931584944e+00
-1.319062809283162885e+00
1.220339059620571653e+00
3.139644835749909824e+00
-2.205308377693348199e+00
-5.791428178402536098e+00
-1.160926081892599271e+00
-3.340499990452371559e+00
-2.476815758245245913e+00
2.078320084510514310e-01
3.406091859330126148e+00
-6.504132378434006156e+00
3.923395592866870452e+00
4.915488578303291334e+00
5.039514634930287729e-01
1.293017519698469231e+00
1.723242470206851062e-01
-4.488566703798103852e+00
-1.004462811413288081e-01
-1.546219876020795914e+00
5.688335975416619616e-02
4.275545035864572796e+00
1.946371088402428562e+00
-6.075062410088454712e+00
-1.128466550654190659e+00
-1.793962408282716137e+00
-3.375555409358080183e+00
2.068712504505088479e+00
-1.569297950661107666e-01
-3.507751705989149982e-01
-9.036710555738078909e-01
-4.825990317051541467e+00
-3.111095159008445687e+00
-2.051935527705213147e+00
1.272724993258534054e+00
-1.737597331082585184e+00
2.201466335054299783e+00
1.002745279818860968e+00
4.714036136486263295e+00
3.857751427396739707e+00
3.084942047209825233e+00
1.136100291149417796e-01
5.877390694688496842e-01
-5.278615386176961355e-01
4.010799488284692238e+00
2.179969134717048007e+00
-1.325715146187794735e+00
-7.748546194163008494e-01
-2.663675063320622982e+00
-6.817628805558277882e-01
-4.389977110430507978e-01
-2.457448756748629393e+00
-3.242654411218302890e+00
2.124006116170089609e+00
-4.157311596862998115e+00
5.772077381491348191e+00
-1.226490828187038584e+00
9.430397315211217490e-01
-1.377594856248298916e+00
6.284310579933770624e-01
-4.831122928525771520e+00
-4.988025352726490169e+00
6.696348108240578467e-01
-3.321735652547901374e+00
-5.713246795807797263e+00
-7.840058234943079185e-01
-2.294681756206804923e+00
1.423839383632860001e+00
-3.406542151993340983e+00
1.935461186853103310e+00
2.360323723480164837e+00
8.638272804255785475e-01
-2.508760084587791650e-01
-6.813041239153213580e-01
-2.801690235341371515e+00
-1.023349339267873193e+00
-3.396278520187977490e-01
2.891183320871843487e-01
-1.262211781597659899e+00
3.466861946803039829e-01
2.214987701156609923e+00
-3.864350727249535877e-01
-3.772904104100233802e+00
-6.570140670741712041e-01
1.787638299947436948e+00
4.149750513526166529e+00
-2.377203503619108038e-01
-3.515021066559278040e+00
-2.465457794989550422e+00
-1.373440587007626057e+00
-2.744957307637843957e+00
5.257844839964636918e+00
-4.113951460635672852e+00
2.631765892572463628e+00
1.838277804225729728e+00
3.065938546804442222e+00
5.930145297497999124e+00
2.512861382626832452e+00
2.158939466162022480e+00
-4.485928543612567876e-01
5.956410898759323391e-01
2.845230793341474662e+00
-5.705283485775091812e+00
-8.758572683795489144e-01
-1.281751169574154026e-01
2.155124546927676299e+00
1.300210080394612611e+00
2.502380298660081159e+00
-1.170344550115617555e+00
-3.541149100732521759e+00
2.693577811132461974e+00
2.034270887771262304e-01
1.529493270895630808e+00
2.093850751572885471e+00
-5.443515407986572185e-01
-2.007510025626380035e+00
1.938378429449890916e+00
3.103429356365787761e+00
-1.001035282316230290e+00
1.848546488754478023e+00
-9.647733537340910104e-01
-6.081903591387858299e-01
-3.957797945670791684e+00
3.318458097532556383e+00
3.162557047468357307e+00
-3.276411694667583863e+00
1.426962396216672424e+00
-3.914332445748044620e+00
9.622664262721708495e-01
1.230484551485839573e+00
-1.707103237999305190e+00
1.949412706892515779e+00
-2.350128808426054761e+00
-1.263519702530931044e+00
-5.000131948353051747e+00
9.309269887826349121e-01
-3.031824429504708540e+00
-8.464811301887004147e-03
1.807888225847172015e+00
1.985167747682115014e-02
-2.159198761053644056e+00
3.394493426754141563e-01
1.966794499464852741e+00
4.226926643258117622e+00
-1.025912419038210732e+00
9.807678604729715977e-01
4.451431155626724978e-01
1.559454621942102381e+00
3.979692598494959377e+00
3.326832479502268569e+00
-1.034071137731727541e+00
-3.172287908514122012e+00
-1.348914037420462453e+00
-2.100607379624235271e+00
4.613548023556092836e+00
-2.225816201485674162e-01
2.068913965683117917e-01
-5.515639319089974402e-01
5.956484257251677406e+00
-7.633194751164501524e-02
1.974880541941277379e+00
2.172279840184228483e+00
-1.575309720558680127e+00
-5.015407867038332412e+00
-1.412641760126184920e+00
3.921894732814148909e+00
-2.865189394319457294e-01
-4.253541387897084469e+00
-2.246339432114663470e+00
3.293831521903495929e+00
4.314824666078806104e+00
4.768579992463911843e+00
1.918842298007858549e+00
-1.646974014171745715e+00
-9.157903405867098279e-01
6.031564588984201336e+00
1.013631642939988309e-01
-2.415959426751895567e+00
-2.212043058504597148e+00
-2.187190766657246321e+00
-1.265502919731063880e+00
3.731375053623011695e+00
2.628919157551744323e+00
-3.704311815546454945e-01
-1.704306119163666366e+00
1.707509441378433523e+00
4.086625349106318694e+00
5.044030096065315050e+00
-3.117445412202944244e+00
-2.793257891780520197e+00
5.417757010717640931e+00
2.437511029732938539e+00
-4.372889748523994591e+00
3.568023281675352099e-01
2.785420734953213628e+00
-1.608232805081094785e+00
1.243451830799276792e+00
2.800244566928170808e+00
-8.277142310538989634e-01
-1.888306708258758349e+00
-6.697097177701174520e-01
-4.489223116242596845e+00
3.362945608695633304e+00
-2.330626845606187381e-02
3.397467982629071237e+00
2.688245097360040248e+00
5.600498753525374518e+00
4.865491363108646716e+00
-2.881437455132083159e+00
5.607675087623767318e+00
1.940179690191245143e+00
7.139248060203655655e+00
-3.172948114364121608e+00
9.971258649862322354e-01
1.194274930510469956e-01
-3.372149987797178339e-01
5.600066992351762085e-01
-1.092720674482666299e+00
-3.981361071055733447e-03
-3.869688434786526798e+00
6.318634135519384243e-01
2.718636116054955920e+00
1.978999752728970662e+00
-5.635076948502701022e+00
5.438756248657353964e+00
-1.795816463242365213e+00
-1.005982360818192811e+00
-3.666549723913508085e+00
4.035704338703475891e+00
-2.798010325468676118e+00
2.967470537174492495e+00
-4.717125346322561086e+00
-2.918017269611913322e-01
