2.210829667019845068e+00
-5.668489401343927092e+00
4.257331764539096675e+00
3.490048372188435000e+00
5.231310686156640521e-01
2.539644399759858340e-01
-6.901170180895592754e-01
1.715512490412633984e+00
-8.620506056154699781e-01
2.448404924627870516e-01
-2.469021153284575831e+00
-2.011793626062206020e-01
5.123143973037027621e+00
2.266744716838914098e+00
-5.403301591237824830e+00
-5.677959269611762672e+00
-1.713413959073701864e+00
-5.913318399421562788e+00
6.614190130272747048e+00
1.073571980975897233e+00
2.178077003881830898e+00
8.515423373907667681e+00
-4.575688295280132323e+00
-8.364059917559902857e+00
-1.746782243687061920e+00
-6.411021481214780771e+00
4.828552677875364907e+00
-2.907281927628579066e+00
-1.214014965193007889e+00
1.908087333808799801e+00
-6.650906508951882401e+00
-1.232784915543690962e+00
-2.383626726244946425e+00
-1.326232617959094862e+00
9.675726988649793192e-01
4.001048628331606238e+00
9.862697825299624466e-01
4.112231606793542049e+00
-4.541531057056645615e+00
5.466802686182198556e+00
-1.756931186158316560e+00
-9.099999080493519799e+00
1.950045678649532377e+00
1.660799184054895905e+00
6.157266664098943743e+00
3.849923082150731979e+00
6.138107660078407912e-01
1.466473144672565176e+00
7.249723025436585200e-01
5.140987605311407860e-01
-4.571058990958043466e+00
1.726158449614320523e+00
9.346294050176737755e-01
-3.243383738410610562e+00
5.168071699613158154e-01
-3.407295835047012833e+00
3.312864579816619415e+00
4.327141862915725667e+00
-2.136294336746760170e+00
-7.591616172013111452e-01
-3.086318523029998317e+00
1.100778989997955648e+01
8.921752634834016149e+00
7.138456911227317292e+00
-7.580949944655097639e-01
2.084640839799748679e+00
3.266115486938052648e+00
-4.782004295326129473e+00
6.926519221240686086e+00
1.380223077196985337e-01
2.550446463535950947e+00
-4.749664105581622442e-01
-1.546270554564978639e+00
9.079415220349678073e-01
-4.544936883790898108e+00
-1.391682013426264186e-01
-2.052764965982942780e+00
2.740343372031673219e+00
-3.874909693896296581e+00
9.054885910179579778e-01
8.435784587633504472e+00
9.132325214089854759e-01
-2.038190249000430221e+00
4.589214419397130484e+00
-1.762657369396567197e-01
9.155286074987485367e-01
2.952923037707029241e+00
-3.896346948349527217e+00
9.073233203569317951e+00
4.243949945150349734e+00
2.034924877513819119e+00
1.358013017571021663e+00
-1.608724880788125589e+00
3.203961889854717526e+00
-1.890466166944632320e+00
5.872597079149019628e+00
-9.364954510367020646e+00
-9.097049420912362905e+00
6.341536611484197561e-01
-1.619276663532204674e+00
1.399779046984003794e-01
6.113518096826992654e+00
1.621600103609897037e+00
-2.508840692198133215e+00
-7.643273589595711570e-03
-3.787893625944056097e+00
7.168202667328629651e+00
8.807455411779262500e-01
2.684345751373388378e+00
-5.501132106714144987e-01
9.245107576562048735e+00
1.453255972880187707e+00
-1.155472119152766375e+00
-1.508942094202025963e-02
-8.985414566068218534e+00
-8.871999014845101783e+00
7.977161658812583767e-01
-4.746590266405734670e-01
4.291672940159990901e+00
3.086408039470152520e+00
1.298950704685142732e+00
-1.626111344009910920e-01
6.005557648183662778e+00
4.688543902215741577e-01
4.833982927214528935e+00
-1.696298820400839347e+00
3.772837519175572751e+00
-4.327433209261823066e+00
-4.256331894931265403e+00
1.778850166693382029e+00
-1.654052163570818301e+00
1.187645844648975046e+00
2.108395265321354906e+00
-1.779973251797187350e+00
-1.826611674114011041e+00
-3.662672930733819499e+00
-3.328294804497841763e+00
-1.851547993824590677e+00
-3.796097342336563596e+00
4.993108919448861371e+00
-8.627333138130964585e+00
5.702369678420506904e-01
4.595081000670526161e-01
-2.070699944852362862e+00
-5.164046079538903156e-01
1.441899772794219103e+00
-1.457477920296550344e+01
1.283811652805987968e+00
2.666779311015800680e+00
-3.730931883159755102e+00
2.879061786974334236e+00
-5.556140498208732570e-01
5.727034347152748950e+00
6.487386322106443171e-01
-1.279639970425177908e-01
2.192742090678247102e+00
-3.542313955222427868e+00
-2.227086586370088384e+00
-4.011619564485537914e+00
1.677741014164400468e+00
-4.713381075197309311e-01
-7.956386703146151040e-02
-7.740085573291813903e-01
1.445001287125215139e+00
-3.101610808002131847e+00
-1.923112954798629648e+00
-5.499788260932484185e+00
1.344273080871589920e+00
2.965715149883837665e+00
-2.606667224504575664e+00
-1.329466942308963562e+00
-6.588754880783905143e+00
-2.805393979869020171e+00
-6.243170675113486112e+00
2.160407068119984952e+00
-2.143655596148509090e+00
-3.230919231801226310e+00
-2.458544598927277391e+00
-5.045990348151724980e+00
-3.149532779338473976e+00
-6.372205843347925835e+00
-6.116562039581574517e-01
-3.385788509234888832e-01
6.902678905929650055e-01
-2.222260468215305762e-01
2.228904059423784556e+00
5.784493694347443427e-01
1.213097179533646042e+00
-1.596876335689739079e+00
-1.675438720713222196e+00
-3.182252425472224200e+00
9.692794310618308984e+00
-2.411352081622085031e+00
-7.994409702195808265e+00
-1.970543208748129160e+00
-1.481505565659912760e+00
2.659460190899188614e+00
-4.126400510927179965e+00
1.048666858692907766e+00
1.607415719468026083e+00
8.805779917181573158e-01
2.691454114017201027e-01
8.123990623687276091e-01
3.542525140106268289e+00
4.718908277915014438e+00
7.072359902156233336e-01
1.092823313423401332e+00
6.446877563733783845e+00
3.925296119750902424e+00
1.016311900117970346e+01
-6.691297047250073682e+00
-5.438335456672039880e-01
2.343450118048355235e-01
-9.376547413532934083e-01
-2.682226310757777732e+00
-4.232384462244304757e+00
4.998039077045025591e-01
-2.144646903205838395e+00
-2.354720358386408474e+00
-1.295298387894757486e+00
-5.381668387275799326e+00
6.960106769697834928e+00
6.040054712151741612e+00
1.792672038333785078e+00
-2.365012889092646287e+00
4.655290287825164519e+00
5.672509395471083238e+00
6.686875731701761083e+00
4.468910671173800253e+00
1.008489581716395911e+00
4.447912161077629101e+00
2.749225050152428462e+00
-4.322502694661138900e-01
-7.657967451119551683e+00
-6.578216211208899544e+00
-2.597539416347734997e-01
-2.085034433691749900e+00
1.210427234041154598e+00
-4.176483857533757948e+00
-2.026139304593825408e+00
6.603651135406121142e+00
-2.275267354356624860e-01
1.033155992162001269e+00
1.603057739647077096e+00
1.189106475975201666e-01
2.783708254739793997e+00
-3.263169575462800509e+00
3.186967667165241380e-02
3.066991984331119081e+00
2.514728131218555873e+00
8.152857218868835076e+00
6.772732008243859347e+00
5.405495989327985029e+00
-5.944027482253157579e+00
2.908997827811119041e+00
4.372190165083361890e+00
5.082244380320595223e-01
-1.933690091401860656e+00
1.919267152310196067e+00
2.069761899368951941e+00
-3.994769391644470424e-01
-1.559363896230812729e+00
-4.883519827015272874e+00
4.391902061685327041e+00
4.307951112234503555e+00
