1.432548443248261361e+00
4.337345605584647323e+00
-5.562942359798558556e+00
4.631324836032244541e+00
-2.039705958655058549e+00
-1.018745847842138952e+00
9.071579067305451938e-01
6.804961301425604958e-01
-5.086447258149151551e-01
1.060980743823031647e+00
3.832965015183329438e+00
-3.044938066648772867e+00
-2.428154521941768618e+00
-3.343430188694869187e+00
-3.359251631433921581e-01
3.724334091826806414e-01
-1.624012853048630856e-01
6.131441504836219192e-01
2.590834616474797514e+00
-5.216001121909819460e+00
3.107426117834059198e+00
2.039821860969516898e+00
1.325125902617024343e+00
-5.342401751310291935e+00
-7.377047958325355648e-01
2.739913034190721408e+00
-2.257974491263023520e+00
-1.607805502884381399e+00
3.741106969771025303e-01
5.068003229323974956e+00
-2.198119634846986692e+00
1.170447295858284553e+00
4.090653444681563222e+00
-1.783577004164556445e+00
5.866294833892791161e-01
2.622595390481860633e+00
-1.500248215682747244e+00
-4.933873096576886219e+00
-2.108408888789667368e-02
-3.816644738665720737e+00
-1.039879494454327036e+00
4.109981794795450338e-02
3.002801388311542308e+00
-6.189776185084759241e+00
1.625585411565714233e+00
4.370960771895263441e+00
-8.152430390015752426e-01
-1.083240616922213073e-01
-3.615450255305587834e-01
-1.864590968711866248e+00
-7.211045014290518029e-01
-1.164575747973537467e+00
5.537102669507609765e-02
4.280148569419450766e+00
1.845403765440776889e+00
-4.495680874833670515e+00
-8.692835294759019282e-01
-1.471351137726080172e+00
-2.094059747168422358e+00
3.966406811402426680e+00
6.197500944692813096e-01
2.266778628133513107e-02
-2.479500403373997131e+00
-6.392787181376873740e+00
-2.003454998002338172e+00
-3.414829351795686030e+00
1.254716563378751593e+00
-2.189513510652923323e+00
1.646728414016443764e+00
1.568334537004188567e+00
6.556727079008986436e+00
3.030096470619132010e+00
3.924252201651933003e+00
-1.924312401596346145e-01
1.280641386676133475e+00
-1.356618340899237829e+00
2.581282645698125044e+00
2.388312819394749820e+00
-2.814449577069869646e-01
-1.172688636099216364e+00
-9.288327711078636639e-01
1.979948413187536449e+00
-3.340752338318401238e-01
-3.569912424980063115e+00
-1.837945458188795955e+00
2.637354220660008242e+00
-1.512128802562773044e+00
7.136503538976899819e+00
-1.365447217769508281e+00
7.894643454911374203e-01
-3.464053558438686675e+00
-1.997944110584452815e-01
-4.575001565393360003e+00
-4.196282077570526958e+00
4.414232933175898932e-01
-2.978099267510208037e+00
-5.084295844535845710e+00
-5.450054234046448620e-01
-1.769526833275623989e+00
1.812055345813317508e+00
-5.537338274362793022e+00
2.835856282301991715e+00
2.070907189244475699e+00
2.261100545009655516e+00
-2.177203402308813818e-03
-2.940804322308549601e+00
-6.250840994926961436e+00
-1.367983619467418588e-01
-3.717174382587649983e+00
2.703704745759383687e+00
-1.444709406923547990e+00
-4.498279892344776987e-01
3.732075588204014860e+00
-1.585006161624967103e+00
-4.393485403462243255e+00
-1.588801696077756453e+00
1.413569706588332364e+00
4.026211659974063828e+00
1.401672670110672092e+00
-1.647494616306829140e+00
-4.740457683623861662e+00
-2.585850490458547313e+00
-2.992096860894538413e+00
4.494102525115024171e+00
-4.517768736501441396e+00
4.489448700460278552e+00
2.422895679874288444e-01
4.403555403842827509e+00
7.396758641974998660e+00
2.325375921367511367e+00
2.031017602291131041e+00
-1.239561064141576630e+00
1.565448229663730872e+00
3.857215358845544895e+00
-7.066093479248655385e+00
5.573459952063386513e-02
6.359942847152302292e-01
1.915500942904909909e+00
-4.760810028715182218e-01
1.373317665500576323e+00
-1.561969573997918026e+00
-2.255354540304466138e+00
1.823916755371631560e+00
1.844551573784714016e+00
8.832311094545434171e-01
2.391186778552648384e+00
-1.451261767898201382e+00
2.718702021440923544e-01
1.633120384581726592e+00
3.954640144169886629e+00
-9.094557811498851230e-01
2.322005354343565475e+00
-1.921333900806008410e+00
1.654312267193435826e+00
-4.508571325095561022e+00
4.185887696808395120e+00
2.907754502814374309e+00
-3.800224764311938674e+00
7.795774824573011852e-01
-3.516460026432956631e+00
1.553054995818227813e+00
2.314949395534778631e+00
-1.515075067389712871e+00
2.296960477426726932e+00
-2.344085827411919176e+00
-1.977324364085522701e+00
-5.121591833961547380e+00
1.971294711953068546e-01
-1.727704585066796028e+00
8.898160339933885998e-02
1.665528674938914877e+00
2.009652084679131256e+00
-1.797398320547993311e+00
1.693706327511229404e+00
4.344231186876801321e-01
5.022974967109358424e+00
-9.619093898240382856e-02
1.186276227829043073e+00
-2.945133273047789157e-01
4.073118064737144550e+00
5.790378800029744255e+00
5.224000524015175451e+00
-1.413359323477779705e+00
-1.910092576357260485e+00
-1.058434872739080879e+00
-2.607778758819408793e+00
6.003669577167862315e+00
-2.301715364555436238e+00
-7.288927716819846303e-01
-1.305653597234823327e+00
5.474342667564349618e+00
1.445087647452955704e+00
2.682316547693090580e+00
1.773542828956848227e+00
-2.027806268716374039e+00
-3.394563307640020344e+00
1.415115768604684909e+00
6.610244984787152944e+00
-8.063100467261832272e-01
-4.537290476377554782e+00
-4.069394559756890350e-01
1.753725715917773487e+00
5.956606961388996702e+00
4.421304596198304182e+00
2.188876652144540635e+00
-1.749809088715152949e-01
1.033456464158516663e+00
5.492048116218754217e+00
-3.468633378749928498e-01
-2.045804595655381863e+00
-2.179948972618128256e+00
-3.065625682284549125e+00
-9.875233302534097701e-01
2.710050090894748465e+00
2.548242506374808425e+00
-7.332974932313396366e-01
-5.658668020474015847e-01
1.941315005891926848e+00
3.959385720250250262e+00
4.570276192459672870e+00
-1.334772241230739009e+00
-1.665202781037843138e+00
5.408557669349367991e+00
1.137140313968028948e+00
-7.781641892069966815e+00
-7.876659433384836095e-01
3.087843826979123740e+00
-1.379380061783266775e+00
1.698732026233276571e+00
1.268155235828198890e+00
-1.569575434833921035e+00
-4.157336008590351462e+00
-9.523855059764250175e-01
-2.734449237244721331e+00
3.736024410762257997e+00
-2.293043264154158711e-01
3.385495700614405301e+00
1.287358424637243592e+00
5.750652313112079028e+00
4.141099243907997440e+00
-1.500365000978897356e+00
5.324991268551910295e+00
1.457185617830904611e+00
8.642104538273274628e+00
-1.295617544897804452e+00
7.218061491445032507e-01
-1.448143877116394140e+00
-3.362305471850427496e-01
1.487870973261451013e+00
7.019124570434926991e-01
1.090298490736580361e-01
-4.209938246322207256e+00
2.014002282878644134e+00
2.875275749718852580e+00
3.130894007425428782e+00
-6.439691730983766682e+00
6.884983980101531564e+00
2.107133192345743700e-01
-2.004655311969000930e+00
-2.279932455930732349e+00
3.213207305872688657e+00
-4.201506535363902728e+00
2.828460688318755079e+00
-6.510034452298781638e+00
-1.159361505437374262e+00
