-1.389214662627287433e+00
5.573631881487382422e+00
5.137175530459201056e+00
1.406979365227553291e+00
-3.854593771942295799e+00
-3.208157672723687792e+00
-1.262593583073565062e+00
3.178409558750805441e+00
-6.045941513372083520e+00
2.289237756045296113e+00
-2.596532239123910735e+00
3.757080820709727931e+00
7.437287707946094173e-01
9.482849880197181669e-01
4.926176108243674356e+00
1.437616560112930930e+00
3.011494688110521345e+00
5.607988286513991838e+00
4.622499469624249180e+00
4.292114649939006377e+00
-7.905529063535418288e+00
6.846245747419852368e-01
-1.696271441035411609e+00
-3.754213424514060371e+00
-4.011013817686840177e+00
8.398475284197955304e+00
7.484606528578380491e+00
-5.308870790840577669e+00
5.638549468375713136e-01
8.219463422605620906e+00
-3.975206510493482615e+00
3.691133110034332532e+00
-3.382663336636813955e+00
-4.655731052923492430e-01
-5.236574101233715695e+00
-1.942228432072900191e+00
3.016044431814427718e+00
-5.309141025590018437e+00
-6.181546194883359435e-01
1.656400566864912438e+00
-6.928072127693987170e+00
-3.019150440256304524e+00
7.137390810869098878e+00
-9.307702284432052053e+00
3.535663784854498615e-01
-3.068712884295827337e+00
-1.884128065230408877e+00
3.596020531356233008e+00
-1.084924444260297882e+00
-3.009681148199687239e+00
1.514471547021375875e+00
-1.047849402225301985e+00
5.676148716776880931e+00
1.175120385549821345e+00
-3.481078812264113864e+00
1.975497818028497221e+00
-7.031770417128877515e-01
-1.145466822053798905e-01
-6.508916390570072430e+00
1.959374402001569315e+00
5.080747645478160379e+00
4.479163299473910342e+00
1.588303775225226477e+00
-7.512873421821153475e-01
2.979861334819353225e+00
-4.174132583415736342e+00
-2.334676001411216895e+00
4.566718614885652561e-01
4.801356670425626305e+00
-1.986010079618637292e+00
5.233263156430590257e+00
3.612043778895864587e+00
-9.443918246097398050e-01
-1.727142545800298690e-01
-2.647525985650613922e+00
-3.181695391249151239e+00
3.437092559913740963e+00
-3.585242556826729654e+00
-9.046193695368170973e-01
-2.451286024537722597e+00
3.754295142212781933e+00
-2.318040107796864646e+00
5.972569221119171878e+00
-2.036657943825077588e+00
-4.623866888038028478e+00
-2.872479581639680646e+00
8.262389812361211838e+00
7.043488735790259803e-01
1.140002127902800533e-01
-3.930943273446693809e+00
4.867929959455173261e+00
-1.714810106793706712e+00
2.859334372775267585e+00
5.034085051107325626e+00
1.840019419883835106e+00
-4.811678698737064330e+00
4.537054528130923359e+00
-4.883905870399013471e-01
3.983665920068190092e-01
-4.788117443370733639e+00
6.108539678289164776e+00
-3.548422368268218552e+00
6.242656978749777430e+00
-2.690133490554696305e+00
-2.611456053298447433e+00
-4.526607637436313780e+00
5.788942736773126541e+00
3.593545502869758934e+00
3.237411307258977633e+00
-2.392114337196092677e+00
-2.791803949084151082e+00
2.723956643654639187e-01
-1.627403973545135552e+00
-7.449410725349367546e+00
4.343695070821393944e-01
-2.433001888045274619e+00
-5.583224476048230800e-01
4.397066365498889517e+00
-7.702906188826624145e+00
8.430062890657318286e-01
-6.221793697802263656e-01
5.433189133574160001e-01
-5.589324316752104505e-01
2.004520735230649331e-01
-4.030558188957824584e+00
5.255423343420415172e+00
4.181062749801371381e-01
-3.001426429976318477e+00
1.024054361071885078e+00
-4.551134306003384644e+00
-6.547977815160541226e+00
4.898560437982698801e+00
2.375519894517715169e+00
4.156981343934774920e+00
-2.247505094195186182e+00
-3.666997958772199029e-01
-3.038607953609453460e+00
-3.084914746122850993e+00
8.532486342876458352e+00
-6.667164426497003582e+00
-6.415850031968934886e-01
2.649415582192775620e-01
2.651112269729314908e-01
8.954414715742988751e-01
6.867870716601730541e-01
2.387899883095790265e+00
-1.346937896078230779e+00
3.389078040685776116e+00
3.446408303156931918e+00
2.710705180211207654e+00
7.647333597830787255e+00
-1.605219502621758831e+00
-6.196245772924457995e+00
1.955116307811701759e+00
-2.064814048254048462e+00
2.874826291329365180e+00
3.186974487562420411e+00
1.421802415410898357e+00
5.584505523239122304e+00
2.061071547943570614e+00
6.797733004739201501e-01
-1.239175906349399670e+00
3.699657704413295445e+00
3.616627977599476296e+00
4.038181004668548013e+00
1.968974038183924025e+00
5.749183037776239402e+00
-2.023414051454530238e+00
-7.320737703240292049e-01
5.115924473332201572e+00
1.837807509832535935e+00
6.019142097005993897e+00
-9.092840184134958204e-01
3.060686163675025995e+00
2.555726342943861251e+00
3.075550918061357830e+00
3.893000821137695411e-01
3.536414250770526735e+00
-1.342727456902209182e+00
6.820516254575814674e-02
-4.041219380969136132e+00
-9.078967983725200197e-02
-1.387438318158284778e+00
-9.209988185285145068e-01
-1.014950545273102467e+00
-4.908609099408765886e+00
1.025637711168061461e-01
5.557295619200967041e-01
-4.997578060889585894e-01
-7.064356142714617981e+00
3.471116614458264138e+00
1.395876518804370914e+00
-2.050846595558307506e+00
-1.201432285838565317e+00
-1.982687867852184427e+00
-1.476058783304329269e+00
3.990536468009048821e-01
-4.593365499185337875e+00
-4.609592932973720636e+00
2.639253707131431703e+00
-2.169053064942742637e+00
4.962599252796391802e+00
-2.009048640385895368e+00
1.166577609502568835e+00
-1.079791268818030670e+00
2.383567693833329226e+00
2.107038505792946381e-02
-1.514729136720338154e+00
1.936389555210635827e+00
8.374296250423912014e+00
6.057986363221510295e-01
-2.644474477983707494e+00
5.635220507068532392e+00
4.782344756729159929e-01
3.929658029959020915e+00
-1.084481671257178093e+00
-4.128203433400427613e+00
-2.073334685374708997e+00
-5.229041626490984473e-01
-3.761403217485197459e+00
2.813907685203035358e-01
-6.742069497604400441e-01
6.345575238401932161e+00
-1.420227360764666713e+00
3.854797691231163892e+00
-5.062388978806581008e+00
-5.329430111784504653e+00
-5.363520416418920966e+00
2.947825145518837342e+00
3.265831903442139694e+00
4.836782568698381746e-01
-8.461951278129211218e+00
-5.642576389591197561e+00
2.691386467720170650e+00
-1.815088305434684468e+00
9.641885981241866688e-01
6.425908468722554723e+00
-6.419621730350897337e+00
3.114750501159877949e+00
-6.599140753051153663e-01
-9.250310098045016360e+00
-2.948428356971515729e+00
-3.632702881304031628e+00
-3.593209710612752961e+00
-6.710892848001420496e+00
-3.040678496184232582e+00
8.982553409888113904e+00
-2.084995297881852228e+00
8.800728730347692874e+00
2.537233783116302988e+00
-1.919627404813494476e+00
-2.716040077696664223e+00
1.832173206780320251e+00
3.844366129242009489e-01
-4.374212496471133527e+00
6.382029697449342009e+00
7.377755551266067080e+00
2.384238246374184911e+00
2.130543217741574846e+00
-1.856889854947614271e+00
-1.746894367522000113e+00
-2.223939469061428031e+00
8.244086110540236323e-01
2.205952745697522754e+00
1.500338172035945661e+00
