-1.142795263013286045e+00
5.042811634340594651e+00
3.466209171933930300e+00
1.017274659388676783e+00
-4.461006668306405132e+00
-2.970542064017255512e+00
-2.167309272849064605e+00
1.406415973798556873e+00
-2.484047147616695206e+00
3.734359339585930915e-01
-1.627545991464321329e+00
4.904639714019630503e+00
3.488839766284057564e-01
1.564018423042370820e+00
5.126034686546846686e+00
1.935301524540381513e+00
2.684201122105157822e+00
5.818346830804653536e+00
2.579937828346117179e+00
3.596199582467539013e+00
-6.120479820662815484e+00
1.216387366930885339e+00
-4.123573917620813489e+00
-3.938377636334529530e+00
-3.343912575471945647e+00
6.753550442329440351e+00
5.843924408591432140e+00
-3.225910919034434610e+00
-8.321906660637623521e-01
3.144845519852165427e+00
-6.052348036857670976e+00
-7.628280095691220009e-02
-4.329236117068333556e-01
1.307196835000971946e+00
-4.816907672515528205e+00
-5.621894803444644761e-01
2.916067901966995723e+00
-6.549693126010843969e+00
-1.012713538303221528e+00
1.407455669050029279e+00
-4.651881573815451532e+00
-2.448827266369950628e+00
5.927449721344012268e+00
-6.752127701589188291e+00
-3.937388718317825220e-01
-2.402667306141502479e+00
3.293798964180364441e-01
7.735230178468166518e-01
1.197673744092108694e-01
-1.581413109114782056e+00
2.878648214825873186e+00
-3.582936096680704452e+00
6.900644058780368795e+00
9.599255361311145318e-01
-3.104507933145857823e+00
1.785103583261758553e+00
8.985512074389074844e-01
3.383443291219171978e-01
-6.526364563050811363e+00
1.643650784883723626e+00
6.354812248226161309e+00
2.267554485442286327e-01
3.142399085938135439e+00
2.796407424283158250e-01
4.352838159171757759e+00
-4.548864337565273530e+00
-4.560203176479206810e+00
-2.742091329061641658e-01
-1.134845072869767435e+00
6.563831216225576304e-01
5.034615890448956854e+00
6.029200464720930519e+00
7.074507131068893395e-01
5.896221954200389082e-01
-1.354733813619524607e+00
-1.266581352964073925e+00
9.520835463754522277e-01
-3.363531040648721770e-01
-1.471818058570841803e+00
-1.368228121291439781e+00
3.500903444173661061e+00
-2.190572295425830873e+00
2.303045606091440600e+00
-2.366579671178014266e+00
-6.418537138335182135e+00
7.806190468370266533e-02
7.888089948635301774e+00
8.508332237221598593e-01
1.457146446933953010e+00
-1.167865873801067433e+00
2.339493606004691806e+00
5.077041186809383433e-01
2.071171660070917575e+00
2.679554090244494091e+00
1.096382343135632986e+00
-2.067988421431111945e+00
4.837285926743655651e+00
-4.193059718709546857e+00
1.545426168056623473e+00
-3.329331958402283576e+00
6.650791823934437907e+00
4.970371174355467936e-01
2.005251669382287716e+00
-1.795877808751018545e+00
-1.241511310032422433e+00
-5.616521740937634455e+00
3.026159337145239547e+00
1.863973867867836365e-01
8.366237068580808511e-01
-5.344743810258190564e+00
-4.424880088359129715e+00
3.247361480550264856e-01
1.409849709817228014e-01
-6.380079220281623442e+00
-3.142476469455147137e-01
-2.733770295807876671e+00
1.261485468392195552e-01
6.564754396169945494e+00
-4.369381234882341758e+00
-2.861361626647085377e+00
-2.700245436401276677e+00
-4.622709678605698702e-01
-8.639880027578712429e-01
-2.351121542909097029e-01
-1.079776090326477478e+00
4.160794203655250989e+00
3.047370280686606536e-03
-1.364076593460624487e+00
-1.583028248339969357e-01
-1.309685110752519588e+00
-6.301946918065508996e+00
3.315841398787867433e+00
4.330901524919705814e-01
2.812088517814948396e+00
-1.831251439417855842e-01
1.868242894729187809e+00
-5.146657852105975373e+00
-2.388647751381836493e+00
3.690345070408099559e+00
-6.142504598036861552e+00
1.476388909253955051e-01
2.132010784959187943e-01
3.424985270055683095e+00
2.254894150296251176e+00
1.994054974852835560e+00
-4.025429525884439697e-01
4.890157932149634679e-01
3.145632601202504652e+00
1.440493188893255061e+00
2.067736189012905346e+00
3.747462845096225070e+00
-2.290939879945004254e+00
-4.587560840118006134e+00
-9.840771279896951551e-01
-3.073932454362847011e+00
1.214348897622339329e+00
1.885291483088006093e+00
9.419289290805419324e-01
4.273403404591933352e+00
2.986789672450670619e+00
2.080322495855618792e-01
8.928819667792609049e-01
1.847633757238270391e+00
2.472889793945867165e+00
3.076666335028791721e+00
-2.396432003091235607e-01
3.495411955586136710e+00
-2.149279658216752154e+00
8.406033468781113349e-01
4.350622328888384516e+00
1.299277051581488873e+00
3.223216848666679013e+00
4.617135735251959305e-01
3.895091135136190097e+00
3.313363473456318431e+00
3.251751476681034703e+00
7.622205333918572467e-01
5.359640808714490667e+00
-7.556888257324464453e-01
1.702796612130934306e-01
-4.132509442110087861e+00
-9.431036395786821513e-01
-2.528837743994326370e+00
-1.153893838672573002e+00
-1.633979850581214421e+00
-3.322559130795928795e+00
-1.285036193384116787e+00
8.372771537780463458e-01
2.520595279658157661e-01
-5.369123920593011690e+00
1.656496044329873740e+00
-9.036834320106177376e-01
-1.666675505790083278e+00
-1.093413069986476138e+00
-3.906800898299135127e+00
-1.400574099564736663e+00
-5.618039997418357023e-01
-2.535717980095914648e+00
-2.720860653715367672e+00
2.773866810906461478e+00
-1.118916778249682276e+00
5.971281762122734094e+00
-7.090144111787689551e-01
2.619031717055473329e+00
-1.344955072643904348e+00
6.659875902235298240e-01
6.222707941194918213e-01
8.537196256539794081e-01
3.359739432134090098e+00
6.594584516922351369e+00
-9.035452397474855735e-01
-3.061990294242484811e+00
3.853263400264224980e+00
6.715937464018035818e-01
1.950777707162559382e+00
-2.794375392055010732e-01
-5.002882296563527120e+00
-3.072434588430965174e+00
2.321088856030233960e-01
-4.537674988711107638e+00
-3.567642102021251205e-01
-4.889271874144558439e-01
5.818832866198734521e+00
-6.487920191442242412e-02
3.424343763393501661e+00
-3.041467206584195004e+00
-4.050736119296835192e+00
-3.335807729592001003e+00
1.126293974123861119e+00
5.423692712930683335e+00
1.887366018475986063e-02
-7.171621127075717084e+00
-4.204007056969849110e+00
3.174948027326286226e+00
-3.954336166097597527e+00
-2.462582767862844246e+00
4.665190540975526545e+00
-5.942349660861928839e+00
6.788650813359315972e-01
-2.656827786397167657e+00
-5.853841654976913667e+00
-3.303122989293628464e+00
-3.921930580749410034e+00
-3.736664937517996776e+00
-4.165649241445669837e+00
-3.010931085173288224e+00
6.870880658977871924e+00
-1.862511771482307843e+00
8.539012704313634572e+00
8.991819865972350279e-01
-2.313828778674454245e+00
-6.304178379617986216e-01
2.127109392139256538e+00
4.156818034967820097e+00
-3.066036806856821784e+00
5.952587371308419861e+00
8.358438761334877398e+00
1.833858289193730950e+00
7.107702809411083900e-01
-4.124446180028685793e-01
6.043687685559440137e-02
-3.891458212395704219e+00
-3.488133431151325126e-01
2.634614807998020503e+00
3.955415102805427630e+00
