7.326937720891481653e+00
-1.120602323792186006e+01
3.792383296921178371e+00
6.108792000070423001e+00
-3.447849342250369098e+00
-4.488496792503883448e+00
-3.997041966034182270e+00
5.470822990953736031e+00
2.374058970317164174e+00
1.843343643678736710e+00
5.099666754051629169e+00
2.139439525686938737e+00
1.084367508264779234e+00
-1.548948549870641456e+00
-4.134966670138673805e+00
-1.117640271785003137e+01
-9.155178563613723952e-01
-5.024370843514089913e+00
1.877159290533102709e+00
-1.065201269813949470e+00
-4.537064746510754532e+00
6.872998427703119972e+00
-7.501664289501561278e+00
-2.214193765732420260e+01
-1.870492902457312923e+00
1.332768359829399341e+00
1.744642215233416671e+00
-1.336991191198317708e+01
-6.745376856161938051e+00
-5.453973292849315868e+00
3.865214921328338438e+00
-7.932786718960126215e+00
3.763754662396801010e+00
2.261221601564758377e+00
2.551169472716662501e+00
5.543791396292101048e+00
2.270609820660328904e+00
-1.196267405668823613e+00
-8.767069067244735336e+00
2.636647049560432610e+00
-3.493613690018511519e+00
-1.202901962570457961e+01
-9.748302464124796174e+00
4.828074217341602470e+00
7.131503761434823119e+00
8.312713276169292342e+00
-5.645030515877876631e+00
5.503764302191834545e+00
1.658669416926801921e+00
6.173730773914822834e+00
-5.056478748264193968e+00
4.059885411256125565e+00
2.600946004158061875e+00
-5.162642623089196192e+00
-2.777745428948639628e+00
-9.290468668063228463e+00
-2.400329443603315571e+00
5.921853150626448237e-01
-9.235277467053539802e-01
5.744649621653437066e+00
-2.235800355960761543e+00
1.548497076200941613e+01
1.233872746244448493e+01
1.107385477649865990e+01
-3.276988081512961060e+00
1.027075396644001382e+00
7.962722393766648921e+00
-9.338962549578617711e+00
6.454064986244183011e+00
-1.522614549145978602e+00
6.761370276002420354e+00
5.627163431875233712e+00
-1.079861852833368019e+01
-3.212257418226344363e+00
-1.175989162449837622e+01
2.582159289432528482e+00
3.010880874730962997e+00
7.994880069031905734e+00
8.753164056170929186e+00
-7.652900429473076471e+00
6.889641369372379920e+00
3.718639451035361976e+00
1.286356493485338204e+00
1.429865774893978880e+01
-5.015031186367478355e+00
-1.267074576728469015e+00
-4.081046484623283455e+00
-8.582078556239155498e-01
1.264880140980142897e+01
6.666118944948253855e+00
9.593599832619972290e+00
-5.304537683898650435e+00
7.535381370235771925e+00
3.232624189972304052e+00
-9.058579318113450185e+00
1.084015041852914329e+01
-2.169280290425550373e+00
-4.549483327752945172e+00
3.766395930074260434e+00
-4.027526788335565655e+00
-1.374564596202536126e+00
1.451494863422969139e+01
-1.386508924460225334e+00
-6.393476934231398623e+00
-4.389884464336663017e-01
2.086246137761175401e+00
1.315391801188862786e+01
-4.061097413193920147e+00
5.622542287806716388e+00
-3.964264475766015483e+00
4.818921109061948371e+00
1.968255256509472417e+00
1.179743718546277798e-01
3.581786214219323750e+00
-1.355937084109624990e+01
-1.847328645708799044e+01
1.211600839906244786e+00
5.770669867111954510e+00
7.472784808469833173e+00
7.725748627742088814e+00
1.964881421091721814e+00
-1.207764201296463114e+00
1.196393838783093244e+01
-4.518839283832946307e+00
-3.708494101860465797e+00
5.959047949434757463e+00
1.020168511682114598e+01
-6.619051968746402004e+00
-5.776841152797786982e+00
-8.779141221599074951e-01
-2.090326683216431336e-02
2.944997755043762488e+00
5.576081564720503536e+00
2.198385399079124447e+00
-4.327947428199500735e+00
-6.708295904375715324e+00
-7.650704096706913759e+00
2.327646826563241511e+00
-1.813162866419207653e+00
1.365881695815840047e+01
-6.178203135153617076e+00
3.258716200290393772e+00
-4.288298854479966948e+00
7.851464443300694818e+00
6.314967467436223281e-01
-7.387486660414240625e+00
-9.938947433104139861e+00
5.424345996208540299e+00
3.009380279554848547e-01
-5.776556844245192224e+00
4.324348482382130321e+00
-8.045690181702912724e+00
-2.964185067055986167e+00
-7.885591971630210750e+00
-8.577358739288686307e-01
7.292216896496957368e+00
-8.975978386575885537e+00
-6.196114299845167928e+00
3.155831341760059416e+00
8.623209450002962129e+00
7.037204550600227648e+00
2.562200714459122786e+00
-4.023189010335854299e+00
-6.328597767757834225e-01
-2.443466084022320572e+00
3.494628281326078056e+00
-1.331930075288643156e+00
8.621581474089474284e+00
4.058289501673100652e+00
-8.695798415032177653e-01
-1.034314729929644727e+01
-1.025285368898999216e+01
2.921748830915261053e+00
-9.024773689847320313e+00
7.217194884464007920e+00
-2.678782995463207417e+00
2.016159071268262437e+00
-9.387002710467248434e+00
-8.398628399490194241e+00
-9.451706017751639877e+00
-1.378194517516043494e+00
-1.007474884943589011e+01
8.436080527852379163e+00
-4.578968400405898365e+00
6.817242453767407007e+00
6.469821047371084433e+00
-7.094772249644304196e+00
4.712426747061872589e+00
-9.832252662961328937e+00
-7.770574652204854438e+00
-9.087128114803430634e+00
1.409283593143703506e+01
-2.744399995956782856e+00
-9.749463792068768342e+00
7.676544420450264194e-01
-7.270802614295499566e+00
5.819794009897329978e+00
-8.096527191474294227e+00
1.596060866172341441e+00
8.992473190141756945e+00
-5.387292845744716452e+00
5.262252570857372191e+00
-5.344758430060410070e-01
7.783022096812611146e+00
2.318407316212114821e+00
-3.063901771454620615e+00
1.330395810965402159e+00
5.157276298490896416e+00
4.641417750960016519e+00
7.890774683886373708e+00
-4.351427305552681091e+00
-1.262184221843093646e+00
-6.673431839056481740e-01
-6.534439340276099184e-01
-6.340158636278593995e+00
-6.788931512968435555e+00
-6.271264029308364352e-01
2.615051925935083510e+00
-2.625374958007533621e+00
-3.547155484082254784e+00
-5.542982891321650563e+00
8.272334742644551042e+00
9.234511809202082588e+00
-3.932598207372656418e+00
-9.383835760053687025e-01
5.272812391727982551e+00
7.424415642852611796e+00
5.706669860694287166e+00
1.170570730380072200e-01
1.491156718295593819e+00
1.308296285275726056e+01
8.514176739975095387e+00
4.387937884128020327e-01
-9.181892231500825119e+00
-8.326823576654396319e+00
-3.554008866200995875e+00
-7.154361445132075836e+00
3.741031207443059059e-01
-2.914967669483220725e+00
-2.939975787167250498e+00
1.049643582168303113e-01
6.223112674849138326e-01
2.878943367466525238e+00
3.072521526073984433e+00
-6.886198004674547235e+00
2.535489204231764049e+00
-1.744200163458538566e-01
6.454818190074093742e+00
1.485073204496870414e+00
1.054829467919402575e+00
5.151298833125905752e+00
3.913626172808946535e+00
7.967731174147811402e+00
-5.522352697574518743e+00
-2.464486620395401673e+00
3.732825747791369775e+00
-4.618390888819427609e+00
-5.074460429051702803e+00
-2.901644870850069502e+00
6.078501549727866049e-01
-4.787443344663278033e+00
-4.108664096115522746e+00
-7.701766049633676836e+00
1.279903408171903934e+01
1.630867983620426642e+01
