1.338854705688381275e+00
3.811761999970617598e+00
-6.959827140334475359e+00
4.575755521793848146e+00
-6.635566535866530558e+00
-2.593326940623001953e+00
1.308001403996308820e+00
-9.924090860517635893e-01
-1.737490874305579691e+00
2.837217624979044839e-01
3.755350920614934473e+00
-3.722666196988440479e+00
-2.237822532923620766e+00
-3.714493563745751903e+00
-1.872640954292488669e+00
1.726819670237380588e-01
3.766393002302502957e+00
1.450604671372822230e+00
1.305828529164796858e+00
-6.122098498169471270e+00
3.621948442123892775e+00
3.965345076990349327e+00
1.901271294343467533e+00
-5.544326897854250369e+00
-2.869903288363664373e+00
1.728010607918472719e+00
-2.668156174134783232e+00
-1.372852976494866484e+00
1.948526970640556577e+00
3.640243743905183571e+00
-9.623243548555716620e-01
1.462452779120974711e+00
4.836928398776159099e+00
-2.568318826894065765e+00
9.763700323719937124e-01
3.166962361757591271e+00
-2.839235118639693134e+00
-5.033329024952767128e+00
1.146864729326444454e-01
-2.629401730820515315e+00
1.244352750603032298e+00
-6.398130250096861760e-01
2.764428066843716447e+00
-5.674560104711052766e+00
3.004253084274167040e+00
6.679840850796696650e+00
9.012217522772426603e-01
2.593445393078586125e-01
-8.297442619636944405e-01
-4.077596528400028175e-01
-5.857127890696627315e-01
-1.541331168338859081e+00
3.756276617781207361e-01
1.804694825965478699e+00
4.008919663777867015e+00
-3.455199867997647001e+00
-6.015916031152367394e-01
-2.190657164153699377e+00
-3.532195033488327862e+00
2.701014980711760938e+00
-6.028736359977304726e-02
-1.708973694012503097e+00
-2.905650905795438721e+00
-6.574804067881606429e+00
-1.146386498067559767e+00
-3.114259335249361715e+00
7.514570705462713107e-01
-8.263893313512781225e-01
1.899342669285699170e+00
7.482988274633232129e-01
5.126840943941036954e+00
2.036493918385547275e+00
3.784710434816510816e+00
7.401349670521686352e-01
2.153907157529018512e+00
4.268711305022083735e-01
4.801783521242272812e+00
3.009715512402134419e+00
1.859817349395738395e+00
-2.969650231137045182e+00
-3.060617496384265834e-01
3.268859747474266442e-01
-1.652408088975545475e+00
-4.687018993624732843e+00
-4.175865411872692334e+00
3.573572099829487314e+00
-1.685002662470901358e+00
8.453822725951276595e+00
3.357766298757806078e-01
5.289512368330326897e-01
-1.633843176358606319e+00
2.215687431385913175e-01
-3.065875663650338812e+00
-2.092567373587185919e+00
4.527846337530618825e-01
-1.665007416546216312e+00
-2.538613350165297877e+00
-2.346686596060556518e+00
-3.277057563620598302e+00
2.959931401310944565e+00
-5.553187191013653212e+00
1.908045015621207874e+00
2.309297643982651138e+00
1.702181739893738222e+00
4.103494454677589776e-01
-2.652658198788431232e+00
-5.986357973239683439e+00
6.998144708499171029e-02
-6.347924526327123118e+00
3.726813571486534027e+00
-2.879265866799721962e+00
-2.391067818882826934e+00
4.308895580495955002e+00
4.854836439267837811e-01
-3.373404180538570163e+00
-9.352766781243964100e-01
3.156783196825494020e+00
3.973539703807906331e+00
1.537457729621157121e+00
-7.208787626597492615e-01
-6.106299050432636655e+00
-1.772949209329444553e+00
-1.784291793088961908e+00
2.677198965475537484e+00
-4.229458184423272371e+00
4.449661220381051052e+00
1.206989418863425367e+00
6.837547888156779941e+00
6.103589456405929425e+00
6.678215916484578907e-01
9.813655649833679107e-01
1.784636174868736269e+00
1.253596712841105409e+00
4.296979406006376401e+00
-6.478471791077970110e+00
-2.392424981784394333e+00
2.106911748154167707e+00
3.228673682915432774e+00
2.305200639332983803e-01
-1.054058376276105213e-01
-1.511381488517848926e-01
-3.099374801351517217e+00
3.475013330691971269e+00
2.839214156139665768e+00
2.100353152727703065e+00
2.760173612706127155e+00
8.746515944855232094e-02
1.048916176478998263e+00
2.087790655563427134e+00
3.623011725666915428e+00
-3.271892407739713793e-01
7.470686183814935211e-01
-1.385166149112531553e+00
4.938520627980374833e+00
-3.249178759435487507e+00
1.737992352965366027e+00
2.810176941057334510e+00
-3.817240786687762899e+00
3.032594402944552847e+00
-3.816075344464311403e+00
3.022819844286796620e+00
4.330669654551629222e+00
-1.776651820866747888e+00
1.819844517023205377e+00
-3.894286513181382858e+00
-3.630360906513168562e+00
-5.581727052991025673e+00
4.493981817059805595e-01
-2.964365997068929559e+00
1.564882687324511634e+00
2.764505657371530312e+00
4.165169991231482349e+00
-2.484660248878765465e+00
-1.351391283098199780e+00
1.769095879694368545e+00
7.572918434019968892e+00
1.470081588561126917e+00
3.018516094771228619e+00
7.199106105871810879e-01
5.042248272418876631e+00
3.509181688487341244e+00
1.828887635990793292e+00
-7.890023486606426717e-01
-2.443528346757264380e+00
9.592893201021094329e-01
-2.904109036662512189e+00
6.260084940149526211e+00
-1.156556920473712058e+00
7.076375236117328216e-01
-7.409338466761828945e-01
5.785764099050682674e+00
4.611768214926543763e-01
1.727043438824650501e+00
1.389378811252438339e+00
-1.986514295086408977e+00
-2.848059029268027231e+00
1.958403645706336960e+00
5.097222087949916158e+00
8.725350926318432565e-01
-2.465656564290869213e+00
-1.543350052045575627e+00
1.971441587002888962e+00
6.400887741894974781e+00
3.499763264718854128e+00
5.494256453974453169e-01
-2.579340149453472897e-01
-3.272163137807621025e-01
3.792125355001622733e+00
-3.107060649944860753e+00
-3.296073529797985291e+00
-1.062976576832698750e-01
-3.843656450081274212e+00
-1.229709337195538099e+00
4.730209150314752975e+00
3.905043146154527633e+00
5.867507177596459345e-01
-1.478738915164680146e+00
3.032421191945453565e+00
4.342211960445568231e+00
5.411646395828720202e+00
-1.188642034798685021e+00
-1.289735478102221222e+00
6.241920124148111704e+00
1.752137678099515261e+00
-6.612971520576825135e+00
-1.332222090469591391e+00
2.500261519891243900e+00
-2.383603066935482406e+00
1.636615796324625727e+00
-7.290911559382904361e-01
5.198429170435699964e-01
-4.758130320729134333e+00
-1.710287933325750132e+00
-3.842146019442901128e+00
4.241788210959898109e+00
9.917290609758825370e-01
3.569654908129163307e+00
-1.214461257002274586e+00
4.204484564561813187e+00
4.142867659467595942e+00
-1.416748465800612866e+00
8.792184649037370292e+00
1.387497778571644469e+00
9.926168990446729623e+00
-3.199537586782633003e+00
-1.471161972289712350e-01
1.735028493443449005e-01
-3.810168333823104048e-01
1.211756992802705213e+00
-1.345357266449546119e+00
-1.085625095231050219e+00
-5.808874598713980042e+00
1.121811434011893205e+00
3.889092850751448616e+00
3.804795519225081968e+00
-5.041814124140715059e+00
7.161325873156529909e+00
8.434842981989125743e-01
-1.715053811273931361e-01
-3.945884001934619523e+00
2.184185425402091152e+00
-3.887793336613684314e+00
4.732461526362066628e+00
-4.408376993716950132e+00
-2.789906587792178705e+00
