-7.620430976011273172e-01
-3.735803171859138239e+00
-1.977682722929289039e+00
2.561357387523340190e+00
-6.429339215767383209e+00
1.456706443194617506e+01
1.238645781015139891e+00
6.105927987023106462e-01
3.251603352234740729e+00
-1.232738021535551631e+01
-1.745729186465840410e+00
-2.072884841103058040e+00
3.764458093528808558e+00
-6.492401553359840705e+00
-8.745217494145926196e+00
-4.225293951326221098e-01
1.075767197723248358e+00
-4.549101402454166498e-01
-2.305495413654920167e+00
4.296301832765438533e+00
-3.189728256182068122e+00
-6.965745253101748524e+00
1.535083411329199454e-02
-3.712226514864453986e+00
2.415493151359226154e+00
-2.444106711128028575e+00
-4.941395623671145820e+00
-9.011685400994416284e+00
-5.348217588817771873e-02
-2.310621673380077290e+00
6.168517641764423853e-01
-2.333381077922863422e+00
9.958114147363885671e-01
-2.971302663015362722e+00
-1.308399562684653183e+00
2.823110832968965589e+00
7.831156191568485747e-01
1.110577926951748395e+00
-4.688463028031675250e+00
-5.405026121723374155e-01
-4.753935381618109801e+00
-2.621050863049301682e+00
-1.315902663417086726e+00
2.415414108724927011e+00
-8.396293144413050413e+00
1.640344474133483832e-01
2.042480793557822860e+00
1.239979101480807699e+00
1.878707155790161898e-01
1.930757404731513915e+00
-2.245167403471670653e+00
1.144249737530312894e-01
-9.665833145668585757e+00
9.202186518874110988e+00
-4.201822082361760247e-01
-1.363385588190016984e+00
2.812661609371613913e-02
-2.883041099761755044e-01
-9.119763037603178191e+00
1.016186390325501732e+00
-3.610501574348907283e+00
1.634840512819658365e+00
6.141061182089802006e-01
-5.647526499118568077e-01
-9.227705940570258836e-01
-1.366517899010836423e+00
3.214234745831642037e+00
-3.194634824491464631e-01
6.898994151674480158e+00
1.300249624694553408e+00
5.220703156587236826e+00
-5.103280702313717221e+00
2.293188910216015675e+00
-1.947438945587713466e+00
-8.049136126590882512e+00
-2.723420342222254487e+00
-7.353700320724077422e+00
-2.176916452994707818e+00
1.401538404833690299e+00
2.173432805273039836e+00
-2.845660851167309269e-01
1.029131081229101596e+01
4.369467298048704151e+00
-6.094465982144734006e+00
7.072402852538662188e+00
-1.030492846797549689e+01
9.287295198929103046e-01
-9.627638636788061532e+00
9.702820858666552084e-01
-2.268786750273182218e+00
-1.349019991705644905e+00
6.853950491653310051e-01
-3.627626969954259373e+00
-2.665827200501562633e-01
-1.358563047899974485e+01
-1.014467739665046109e+00
2.252345876870842645e+00
1.593066471472003087e+00
3.252303670469504748e+00
-1.224228840015453956e+00
-6.379674076113541759e+00
-1.974098597673658251e+00
2.561605885296454499e+00
1.036253039133134157e+00
-1.006711630009075265e+00
-1.386997200993679735e+00
-3.899314916102559980e+00
4.420175477841173262e+00
1.099397095226422749e+01
4.404539532272188751e+00
-1.360923043233612351e+00
-8.564876392435557761e+00
-3.213773403763921177e+00
3.786475841551998345e-01
-2.950234792701740272e+00
3.680390485385656163e+00
6.458320707854128262e-01
-7.539148569531564092e-01
-2.774540882331974601e+00
-6.432705790067441143e-01
8.177691755362620496e-01
3.212975240983056757e+00
-1.022571613057607021e+00
-7.603428662562938811e+00
-3.730719081686673988e+00
4.794886811019039019e-01
3.211583119736149960e-01
4.830097861910317647e+00
-2.952534954559324021e+00
2.349531273680187382e-01
3.313851848837076286e+00
7.834187228777116374e+00
1.724651319769056279e+00
6.877109959096832092e+00
-7.734324863339359091e-04
2.657626298422704370e+00
3.927744768013324617e+00
-7.115262759409956006e-01
7.176810101051127155e+00
2.711125505995122253e+00
-5.290571917899627330e+00
2.398237267703660081e-01
-1.754435828204604864e+00
5.055740816336083965e-01
-2.940295937361357304e+00
-4.130280515928234308e+00
-3.319263999944267240e+00
-5.185772293227571161e+00
1.442442239403991078e+00
7.202134008290332012e+00
-5.304892771162481147e+00
-4.664035738177077839e+00
2.240371162106541192e+00
1.937431439215001827e+00
-7.308824568849923153e-01
-8.086844139687075383e+00
2.369492974732778201e+00
-2.318280358375928163e+00
-1.946456610202962900e-01
4.456528812754645408e+00
1.572168470008027397e+00
4.418446476948457935e+00
-4.097551185834033660e+00
-4.071014686346116074e-01
-1.415380739394340281e+00
1.872005438214854101e+00
-7.139815582335947930e+00
-1.462478381278172757e+00
-2.634556077364454296e+00
-1.875357575134753318e+00
1.963093432273458561e+00
-4.230755266105525436e+00
-3.114808696523735598e+00
-2.217933255625584632e+00
4.572327111374400843e+00
5.501130591983540263e+00
1.423220230710585010e+00
-5.810341395749571092e+00
-3.100686642541661708e+00
3.270796540571562883e+00
-1.970495898506929633e+00
5.206957615005197937e+00
1.079788458576936394e+00
-1.565525161679446109e+00
-8.080313686548564078e+00
3.146625292024958664e+00
-9.098288706757811539e+00
2.537601793320733989e+00
7.174734378563544013e+00
2.440249675847768973e+00
-6.459301106265964876e+00
-4.798823907108991094e+00
-5.525018710924139320e+00
-1.039774974219244719e+01
7.877563835871050024e+00
-8.909266739369991583e+00
1.621827801028505878e+00
4.042368740286308437e+00
-1.128683740743392150e+01
2.422359822072355673e+00
3.859279833639375656e+00
1.055260100257242151e+00
-2.353305556939981891e+00
-3.955072762261464536e+00
2.466154340125313649e+00
-5.041688370156260035e+00
-4.308674119698189919e+00
-2.363732193420257310e+00
2.305683905308678394e+00
-2.125749029505050181e-02
-5.102314491108435490e+00
2.842441916307666627e+00
1.450947435998571233e+00
2.363172142834674361e+00
-1.985810024851482503e+00
9.038020917066782900e+00
-4.945728531203499756e+00
7.327057467162927384e-01
-1.124809524985385956e+01
5.116563750910168906e+00
-2.999543185642707499e+00
-1.829742269011066291e+00
-1.544204576755738634e+00
-1.370080515799166232e+00
2.088622945708884515e-02
-7.819259728728228609e+00
-4.067511691982932387e-01
3.666788783731049328e+00
-2.441854865487480541e+00
-4.097717503409504247e-01
1.947857181219879052e+00
2.366015919190406436e+00
-4.810921474701363998e+00
-2.771349525167047467e+00
1.167805424584920371e-01
2.156033762270230802e+00
1.659073489590010997e+00
-1.400831971224149708e+00
5.761978184616346255e+00
1.682253889301372540e+00
6.878674752614037935e+00
-7.796228790789484719e+00
1.294096436247842874e+01
5.161366544733410500e+00
1.000765670411061059e+01
1.429824949858788719e+00
1.127552394376876155e-01
7.296378909440249805e-01
-1.673737981009614684e+00
-7.562959415507743977e+00
4.941095190706669804e+00
-2.369200962767951335e+00
6.923354491716184000e+00
-4.057937979232156600e+00
2.773122086216824655e+00
-5.477707345278946427e+00
-8.322180367346354579e-01
2.207899777726301416e+00
-3.213625518636161527e+00
2.006218864484682562e+00
-4.488142812225632383e+00
4.252726183205787436e+00
2.782266857600008247e+00
6.551301496440162353e+00
-2.952215257903408219e+00
