1.952529153743191026e+00
-7.840243254990001631e+00
2.683658274084898654e+00
-3.007932170906383540e+00
8.116664766645598217e-01
-5.231353921701724197e+00
4.673260211606927506e+00
5.099261319105901968e+00
4.742557034473065869e+00
-1.158221198714104450e+00
-1.267887356092019413e+00
-9.116522381042205581e+00
4.719325253758922756e+00
-3.992149234952593329e-01
-1.326753620477826301e+00
-1.587847236395565353e-01
-2.424303776046206338e-02
8.830259570478741438e+00
-5.517627714399422345e-01
5.598962047528304176e-01
-9.914575193985931678e-01
8.846312817152000463e+00
-5.736761731001409625e-01
-7.208775530555353583e+00
-1.014274608908463726e+01
-1.001084440216862070e+01
-9.507597215222326481e-01
-4.822816106366351718e+00
-4.284766744143685635e+00
8.056343303944305534e-01
5.679062657571697592e+00
-6.689309578133997292e+00
6.783872789065900077e-01
-2.439943966438006040e+00
-2.644288966121496554e+00
1.283701872274157996e+00
2.822942108126915262e+00
9.163591046158229503e+00
-6.751355590529758643e+00
-1.009764862741014824e+01
-5.570711630787610336e-01
-2.657249204739776438e+00
-3.003082729374563442e+00
3.192468155771635008e-01
1.853588376634509149e+00
3.478124459530119506e+00
-6.296445268615213031e+00
4.789103723879348351e+00
-3.612472663602763312e+00
2.035960462522026670e+00
-6.193538938646947489e-02
-1.250741909274007968e+00
9.350252330198919992e+00
2.867862708787807247e+00
1.172278292907959063e+01
2.644167196647196905e-01
-2.361085371603387717e+00
-8.430770628101930342e+00
2.568807519419858298e+00
4.407830470158737413e+00
-7.003670357466416085e-01
-4.087828623103458625e+00
3.143185158191131201e+00
-5.185097634762845686e+00
1.488295475536787205e+00
-2.968217929489003648e+00
1.856770961519227825e+00
6.969417985066027832e+00
-4.348862727483332691e+00
4.198901614727258647e+00
4.962773965934661469e-01
3.605699703148301793e+00
-5.542050370571766749e+00
-1.281406709258420040e+00
7.906528015182771263e+00
8.156696784596046967e-01
-4.625134804768054941e+00
2.688727448107219420e+00
7.983876672524448104e-02
5.188170959707423258e-01
2.841958546551426767e+00
7.069699946639495636e+00
-2.693010312025571618e-01
4.944610030427544212e-01
1.900933355870905395e+00
3.833404458750609756e+00
-1.205514222159892901e+00
-9.170116473636356957e+00
3.839369889007863357e+00
4.177454861392184249e+00
-3.802179948467925730e+00
2.516836390799327194e+00
-2.774272547207217166e+00
-3.927730858195257468e+00
-1.085997911667095828e+01
-2.629404821957103344e+00
1.415842020731691742e+00
-4.115541971592979742e+00
2.219597431134695320e+00
7.746035821344127825e+00
-1.033032580586473692e+01
-8.891845243826676182e+00
5.031876099534203783e-01
-2.381049814661432507e+00
8.432885356521485631e-02
-2.672244560081182829e-01
1.015700872541323907e+00
8.267183779013235423e+00
3.530336449138209431e+00
-2.233754755042931972e+00
3.128728365761193952e+00
-7.270715515673660256e-01
-1.234617830658361948e+00
-6.035410618818447759e+00
3.610677496730369640e+00
-2.027385237590968003e+00
-4.790463313447511418e+00
1.704133584223825659e+00
3.468304454645076973e-02
-1.093067461952787234e+01
5.961991477776250603e-01
2.844555871933056590e+00
3.274555249490851416e+00
6.867195136859658433e-01
-6.172590058034939986e+00
1.254531912061729093e+00
-3.858302935605260942e+00
6.292857746598298441e+00
1.594851406790392945e+00
-7.118541585302748054e+00
-1.833566582208862039e+00
2.053412657038173439e+00
8.515840190769514706e+00
4.454192714567335010e+00
-8.969700305208364810e+00
5.935366687656977724e-01
1.258197511071185826e+00
-8.521779002120402069e+00
-4.418739578439366156e+00
-3.712891342308017872e-01
3.736095454534172688e+00
2.507077180588662468e+00
2.258702941878397930e+00
1.269773661514342233e+00
4.501414839013377467e+00
3.390578446314742145e+00
7.908591259959312225e+00
-2.343926970716165847e+00
9.882987931205955423e-01
1.049244043771434987e+00
3.449050754173370592e+00
-8.215531613315759651e-01
3.198825406495722223e+00
2.030001363384286606e+00
2.949481196692523843e-01
-1.066422552535252066e+01
-5.944625765149280205e+00
5.171303650941087682e+00
4.933978368085156774e+00
-2.957598764781253387e+00
9.484383452508136969e+00
1.282824888853463818e+01
-1.592172541282661502e+00
3.469082334568025505e+00
2.827395708001892771e+00
-5.597265014749492451e+00
-1.659608335440069693e+00
-8.642593290855467458e+00
2.252189661391330588e-01
-2.278530380884119744e+00
6.684879977663800155e+00
1.223666556922174298e+00
1.971499592467092166e+00
4.199025483272711412e+00
-2.636422247515694650e+00
1.624003976146202177e+00
-2.926462286956976744e+00
5.593069818914301550e+00
7.771721917017004877e+00
9.010020033641865211e+00
6.567177352856246486e+00
2.486387294251891866e+00
-8.439093818265961389e-01
-3.440814549146521628e+00
-1.367855461426813246e+00
2.037465461303811232e+00
3.010224559072427475e+00
-5.907661891552173916e-01
1.082223290244112945e+01
-1.096686553909948653e-02
7.206801536235333039e+00
-5.786646086086223661e+00
-2.978256119880207553e+00
4.194785534333531629e+00
1.946513588466377787e+00
2.782101618202128535e+00
-2.419948578646629489e+00
2.782811215075597921e+00
5.355279657207697497e+00
4.892887503327285614e+00
-6.350269760010072151e-01
-1.370442522239381056e+01
3.330437475366913702e+00
-8.826137615980021778e+00
-3.060493273845915851e+00
-5.853610396633917468e+00
1.560363090288563015e+00
1.288381407334818984e+00
-2.453147830840759713e+00
3.195936207428397235e+00
-7.361840805210356109e+00
8.119989489715761621e+00
7.226345344752242106e+00
-2.981531475827967181e+00
-6.751347602362282707e+00
7.206429433811254448e+00
1.039170732467617242e+01
3.562678439855926360e+00
1.236347976881475574e+00
-2.025243526819744844e+00
-5.154677098452091766e-01
-1.638250299738287552e+01
-6.890802876366470819e+00
-2.183814347068735895e+00
-7.705645646863843456e-01
3.913719359047026281e+00
-5.721663076292107242e+00
4.198570920758119662e+00
3.227071374914166402e+00
9.787852289192858768e-01
9.255161177506424863e+00
1.013298616310451372e+00
6.839541526014706108e+00
-1.056915727039072550e+00
2.787299236832174731e-02
6.255195813468694688e+00
-2.407838033383457255e+00
-2.546122881328840570e+00
-1.086089919366387235e+01
1.358771056981409986e+00
-4.326310165632652804e+00
3.759508714155859188e+00
9.075752030997252806e-04
2.107556631454836626e+00
1.137052986723743997e+00
8.763983582291375640e+00
7.618918873702746897e-01
-6.721912347094707307e+00
6.579531656447807464e+00
-3.618608488760060471e+00
-7.598436459054831893e+00
-6.075170838333630030e-01
7.833586351099895317e+00
1.278488653649863860e+00
5.149378685936062183e+00
3.387046252526220158e+00
3.930029172289942974e+00
1.492399483961938556e+00
-2.053394926728806080e+00
6.406663646882323482e-01
-1.340481238008326415e+00
3.890118956995836985e+00
-6.239588245523356669e+00
1.241441997070458880e+00
-1.573818442318927424e+00
