2.450494482579902655e+00
-2.857313899741944052e+00
8.148332908423748577e+00
2.091247337749326807e+00
2.055050564423122950e+00
1.247424092955179642e+00
2.068759833287622918e+00
4.475963468289220870e+00
-6.997110632516664319e-01
-1.377299711234239554e+00
-1.378747106916818677e+00
-1.574227743450327788e+00
5.732412477134107398e+00
2.423874814808341771e+00
1.626121476073335348e+00
-5.601961123114031160e+00
-1.815945907222191735e-01
-5.111316008477810868e+00
3.973726998469717664e+00
2.473894251381743015e+00
3.250040669518181602e+00
5.049726348316712077e+00
-4.003566788129903742e+00
-7.450003647310033728e+00
-4.235770979936651637e-01
-3.080793665452964625e+00
3.187000525427428066e+00
-2.929056728693676614e+00
4.036640558182850169e-01
8.432327406235511358e-01
-5.845302733098762360e+00
-1.549333386079167152e+00
-2.204548651167758777e+00
-2.813697801749845517e+00
2.594093471483964741e+00
4.672465877353145558e+00
-3.894301957216319554e+00
1.799652174624752687e+00
-5.669921667025395351e+00
2.818737535029093522e+00
-1.417527379144468913e+00
-4.697548239787753488e+00
1.966789014242819933e+00
3.722652641662277162e+00
3.823362380410724182e-01
5.856860230293563063e+00
1.106155987071438584e+00
5.788737750464874487e+00
1.272237573334336513e+00
-1.419177948000799772e+00
-6.836053005759271883e+00
2.167166760241624690e+00
3.129885018752407433e+00
1.085172553988155597e+00
1.656775151345460273e+00
-1.178182594958041784e+00
-3.252627629944330745e-01
8.512120616788276806e-01
9.609322268190769734e-01
-3.294052568081257126e-01
-3.437127923396115392e+00
1.068198904242706959e+01
5.269468600833526750e+00
3.180635553047375996e+00
-5.026628150776585313e-01
-5.072564475478955615e-01
2.809831889586446252e+00
-4.357927655032220571e+00
1.468295091557302090e+00
-3.266722170031265637e+00
3.679000425414221898e+00
-2.513032588972090586e-01
-4.737466437741425729e+00
2.592063772644087383e+00
-2.056549185485363473e+00
-1.994092064696759148e-01
-8.826234781169314259e-01
-2.176178829713756979e+00
-1.802186953420523707e+00
-1.111370395525766108e+00
4.784315441365148303e+00
2.763600724333346914e+00
-2.626610830072154013e+00
3.743163837998157550e+00
5.102606819564734053e+00
5.595051763448297688e-01
6.684976550985476607e+00
-1.534835076519273311e+00
5.001755468384725845e+00
2.277221342649195623e+00
1.714186880610154784e+00
-2.179317146533811256e-01
-2.659455371976528593e+00
1.770147643121083192e+00
-4.232529446152469177e+00
1.564400854932797680e+00
-5.661871723222554387e+00
-7.594703142510473626e+00
-2.369874104460197306e-01
-1.540800428686142753e+00
-4.815541171281392252e-01
5.519995317100549137e+00
3.879635598995914592e+00
5.131334416601712745e-01
1.093861462294922537e+00
-2.737199974170695604e+00
4.289021575288404442e+00
3.193672066937288001e+00
1.895094103188766477e+00
-4.492098148871417895e-01
4.957259519411419291e+00
9.676084832757528842e-01
-3.382976438957349341e+00
-1.186380984249016501e+00
-8.252028435571723719e+00
-6.713847559371340701e+00
-2.553410108506477538e+00
-3.191357675919153980e+00
5.008587875146881530e+00
3.528130249500104121e+00
6.128794231146361682e-01
-1.885738527897978245e-01
4.151397447794169970e+00
-1.358777398953992854e+00
5.940332183354384732e+00
-4.405211391553009115e+00
1.777599409556300802e+00
-2.592629600745917084e+00
-3.622702947212697477e+00
3.191081627495522266e-01
-3.753302883671259860e+00
2.857191010517718954e+00
1.955457936301612021e+00
-8.362266059114642491e-01
-7.690378003902100801e-01
-4.331611601449774085e+00
-3.059566600094181243e+00
-3.098247975982655333e+00
-1.003519917248529403e+00
4.750316009314897059e+00
-1.040514097266111726e+01
4.003233699192469075e+00
-3.258760862026654603e+00
-2.019536258847612897e-01
-6.507362967163863310e-01
6.148170682501072903e-01
-1.245513466789827994e+01
-1.180154450322743243e+00
3.264640926175551794e+00
-5.571531660445000256e+00
1.850285573973140973e+00
-6.256505547848270621e-02
2.226691738585598657e+00
-4.332018834038816379e+00
6.665335644214569477e-01
1.744751917226587401e-01
-2.104828513326641115e+00
8.618666864730787358e-01
-3.255118054534225647e-02
1.576164614977334955e+00
-1.215242259176624540e+00
-1.002816649200209964e+00
9.721590504260038124e-01
6.911749821501969038e-01
1.183917697917275191e+00
-1.133029591517227708e+00
-3.915369074896373758e-01
1.243987651468436706e+00
-2.178424884355020796e-01
2.989492390312793457e+00
-1.628224452509726916e+00
-4.785775256727800020e+00
5.235492262029709520e-01
-3.444880280555433494e+00
-9.814585704939833288e-01
-2.424089174674707081e+00
-1.665768067710344580e+00
-2.980743102837402514e+00
-3.340233549938367852e-01
-5.212591217681429079e+00
-4.798621290494459402e+00
5.991637073518061296e-01
9.308134022411736208e-02
-1.562999150641779966e+00
-1.447620460941771992e+00
4.972136924076377085e+00
2.813196200542305458e+00
4.788812330946611850e-01
-2.656582033771483609e+00
-2.885922660398205331e+00
-1.550939180157437036e+00
4.849095092399609008e+00
-5.603344213191730816e+00
-5.205042329678316371e+00
-2.434913312029796550e+00
-5.425659997629862785e-02
1.476140006136158700e+00
-3.142407055980946051e+00
9.566327760692507898e-01
1.831865655578643892e+00
-2.417942644943856800e-01
-6.080067581735317361e+00
5.155143502780907827e-01
2.927481718816001610e+00
1.504921860288557012e+00
-1.193475918503061062e-01
-1.752603537373903508e+00
2.688890076415471508e+00
5.581733679754442567e-01
4.687907464194061014e+00
-5.872216086509477684e+00
6.431571835488087974e-01
-1.135914763738226751e+00
1.864489667916320315e+00
-1.469495717068489693e+00
-6.427071856019107798e+00
6.164042595177613437e-01
-2.754370872021937977e+00
9.189600473911130329e-01
1.263020743392949896e+00
-3.763992774237931549e+00
5.852236952728618213e+00
4.068110112276641210e+00
2.977802078228656502e+00
-1.095084503465517223e+00
4.066337465384695982e+00
3.288123647841397990e+00
5.005798890861941963e+00
5.367510238045843707e+00
-5.396189143161157498e-01
6.442113282918138673e+00
-1.069723323743804855e+00
1.756159065202762104e+00
-6.446484359801833541e+00
-6.095862716268826809e+00
2.831761582442763547e+00
-2.874554123425621555e+00
1.366323952874665570e+00
1.310552742756043720e-03
-5.890370322591655938e-01
5.592885776191394598e+00
-2.443530441602999481e+00
-7.585324219010887437e-02
2.482286959161851492e+00
1.421384251177911118e+00
3.533057747280042182e+00
-3.936631493433383255e+00
-1.585270252178895944e+00
1.592218739793998528e-01
7.168157962193935084e-01
6.290651085321800728e+00
5.160095958395340077e+00
2.823675482447109975e+00
1.242368607099728184e+00
3.998474437372674384e+00
1.353416262970915440e+00
-3.418107558095222487e-01
-1.907898069223937121e+00
4.153516115709172674e+00
-2.738800867909950032e+00
-6.597579760084824052e-01
-2.298299294256386904e+00
-2.277811266794890876e+00
5.401553132297531867e+00
7.166965048698873630e+00
