2.957120153921523276e+00
-7.272271552717850085e+00
3.307110519930704484e+00
-2.920519787246377064e+00
1.827145756820164779e+00
-7.238303385186099170e+00
3.432950608607426179e+00
4.118301975725819020e+00
4.697112970948323252e+00
-5.403940444665062959e-01
-1.498292468981045733e+00
-9.502349276860474703e+00
4.212978229585315759e+00
-2.449591484452070311e+00
-2.966253448315478103e+00
-9.977982359441569526e-01
8.796441134011269147e-01
1.006708190135237402e+01
-1.993862671574949452e+00
-1.160049766986859909e+00
-1.335959392317801253e+00
9.614593071417381509e+00
-3.262293068224637604e-01
-5.974987836051722567e+00
-1.016501332723941786e+01
-1.020239116234045973e+01
-2.395049567447599115e-02
-6.964878137083106324e+00
-3.059826235027570895e+00
1.950158334193341947e+00
6.355181407104984359e+00
-6.576961485416106257e+00
8.246167583992278782e-01
-1.882458349802291320e+00
-3.265534519951067693e+00
2.072646404844340484e+00
2.049381626581443072e+00
9.517792239516253971e+00
-5.827118440922676612e+00
-1.082867571037366972e+01
-2.117082922254335031e+00
-2.227976010768643267e+00
-4.136377320308840311e+00
4.779304760862262969e-01
1.817312461672222490e+00
3.649089162442967993e+00
-5.687274629742637089e+00
5.179317136373280839e+00
-4.618699803906960000e+00
1.653845694549072043e+00
5.335284659374029959e-01
-6.612851966459395436e-01
8.684227760428365528e+00
3.627302922326078871e+00
1.203374089150783988e+01
3.921271041892093745e-01
-2.270879668652486583e+00
-7.882156753721056397e+00
9.889517079868438421e-01
5.715858691121971091e+00
-5.849284399616312413e-01
-5.117130847317643116e+00
4.185778416350673048e+00
-4.530588089562025189e+00
2.614002488145703573e-01
-2.291945829973598858e+00
1.687575902104913927e+00
7.930019697475480633e+00
-3.348085180443458597e+00
3.582808454453292768e+00
-2.112353867402193622e-02
4.005969115410855430e+00
-5.517138814725726093e+00
-1.786246347233450216e+00
7.391263071283511898e+00
1.029352336207453478e+00
-4.399925576106960001e+00
2.359021637432202834e+00
1.565271430989351398e+00
-2.988448053722421172e-01
2.467374766112697237e+00
7.733590094276714844e+00
4.708271105728013550e-01
2.783477938940239760e-01
1.949761031609089201e+00
4.639763658581386174e+00
-1.491879705038800630e+00
-9.264813424589059210e+00
5.036283244749450994e+00
3.626413856104131916e+00
-3.537725282126659376e+00
2.297683976320452182e+00
-3.913933472942116243e+00
-2.713393107479434185e+00
-1.055470823114490386e+01
-2.784372592587986972e+00
1.616616353524235938e+00
-4.415546743121979034e+00
2.191497266987366022e+00
7.213899576844837291e+00
-1.080622960716305236e+01
-8.280415037801514444e+00
6.037626676766465472e-01
-2.600059678550796782e+00
-3.824378926494226283e-02
1.171823981368418144e+00
1.185373775933937779e+00
9.076723003743765616e+00
4.041005695476728832e+00
-1.428534331042315086e+00
1.987466616242163253e+00
-8.500748474836639090e-01
-1.109734209308042674e+00
-5.150695798023647853e+00
2.462978326426057851e+00
-2.259384171971551503e+00
-3.002589726270068038e+00
1.834307867041111706e+00
-9.521161169638706068e-02
-1.149319703089811640e+01
1.131357757732363023e-01
2.541107767503016923e+00
3.946831516765807013e+00
1.135802652890409714e+00
-6.752105745508621304e+00
1.596497093347197804e+00
-3.997399322543823796e+00
6.592412141259080371e+00
1.137776829155854319e-01
-6.798129070631583559e+00
1.040851939277667393e+00
1.551421595534667741e+00
8.677056049101532054e+00
3.957164739141493026e+00
-9.453164677976692687e+00
1.124764540535789115e+00
1.941333528118265761e+00
-7.490088730067878231e+00
-4.141127425566066833e+00
-9.921332419458133156e-01
3.768657313293825695e+00
3.563087452993729976e+00
1.945522023336840656e+00
2.197711025679704555e+00
5.111005619392239296e+00
3.194573755611102239e+00
6.954744638188968153e+00
-2.579363611232210474e+00
1.288772267381159464e+00
1.283254937442834587e+00
2.230909529482129727e+00
-1.912263858594971166e+00
2.109434985383550565e+00
6.069320377250536636e-01
1.819265417485067815e-01
-1.040717029992093146e+01
-4.110984970768484459e+00
6.270070462463409378e+00
4.357159186448063437e+00
-2.326164051021645918e+00
9.560785705577645288e+00
1.164051849589414189e+01
-2.684569959004018624e+00
3.754053364789238678e+00
4.049787205729076689e+00
-5.230865416044457206e+00
-2.889203714160284875e+00
-8.264362875280003351e+00
2.254303046297375879e+00
-2.125820801352878764e+00
5.249285076989887777e+00
7.105213647275960831e-01
1.101608180888859589e+00
2.742904630002867883e+00
-4.371718053382260827e+00
1.048933949629757612e+00
-1.900049606481751585e+00
5.022201119733633590e+00
8.876415558397003025e+00
7.409437112770451250e+00
6.303802225468612797e+00
3.523076744410288175e+00
-8.546659302164927308e-01
-4.398057311112189893e+00
9.556013653290729160e-01
1.608704409379549505e+00
2.464130757975950381e+00
2.269873500661649945e-01
1.166660040260309295e+01
-7.223964181211777191e-01
6.299856086934693344e+00
-6.478351713526985911e+00
-2.564348506193591781e+00
2.963615416823055515e+00
1.605111412112566027e+00
6.320059090191953999e-01
-2.026605978430124466e+00
5.018921660001037566e+00
4.471900316865338176e+00
5.015223127576674322e+00
6.688972951924894161e-01
-1.404253800464489110e+01
3.447682197297007090e+00
-7.899471124954317247e+00
-2.690230940718852715e+00
-6.294303510314283479e+00
6.145848269537258490e-01
1.854625221915127797e+00
-2.975170325177598052e+00
4.532350678606044347e+00
-6.245579973877296354e+00
7.270893462573690513e+00
7.376581065049318653e+00
-2.545804781171386644e+00
-6.250050197015410092e+00
7.588191957329851078e+00
1.059593131899553775e+01
3.833839202287935954e+00
7.950222785124159142e-01
-1.529483291540319367e+00
-5.231165642292585627e-01
-1.541441897456470578e+01
-6.327830196218210190e+00
-1.002479393548498354e+00
2.012171105949530636e-01
2.192797828178370878e+00
-5.355997384601314693e+00
3.385250145503560404e+00
2.702760181298821340e+00
-1.585449717738867115e-01
9.705625334108047397e+00
-5.577409077764050593e-02
8.385115551077133134e+00
-2.309286378497191095e+00
7.838443777483863339e-01
8.411375407449529717e+00
-2.322438043275045771e+00
-2.938620329769571882e+00
-1.260096586812204045e+01
2.131611572093518259e+00
-4.940578309784853239e+00
4.480254349397670310e+00
2.173988425958653936e-01
2.175267784301042173e+00
1.090537793210293760e+00
8.918097689640720915e+00
3.505988746116229793e-01
-6.050601035869286548e+00
6.844506241049979955e+00
-2.399977847031693479e+00
-9.008539189855515161e+00
-1.001932893391899171e+00
7.999676640272515016e+00
1.214732464476141471e+00
5.492332983308676475e+00
1.903810435331897644e+00
2.091268194730552032e+00
8.191317107135736020e-01
3.793584930817271994e-01
2.964659379447681653e-01
5.356337903867691708e-01
1.858982660133655207e+00
-6.087992005211516400e+00
2.749314106762564602e+00
-1.666318586920727984e+00
