-1.525180676015482351e-01
4.808310545821770532e+00
4.345562815382394639e+00
5.181188866908463808e-01
-4.228220830376453243e+00
-1.861352203767442148e+00
-1.938348017476364760e+00
3.162946297509116711e+00
-5.769040135901946087e+00
3.178404561706365539e-01
-1.205988248525442730e+00
4.433376329738860200e+00
5.467251206690199039e-01
1.514674799420699491e+00
5.329881586377553049e+00
1.132139931492287754e+00
2.708306230429153416e+00
6.153420999297885885e+00
4.800351222672924578e+00
3.994708094700910372e+00
-7.878107647557436977e+00
-1.311673203391547360e-02
-1.927849284283994269e+00
-3.225243943915747646e+00
-3.199128490268275726e+00
8.779413938658896299e+00
6.685064822640663706e+00
-6.160654120490889341e+00
-6.335244116993915542e-02
8.130733346880926860e+00
-3.711670423002566999e+00
4.286339531479409715e+00
-4.156305146742387713e+00
-2.189168062568144002e+00
-5.323584062639996617e+00
-1.577428533973397773e+00
2.304913519389720999e+00
-5.576039851101667111e+00
-1.039061198392191132e+00
1.356638743460891305e+00
-7.571478612763595351e+00
-2.377944475562739690e+00
5.931163165644496083e+00
-6.810699916357620509e+00
9.413491561558491316e-01
-2.287007530176962788e+00
-1.460420450764498002e+00
4.747499790942837805e+00
-1.226169372887806253e+00
-3.445422423005768842e+00
5.802869803486849776e-01
-1.305845919026470403e+00
6.055707799193195129e+00
1.296186653211862216e+00
-2.409345696906267875e+00
2.387399530665088587e+00
-2.516788284571820911e-01
-5.952599675600223073e-01
-6.406177174637201155e+00
8.748339000398005494e-01
4.947184056192707402e+00
3.613246426026739400e+00
1.296881145857876616e+00
4.766987368874950892e-01
3.061775110780148967e+00
-5.523278047649419875e+00
-3.545972836588237698e+00
-3.224552998398083625e-01
2.585713068065972120e+00
-1.123561167450209064e+00
5.457529271479134358e+00
3.921357046336040764e+00
-1.097358033399205013e-01
-3.180692689256683359e-01
-2.264342754547440162e+00
-2.953754049642676627e+00
3.339796142840657733e+00
-2.562047891596601623e+00
-1.510462397283915514e+00
-6.998723238316835182e-01
4.197258198972996013e+00
-3.061515271736146904e+00
7.001496364386269988e+00
-1.228691248254516699e+00
-4.834595561738811220e+00
-2.685887199403345083e+00
7.633116799163337518e+00
2.023021119212209840e+00
1.382088914983775618e+00
-3.617513027740899556e+00
4.756763775751172929e+00
-1.094046985529720128e+00
4.491281989126424179e+00
5.063964154062833067e+00
1.889897275827856271e+00
-4.049791562648997534e+00
1.982848462267749801e+00
-2.120043653487469371e+00
1.189311764296143714e+00
-5.168833605744825199e+00
7.329314964117677356e+00
-1.572224265380066210e+00
7.001256818795610570e+00
-2.132018628696089824e+00
-3.723953399825413513e+00
-4.206626991173892272e+00
5.216136473078025304e+00
3.529546320252892944e+00
1.408534392104013211e+00
-3.791449192271634239e+00
-1.112694161268065862e+00
-8.947857900032550882e-01
-1.833854483619255626e+00
-5.190191618874769652e+00
-3.874926068485619046e-01
-2.451439993460168942e+00
-7.033200024121583072e-02
3.663915564135728609e+00
-7.659842312512441964e+00
-1.022442908799127581e+00
-1.248294192226053756e+00
8.774535832107125399e-01
9.706943473382712018e-02
6.150967754905436458e-01
-3.651036505582015312e+00
5.137455260423613446e+00
8.669458899677465746e-01
-3.164506331101164083e+00
3.224101549540302480e-01
-4.817953661651993791e+00
-6.972800078407683344e+00
5.578862591184060804e+00
2.890148148607507572e+00
2.378044772144874752e+00
-1.155034769262640593e+00
-8.869821281380361189e-01
-3.841658067745875815e+00
-1.903962362069610448e+00
8.861205381977743656e+00
-7.275715813302839230e+00
-1.213742940628939504e+00
-4.325697775765884323e-01
1.299567669481403565e+00
1.475322516555083618e+00
1.782871409911429006e-01
1.607936897446051061e+00
-1.087226692566863884e-01
2.943983963607210264e+00
4.136891388861260843e+00
3.474779071030840605e+00
5.954963290663231490e+00
-1.939258027444454857e+00
-5.596299441344488201e+00
1.252346755178511017e+00
-4.331998807213626734e-01
2.450166756884363028e+00
3.097467208191409416e+00
1.725505345140160296e+00
5.018731178215307231e+00
1.987963011705610405e+00
-1.374520877932644991e+00
2.294383029707799115e-01
3.663076859735825419e+00
4.338091826662024530e+00
3.879790882217828862e+00
1.099533602533047327e+00
4.223694290348294800e+00
-2.733376651283431880e+00
1.346164761568540591e+00
2.930067697929644943e+00
2.454519088294707441e+00
4.815257283857087067e+00
-1.556131707603044978e+00
3.150902265931498025e+00
4.416386287876398420e+00
2.629765871167969671e+00
2.367697597358092043e+00
4.982146989871340637e+00
-2.241983635099540795e+00
1.058668709349394055e+00
-2.776267527334372431e+00
-3.284701969850262193e-01
-1.381022242682710788e+00
-3.376056715148373355e-01
-2.239817784944601264e+00
-4.842577826109248029e+00
-2.369658418950086443e+00
2.091945299531679237e-01
-1.191204989015816285e+00
-6.095155518453871046e+00
3.389246227967309455e+00
-1.819469410792307063e-01
-1.614642055505792539e+00
-2.256195247942942572e+00
-2.928393282432519840e+00
-1.958512370978667372e+00
-6.615647467700650486e-01
-2.602653713671350122e+00
-2.276926219948304464e+00
2.290729701886256464e+00
-2.079971612757011368e+00
6.305182426575837162e+00
-1.603048599001532848e+00
1.587511609618315056e-01
-2.247357450359090514e+00
-1.040887235785490361e-01
-1.789933954023872342e+00
-4.293256327548929385e-01
3.144245692619075605e+00
7.612938196759311715e+00
1.002833813042347977e+00
-4.256170876476198295e+00
5.008633580529797236e+00
3.632698929685194145e-01
3.225082537019588802e+00
-1.666471985898678509e+00
-4.682794220322703538e+00
-2.657337264404166177e+00
1.084779963490050125e-01
-4.396562882305176778e+00
-3.223056084206247229e-01
-6.296277022715478511e-01
6.651837543506033512e+00
-1.263869539796643071e+00
3.108156213658001210e+00
-5.060204807256450721e+00
-4.720946095086895333e+00
-3.871927715853950236e+00
3.318754761283495558e+00
3.914393730714028408e+00
-6.342243082242982055e-01
-8.418100424900629264e+00
-5.594784714741698473e+00
5.196740253246539432e+00
-3.095589559043977257e+00
-7.291695263795394677e-01
7.749111768211812468e+00
-5.009976275267778334e+00
2.301644649871511294e+00
-1.460080867060743692e+00
-7.896549565631180378e+00
-3.680560933773611154e+00
-3.824014809252604952e+00
-3.029975676715119359e+00
-6.151328554727331088e+00
-2.957379043602950119e+00
9.360400604405077374e+00
-2.894554474110170972e+00
8.981345350845161946e+00
4.326523896087808296e-02
-1.867901458740171439e+00
-1.646848115744907748e+00
2.800565238737267926e+00
1.634068498464279706e+00
-3.804853180089883047e+00
5.624715396913732235e+00
7.279888659597154366e+00
2.331270500284199798e+00
1.565238342444273512e+00
-7.399848372969195509e-01
-1.460529427953082937e+00
-1.809681517450761445e+00
1.368350710280241911e+00
4.880080348310971150e-01
-3.281902277086166664e-01
