-5.988565087309618562e+00
1.944414602299396666e+00
3.811152453331115852e-01
5.230975643404893738e+00
-1.314341845304218825e-01
-1.874289895732059952e+00
-2.033525947191227035e-01
3.159092827356255739e+00
4.270435313238484909e+00
1.197397115887980812e+00
3.675364489898518716e+00
-3.517816732247125433e+00
2.076444063971819354e+00
-4.636845637020370781e+00
1.365152042904854257e+00
5.924670870869548800e+00
1.451141547153646849e+00
-2.795009400767085594e+00
2.745656242745401432e+00
-2.792167304532337191e+00
-1.493428149638564406e+00
-1.872885526575529758e+00
-4.944757974707880699e+00
1.914818941423118481e+00
3.579573716338379508e-01
-1.538475000896490918e+00
-1.916812410061573546e-01
2.734614175199585606e+00
-1.679514005227295659e+00
-1.549882088371227429e+00
1.443361133813289898e+00
3.362533887230997109e+00
-1.488205674930850986e+00
-2.046443312461593056e+00
-2.054656287894926492e-01
-1.429294979855513237e+00
6.527269056082943166e+00
-2.952307879979794714e-01
7.336572753937093960e-01
-1.255176207629803420e-01
-2.252349019431947763e+00
4.671201279083566860e+00
4.263683549662816930e+00
-2.100791666153812631e+00
7.436749373326472234e-01
-4.464149723325446795e-01
-5.754676626043406795e-01
5.383287157728205763e+00
2.541567357676635996e+00
4.262943504586611532e+00
-7.497271984325494520e-02
3.298350245536405101e+00
3.094267536631125193e+00
-1.649760196669194379e+00
-1.231229411832685638e+00
1.598054170917511785e+00
1.657925147716547087e+00
4.242501434063561838e+00
4.256789141243761065e+00
-5.009961205482193591e+00
-4.508846868323598045e+00
1.811778008633417425e+00
1.637269385482974737e+00
1.462447503576691510e+00
5.466553415548279782e-01
3.019877631653120620e+00
3.577759743831347095e+00
-5.371133092288656208e+00
-8.187206110224460875e-01
4.066528737231482893e+00
6.438455434580433234e+00
-3.549095663381320875e+00
2.917791945084839522e+00
1.443616353925358808e-01
-1.669006650509109235e+00
3.435522250622116580e+00
3.060131069519012481e+00
-1.542412680719945639e-01
3.014939936415472754e+00
-2.663395975390878689e+00
2.033778520635913356e+00
-1.185686841025612726e+00
3.207503906958712570e+00
3.202274866497121231e+00
-3.234700684972228402e+00
-3.149833879596846131e+00
3.781602441572830209e+00
-5.150147244751803299e+00
2.854207975746459347e+00
2.425948134965860703e+00
-2.763214468508288779e-01
1.521277534046704627e+00
2.581072489590889862e+00
-6.523267014827028198e+00
-5.454825579146993064e+00
1.800777802974351083e+00
1.821479288674921371e+00
7.853850257020500436e-01
4.550911458734059778e+00
-1.042421815053003353e+00
-3.347358846647234820e+00
-2.776792651332587458e-01
-8.846515956342428932e-01
2.257463264667741054e+00
-4.440823869411822500e+00
5.904577020568644308e+00
-2.889587369698299213e+00
1.300319455686346770e-02
3.067300568187802057e+00
-2.460973270468164720e-01
-1.029759056164122555e+00
-6.000797920915988293e+00
4.203918014071672538e+00
-2.886156238372143967e+00
-4.175292784007679003e+00
-1.230840694720309880e+00
-2.764723957620569550e+00
-1.393413839584342617e-01
-8.229208624317589482e+00
-7.770749722363055056e+00
-3.866939204629130655e-01
3.319428408749585557e+00
7.202742471151656112e+00
-2.012484743787744002e+00
3.353582439452866271e-01
-6.260171996849582143e+00
1.403969036219999467e+00
-3.644547674300406825e+00
4.493644334090341808e+00
1.217218344837734278e+00
5.282094817763050898e+00
-7.643093814621344517e-01
4.616641462765600501e-01
4.377255453146694508e-01
-2.350383032799843619e+00
-8.602293306738728607e-01
-4.549507067362726254e+00
-1.651869182552741788e-01
3.618442858347446389e+00
5.543226309300863797e+00
-1.971785613246933133e+00
-5.682850936231456096e-01
-7.233879778094635782e+00
3.559173799362580048e+00
-6.632887033161503076e+00
2.621118756654083892e+00
-5.457142860267835127e-01
-1.752242270793418433e+00
-6.424335993708540915e-02
-1.899202155123957403e-01
-2.127801054009624826e-01
-9.233704911547955252e-01
5.450600484674439361e-02
2.335943852484891892e+00
-6.010082559606063635e-01
2.710215273835725913e+00
3.506622038132008345e+00
1.188018326631454791e+00
6.334764855280988760e-01
3.010438254773270206e+00
3.353208508683940270e-01
6.390181626884493538e-01
4.398232062020883681e+00
1.885550818675139073e-01
-6.356813816533825046e-01
3.293596567552620868e+00
4.086929320239129027e+00
4.856908479415628754e+00
3.516335626826969207e+00
-2.367671189875240945e+00
-1.924389545643333976e+00
-1.026998389842948889e+00
-4.522039136695811257e-01
3.575161256085315653e+00
2.559240587924708876e+00
-3.686234265789492426e+00
2.437265317156767086e+00
2.296809031589371664e+00
3.829129435220691491e+00
-2.151190507693911069e+00
-4.548206623316554342e+00
-1.890609896255006861e+00
4.412678667645393737e+00
3.178518467264783709e-01
3.445216825153071483e+00
5.665125028059585510e-01
4.263759549636557900e+00
2.737488488467076042e+00
-5.425753542858338108e+00
-1.541459071611861908e+00
1.888573489863908383e-01
1.568443664251918612e+00
-2.610817294731672789e+00
-5.056094700304397449e+00
-5.130338999720187587e+00
5.031905569582909576e-01
-4.697089559719773710e-01
-4.366443332548600509e+00
3.601604565756436394e+00
-5.948689020518068693e-01
7.684746374930293555e-01
-6.134806434857621449e-01
2.349796313596264952e+00
-1.257489145601685010e+00
-2.642123657063848885e+00
-4.360052778866695955e-01
-1.153584491560865510e+00
4.256826296068594750e+00
-3.238926453414859297e-01
1.497872214093432408e+00
-3.754186161435945079e-01
2.111841567756174431e-01
-2.228210487759014313e+00
3.057359119035265138e+00
-5.207789122219894651e+00
6.855945077331829784e-01
-8.971050509832831921e+00
-2.436204820439458185e+00
-3.877126610054605127e+00
4.555097874419812953e+00
-3.042558393063132360e+00
-5.597344125106139323e+00
3.714061070779966389e+00
2.015713117792850451e+00
-3.226770150199993470e+00
-8.628804225715477116e+00
-1.549818602236064491e+00
-2.578123750837245098e-01
-2.058603513911114291e+00
3.989028506860130996e+00
2.688384787800627507e+00
-1.675291403375243071e+00
2.674352160558051583e+00
-1.826684297492358944e+00
-2.047019688341278343e+00
-4.489038214825892936e+00
-4.034770477742970485e+00
6.859903475782766158e+00
-3.069738681045558248e+00
8.869015063074189853e-02
-8.078167489366315124e+00
4.882431680717931322e-01
6.006278463502499054e-01
-5.582036464653159502e-01
1.907243278998104863e+00
-1.490469566968115167e+00
-1.258046338720925972e+00
4.260461350229689970e+00
2.018459002708099082e+00
2.897596458175607737e+00
-2.260837638937331029e+00
3.027052906450352077e-01
4.084939703628406527e+00
1.894212795412505868e+00
6.043056502897486304e+00
1.685244789977949020e+00
2.401462571442414262e+00
1.924946953308315001e+00
4.120924744119246697e+00
-2.273584437004820824e+00
6.205943126403213883e-01
4.556379643526031309e+00
9.515234215481930269e-01
4.036112873789369004e+00
-3.051193404155943423e+00
