-2.069231795891259829e+00
-2.014781821435290166e+00
1.472690511834575222e+00
2.767287553724410820e+00
-1.717082552126150574e+00
6.456210871557168218e+00
-2.162834482408647840e+00
2.011298624602884111e+00
4.115195740147747472e+00
-9.550206965243743795e+00
-2.641472863718636876e+00
-5.089508338783020669e+00
1.966221087379005361e+00
-7.049011162789147633e+00
-9.600800327234145115e+00
4.370211932628122464e-01
1.866856368174703462e+00
4.568473934098684630e-01
4.725435398591602554e-01
7.418535768213717629e-01
4.733078402943526886e-01
-4.763139283201178742e+00
-2.586173595302597938e+00
-3.476604106538949690e+00
4.733017595275424760e+00
-4.700336303973167595e+00
-4.294676614424188799e+00
-7.026796082396895571e+00
4.173240726475548334e-01
-4.726031978466781247e+00
2.016605952666790547e+00
-4.537690196246464858e+00
3.451112520049330445e+00
1.411387008121067987e+00
-2.938834781727372114e+00
2.511867853173491927e+00
-2.652668249952280455e+00
4.722742372121483179e+00
-2.527932566905461975e+00
1.014918196972040554e-01
-4.956522418063709523e+00
-5.226036171193537250e+00
-3.717246957004348484e+00
2.615178002377470001e+00
-5.526542033257778819e+00
2.164781763304367335e+00
1.290223162082779096e+00
1.185337856667785905e+00
4.033633738196487628e-01
2.761466415395948726e+00
-1.210300044036642486e+00
7.747847582007402756e-03
5.283773889840515103e-02
3.481646961784023997e+00
-3.473116778299067953e+00
1.254466744552779511e+00
4.463239722310436974e+00
3.130737193000192597e+00
-7.493453153456738569e+00
-2.468643260534085782e-01
4.263350214306417918e+00
1.201901786966367291e+00
7.271031233599249965e-01
1.198972496668035737e+00
-3.062616698935479498e+00
6.770285230312477198e-01
1.440294521397239125e+00
5.059095395866888278e-01
4.288563227340091544e+00
4.945221158684789398e-01
3.138256235332856026e+00
-3.416161243287053395e+00
2.762896166477607274e+00
-3.477765421078025554e+00
-1.738601939353488612e+00
-1.328125673160490905e+00
-3.768063719839729764e+00
5.593591945033300483e-01
9.792725392474675716e-02
8.796785638232900162e-01
-2.448346156007611185e+00
8.746761869431718850e+00
1.746376676302755948e+00
-6.077296293013321637e+00
6.269892376666470923e+00
-6.664381074583721087e+00
-5.841349203300754134e-01
-4.886372904178699628e+00
1.949239368417459817e+00
-1.094506781530263817e+00
4.507491435495373788e-01
-1.912631795205641971e+00
-1.511751006382029638e+00
5.347102494867304046e-01
-8.910481981661604323e+00
3.574788319299950778e-01
2.494896877017469983e+00
-3.802523311499357295e+00
-9.784791633608797001e-02
-4.922952040294548692e-01
-6.616826733308782238e+00
-1.930261507557926137e+00
2.366445891983271377e+00
-1.713601111940370181e-01
-5.508232305672583484e-01
2.228766399460078595e+00
-4.498996187636161714e-02
3.351287582509504315e+00
1.048744749058950987e+01
3.727115961099769503e+00
-3.688864470720978339e+00
-7.405253467830020142e+00
-2.189792101284407266e+00
-3.194980264010721438e+00
-3.061847560462068518e+00
1.930421788032529617e+00
-1.128763122991083279e+00
4.119714332367110821e+00
-4.647934079279094632e+00
-2.197960587318646741e+00
-1.182400294862048229e+00
8.293469176679413302e-01
7.542038128034935784e-01
-4.228821004140573159e+00
-3.377559898903356839e+00
-1.388280869967509323e+00
5.639007658939121370e-01
2.573765262586010127e+00
-4.834866915894071027e-01
-5.792069174784539420e+00
3.959221608639674539e+00
5.747531689209008476e+00
1.339384840480425165e+00
4.573978951393561587e+00
2.721360031469623131e+00
9.345067893429568340e-01
4.369807636788711314e+00
3.286171217956309620e-01
8.582081714310028531e+00
-6.237092864690472194e-01
-3.542052259191944330e+00
-5.082521741023665607e-03
-7.102626468891182210e-01
-5.766377379784419777e-01
2.994971089114071283e+00
-7.060027016828968272e+00
-2.569548641918490972e-01
-4.870698581345936695e+00
1.709225038579973655e+00
3.405127009955948747e+00
-5.088424708825105114e+00
-4.769856102589618452e+00
3.797382542862941079e+00
5.260238246520939853e+00
-3.243899061330252076e-01
-5.892500728283697420e+00
1.482427933120198382e+00
2.467953900803921741e+00
-2.467270886572897837e+00
6.218098159869252406e+00
-1.905833232532033295e+00
5.492697600179754502e+00
-3.738670039692917779e+00
3.840222495507044087e-01
-2.317741725021249533e+00
7.536744176744092361e-01
-4.023145145143217860e+00
3.685029688547338811e-01
-9.295351931814176405e-01
5.323249496127494540e-01
-1.205948003090989262e+00
-1.757536797836938725e+00
-3.649930761272719426e+00
-1.085622316295295597e+00
4.849552503454861885e+00
5.872609401397709483e+00
-2.302790363470191171e+00
-2.338165583391587088e+00
-1.780345973488395739e+00
6.116167571964394867e+00
1.510187658080706541e+00
6.195756328624718812e+00
3.380189129354677080e-01
-3.486808287046627708e+00
-9.079711297905211254e+00
4.450400707440333115e+00
-8.232481160626676342e+00
-6.332779191958057829e-01
3.787315957219929974e+00
-2.189831083543345436e+00
-3.781103569442019641e+00
-5.532600157133247265e+00
-3.814637304687257036e+00
-5.790617526447704222e+00
1.567133583989274825e+00
-1.000283749818204093e+01
1.300377148342432676e+00
-5.736311537465599297e-01
-6.011820234851991351e+00
-5.057046802686995246e-01
-6.882022138149278545e-01
1.495672807168920038e+00
-6.917565505801174019e+00
-9.785459936730370734e-01
3.925965294962117991e+00
-3.247182737130760444e+00
-5.354834178643658404e+00
3.378164830753682679e+00
-1.580696233907342485e+00
1.873240733660820334e+00
-6.045919961147811605e+00
5.872647143659819324e-01
7.903229211054936254e-01
3.670241748965477058e+00
5.395317192991477828e-01
6.025009382883473208e+00
-1.164178563142188150e+00
6.025309302383936583e-01
-9.028888333008803002e+00
5.135599733488803054e+00
-4.135368536094556902e+00
-9.418392375962557628e-01
-1.263177099804017045e-01
3.450580147303715095e-01
3.601858585302879501e+00
-7.722363899810131826e+00
-2.962237291668755379e+00
4.996392998333093693e+00
1.320679770142477061e+00
-4.356762638230895490e+00
4.553544260307166525e+00
1.854649705332004905e-01
-8.035123368594876414e-02
-3.389724818404151296e+00
3.319604542542597514e+00
5.305149759823311051e-01
-5.511471019901049706e-01
-3.516989780387306475e+00
4.940462670034748704e+00
1.411236662734260516e+00
6.442288841089919949e+00
-7.180092998519812753e+00
8.406347592958553605e+00
2.829720160606449930e+00
7.054503200637338267e+00
4.385815542958032553e-01
1.089580353882827923e+00
6.564206675900308152e-01
-3.933389581973834481e+00
-5.716174891016323478e+00
8.980177644120075353e-01
-1.094859176592692940e+00
3.968281495392868230e+00
-3.233270035056490688e+00
6.510482347765458755e+00
-4.359065699658301263e+00
-6.674854881427659536e-02
-5.233405664585535355e-01
-9.974452583764659153e-02
1.933242122176174749e-01
-2.549688313953394569e+00
3.655214722607651900e+00
8.820326994528082665e-02
8.103678471508565906e+00
-1.888294997295758781e+00
