3.044225988060866861e+00
-7.100426955873210488e+00
3.188217759349569302e+00
-2.666964066340779649e+00
-6.443455192599136794e-01
-7.294579263724516593e+00
4.525596780409270714e+00
5.061746207650961615e+00
5.112320138252401946e+00
-7.259637134434355765e-01
-2.216756297712887847e+00
-9.233234599335967019e+00
4.055665634616363313e+00
-1.407301325045628992e+00
-1.231193943428115833e+00
-1.882537944333417368e+00
7.063476783738638076e-01
8.804730068778297891e+00
-9.543859586432729136e-02
-9.469055187555254216e-01
-5.729584584742389852e-01
1.045817043338866981e+01
-2.166875109788865217e+00
-5.542593472695754642e+00
-1.072210529752928743e+01
-1.029142002144282664e+01
-1.253954605553801782e+00
-5.605958595863396177e+00
-6.402477394404744615e+00
9.597692185141104559e-01
7.093480395774070857e+00
-7.011021954109580179e+00
-6.987815588910254450e-01
-2.823042564808692312e+00
-1.044475731762800841e+00
4.137310246804777769e+00
3.098130393476850486e+00
1.089404100895039740e+01
-7.724854909892783894e+00
-7.793631919458392510e+00
-8.196733829586702047e-01
5.682791639339092316e-02
-2.378790429525844630e+00
6.101058513698870422e-01
1.372576061412305481e+00
3.970022740532009653e+00
-5.898152813173631159e+00
7.032975420112286713e+00
-2.680831552782846350e-01
5.097641881741189707e+00
6.175851553105689007e-01
-5.582683415958122453e+00
1.039180704762828533e+01
4.026998197505548660e+00
1.332172762116403320e+01
-2.205452382943121847e+00
-2.616978577606600354e+00
-8.291966749616520360e+00
2.000729232552471260e+00
4.350577522018154397e+00
-1.095044033965678620e+00
-4.376984611828610205e+00
2.052692071822239672e+00
-3.561869793625981107e+00
1.453893750608900026e+00
-6.496208298089592992e-01
2.501604044200165688e+00
7.696454846064506583e+00
-3.981776339242938612e+00
5.323593156148051619e+00
-1.997366522247243203e+00
3.373181025114508458e+00
-2.872580689170376456e+00
-2.255636508267118145e+00
7.231253597917143949e+00
-1.003620680667836718e+00
-1.972078130565012355e+00
1.894424323072511740e+00
1.962828763477842964e+00
8.799724573159635188e-01
3.052895795644763766e+00
7.611074507104721221e+00
-4.821220426061081366e-01
2.219991352483606573e+00
1.281029697163597270e+00
2.087209361964754706e+00
-3.511057504724796052e-01
-1.223482277881381997e+01
1.590437251908559446e+00
3.184448133172793849e+00
-6.162702677699758880e+00
2.505762369506317366e+00
-4.344138853803528377e+00
-1.130557283172674676e+00
-9.803073281199049305e+00
-3.708290210913538054e+00
-1.097061714344281791e+00
-4.347899327652153367e+00
1.606551123947669968e+00
9.144191983792042677e+00
-1.000698508012726329e+01
-1.011711185400669066e+01
-7.961688627217452519e-01
-4.807617933656725739e+00
1.700945298304957110e+00
1.101947213851367735e+00
3.238609538068910609e+00
9.574548695566758028e+00
1.703524960925891119e+00
-2.979520498254457195e+00
1.700405315801096773e+00
-8.246638249256207365e-01
-6.451496845489965715e-01
-7.126407474269914388e+00
1.356391854400372354e+00
-7.585117073301463897e-01
-4.936828547043198512e+00
1.612834457850079284e+00
1.895683683293952093e+00
-1.132650892497739292e+01
-3.176975682399906242e-01
2.338463664236702044e+00
3.568379029341087083e+00
2.072678455244914453e+00
-6.465873922572366261e+00
2.103121007580186497e+00
-2.131523214951827061e+00
3.892877642494875889e+00
7.185743572481703145e-01
-8.439308036481683928e+00
-5.334978701707764753e-02
-2.995530040993335530e-01
9.081863766352018530e+00
4.729065641047962565e+00
-1.003639111009709062e+01
1.788360958165827963e+00
3.059437296379952098e+00
-8.201554558125648597e+00
-4.956252661430021966e+00
-1.661510392921058399e-01
3.642529704106967525e+00
1.434006648546374052e+00
2.607177312325343888e+00
1.646049692706982315e+00
6.718115286801762842e+00
4.418169548125695734e+00
6.585942403753356267e+00
-1.841318426365325944e+00
1.045481430606830298e+00
-4.620618586867984434e-01
5.449482162034181343e+00
-6.821341077420283172e-01
3.341677995144912483e+00
-5.953499389321554869e-01
-9.652262263154365307e-01
-1.144396205469517902e+01
-5.327428731938800510e+00
5.167264643274610769e+00
8.020226114319157773e+00
-1.909025658374373879e+00
9.874986753282859908e+00
1.471129785669100798e+01
-2.064200009582707995e+00
3.802895034394537799e+00
2.627474257127884627e+00
-5.941010325927009283e+00
-1.861781426802041173e+00
-9.321973822105247720e+00
-2.734140075552985993e-01
-3.582614697243640567e+00
5.984625687294340857e+00
1.274823766374549194e+00
3.119986277152687615e-01
3.233222826584136733e+00
-2.490659549924513883e+00
8.964341234628792066e-01
-2.448593533143908818e+00
4.443309611734093778e+00
7.195023894418579147e+00
9.252219171554839861e+00
6.659424650948157165e+00
3.544579678909630882e+00
1.359571386456960518e+00
-2.921997275820392481e+00
-8.986752329827258912e-01
2.021568177614888384e+00
7.322272056449867783e-01
-3.527600000554803383e+00
9.079920328241072980e+00
-1.693263503021173344e+00
7.256832675061771987e+00
-6.169935238616467643e+00
-5.602124078779434413e+00
3.863205642105288273e+00
2.311468977937066516e+00
3.903278758347421551e+00
-6.159875408673560315e+00
2.573404787521216708e+00
4.311619523413392940e+00
3.876473701840049024e+00
-1.764859558293068620e+00
-1.382926726317028354e+01
3.726730990217696160e+00
-6.990410498986837418e+00
-4.379483140130628449e+00
-7.489818133187349680e+00
1.780761835726198061e+00
3.025690629691036193e+00
-2.095142774912993389e+00
4.638167643647710392e+00
-6.738091747231574224e+00
6.299986580763142996e+00
7.741888825169320754e+00
-2.254348871630469375e+00
-7.031884160817097218e+00
6.722768832502547198e+00
1.048205008276805117e+01
4.914013737394149928e+00
1.545253884300415548e+00
-1.906536088773090221e+00
1.383032082854433575e+00
-1.696608744171471983e+01
-5.498150306183769764e+00
-2.201133493887831527e+00
2.307120174299045701e+00
3.056728314039584227e+00
-2.799226433867075148e+00
3.771151339788836321e+00
-1.037880830898199935e+00
-8.792052381570781838e-01
1.032862288321482858e+01
4.663410920049239072e-01
8.900355993776987162e+00
9.560530477731787879e-01
-1.246907782742157522e+00
6.356060015747647896e+00
-5.211157281632322613e-02
-2.516468867766435746e+00
-1.314589110293514373e+01
6.623558686139686680e-01
-4.686022485235517898e+00
6.884317809028391189e+00
3.566058668570965651e+00
7.856930491795380833e-01
1.260250609310459291e+00
8.503706683910737141e+00
2.267733851019917868e+00
-5.483936738106490516e+00
5.437374669708893826e+00
-2.393780404596462574e+00
-8.700550861296040495e+00
-1.044511062991057671e+00
8.939586293265039174e+00
2.235186064918150972e+00
3.921531682335647417e+00
1.745777421896906878e+00
3.664855249426900663e+00
-1.873180753385485786e-01
-1.310366639241097753e+00
-3.185032895075486703e+00
3.394502030100762791e-01
1.624602106536142010e+00
-7.514555443638647247e+00
4.866351453060502763e+00
-9.708654691211016097e-01
