-1.051254179680125356e+00
1.174939729012131950e+00
-4.305339414476510917e+00
3.431010918354731931e+00
-2.579152369227036168e+00
-1.774189012242993080e+00
1.469566442579234522e+00
-3.241369248172704109e-01
-2.338161150769478169e+00
1.009269303770355730e+00
5.370797308116641133e+00
-5.411110015363178150e+00
-3.185415428705741903e+00
-1.822292886979703708e+00
-6.574483507111107405e-01
1.420404192027560963e+00
-2.054274531804101134e-02
2.610305639113075227e+00
2.636712582943521621e+00
-3.488710048029182609e+00
1.755713180922984451e+00
3.063593401760855706e+00
1.578933890845146237e+00
-4.247465609161558575e+00
-8.948267456045577717e-02
3.539820001039885700e+00
-2.114189778991868884e+00
-2.743413224930405292e+00
1.333391354746540358e+00
6.348913070632812961e+00
-2.354370039183339536e+00
2.477080894291896485e-01
2.223518817363018485e+00
-1.623426355931628651e+00
1.213182563535017522e+00
2.141399630244461783e+00
-3.172155735843932955e+00
-5.992065311198081723e+00
-2.152451703156485152e+00
-3.313315890655556206e+00
-1.298760178091527884e+00
-1.256454028366525144e-01
2.419534901890144862e+00
-5.460521604015868391e+00
3.561201754046091850e+00
5.084809681369669931e+00
5.779675142655570363e-01
2.128875311571605256e+00
5.262357329667104455e-01
-5.394139055806109084e+00
-1.188280378619017696e+00
-1.920410350340949979e+00
1.564426612519749793e-01
3.272562882713907939e+00
4.405615752655585027e-01
-6.769579487044445898e+00
-1.589920827108893153e+00
-1.664948716097942594e+00
-3.955005851710969189e+00
2.722256782990994495e+00
-1.229197769223193237e+00
3.636042916887188281e-01
-9.689296928301338596e-03
-5.078657885449037401e+00
-4.448956461067419710e+00
-4.053951754198680923e+00
2.472361875513108043e+00
-1.407072313283669551e+00
1.659795569094643986e+00
4.477956362735005524e-01
6.487773862006192438e+00
2.878826624457285099e+00
2.675932876588746456e+00
6.963390903626462958e-01
6.575277093689443353e-01
-4.495915125342280216e-01
4.112495136967813103e+00
3.720037345352531055e+00
-6.538065048076818764e-01
-2.030553394640972176e+00
-2.213603385300138005e+00
-6.933802887503315304e-01
-2.212206854703855363e-01
-2.350467661732641211e+00
-2.327928191713166672e+00
3.179062802046148661e+00
-2.942730311656477582e+00
5.488621484600177958e+00
-2.471623080827876073e+00
4.281328911760939882e-01
-1.019379384789518728e+00
7.421662557810656535e-01
-4.171629742922016604e+00
-2.741302016641470551e+00
-1.871583692834013490e+00
-2.075644191251410753e+00
-5.484909158248993499e+00
-4.115799416981459347e-01
-1.857083681149914733e+00
4.452258464162774931e-01
-2.178898129161471520e+00
2.316331524867647484e+00
1.209536741264520820e+00
7.856680053161803068e-01
-2.519780796273087820e-01
-1.425353529256734531e+00
-3.151452815295822774e+00
-2.539742590917334342e-01
-2.794828814861335942e-02
-5.338170787476110846e-01
-6.887427766660162431e-01
2.427747293040260601e+00
2.807506084730716278e+00
-1.314896894244853787e+00
-2.570575566180333560e+00
-1.740865402873120527e+00
7.267578772796962072e-01
4.582283061225562726e+00
1.299935348883612285e+00
-3.109096524132351824e+00
-2.710104382758240060e+00
-1.545485349121170193e+00
-2.857917743952650191e+00
4.372600749348241500e+00
-4.291116697798919688e+00
2.760001989533076294e+00
7.275424178559753985e-01
3.515037133590736218e+00
5.424800401418505835e+00
2.327631942995320280e+00
1.971329376350173357e+00
-2.272668380124136245e-01
2.693448248638099951e+00
1.401345730930317224e+00
-3.957862109562723774e+00
-2.509579147874818617e-01
-1.298704815479097552e-01
2.623203870572979657e+00
1.711419851465311837e+00
2.948632465339248832e+00
-2.086715561653336160e+00
-2.354435483982850741e+00
1.610336353749652005e+00
-1.764860696770766069e+00
1.641639461719686999e+00
2.129041662705645876e+00
-2.492932662328090354e-01
-1.666701256909503437e+00
2.107632378032739506e+00
2.203960510955057739e+00
1.324208576376827429e-01
1.594443816793899904e+00
-1.792877047188953910e+00
-4.209095060168295821e-01
-3.416820935861507369e+00
3.265464894442732913e+00
3.169434077794450300e+00
-2.083205232131306595e+00
1.688603316766130957e+00
-3.297593340312579446e+00
1.545604899475391036e+00
1.487556595373319634e+00
-3.569877788626621973e-01
1.806072058769530697e+00
-1.013120387822141089e+00
-2.196839473402315779e+00
-5.110921866626915389e+00
-4.632452205659313149e-01
-2.955246401378748722e+00
1.030089765528645840e+00
2.124750515972987586e+00
2.643475780768340111e-01
-1.642444163851856098e+00
1.228291839259430640e+00
1.704214544475094906e+00
6.106787467079943355e+00
-1.145804000270143286e+00
1.786284419997942186e-01
2.735666801693231176e-01
1.837955580205361095e+00
2.480011183874172076e+00
3.326300762765692198e+00
-1.441010616658715549e+00
-2.404029811674757156e+00
-9.787275721993620170e-01
-1.470097241405445843e+00
3.535523658554271087e+00
-1.479233888887602877e+00
1.452079560705927808e-01
-3.185946125471099677e-01
4.790788605624971552e+00
2.754849717788039887e-01
2.277636864139359396e+00
3.301392888302378648e+00
-4.084190972048386215e+00
-4.030638287720150537e+00
-2.379921051585770275e+00
2.770400138794586464e+00
-6.684745361589802259e-01
-4.815930190422456292e+00
-2.912374690853811732e+00
4.226548981672547889e+00
5.594957675497290062e+00
5.435759885885331322e+00
2.350634873037952932e+00
-1.984321024969064151e+00
-1.255535362324520232e+00
3.647533817351044316e+00
6.897034070745836631e-01
-1.490884810627100654e+00
-2.132238101482663684e+00
-1.254181397955513644e+00
-1.079171873798746017e-01
3.992455017426274289e+00
3.647874624864731796e+00
9.064445802210454595e-01
-2.111998668832828052e+00
1.299923342090728795e+00
5.622628171056970103e+00
4.466308355209254621e+00
-2.340296166363284414e+00
-5.666291854856719823e-01
4.951442281661270428e+00
2.330198574760324437e+00
-4.694266446245143776e+00
-1.069933986602777942e+00
1.939959469298281336e+00
-2.313225043578335693e+00
1.902420928368057984e+00
2.107550259720523123e+00
-2.340957434396551573e+00
-4.830767757668903428e+00
-1.342289240551083562e+00
-3.969139524731996715e+00
5.302531019553326175e+00
2.532949800670072360e-01
1.780528278795928676e+00
1.879605457910845434e+00
4.709831056035467256e+00
3.929515130541091583e+00
-2.515876403238638925e+00
5.778878636144364478e+00
1.304216099814825114e+00
5.954297682049115359e+00
-2.972562157798267268e+00
-1.002543847506799368e+00
2.088168760011508418e-01
-2.019561706423367298e-01
1.458838594802038147e+00
-7.054465274240442896e-02
7.924875961100392718e-01
-5.438996900468265672e+00
2.837844316931908972e-01
1.002965616055374154e+00
1.286120452779204060e+00
-4.516168817382380851e+00
5.617388389329110332e+00
-2.782703072050321857e+00
-1.131068518607322576e-01
-3.298142242917700973e+00
2.222024418825331082e+00
-3.134631088460069659e+00
1.459326606800984028e+00
-3.724836129058307854e+00
-2.777345973296535542e-01
