6.312666358421082258e+00
-6.247949122633945862e+00
3.977967380855859769e+00
9.925112241134702584e-01
-3.123146047672239689e+00
6.135215041160759775e-01
-1.786273612449118087e+00
4.366154458008430161e+00
1.796742276537293126e+00
4.477225490378180517e+00
3.653673080769221926e+00
3.305758642374294176e+00
4.641233432759186428e+00
2.888673619595454323e+00
-4.529696480401948833e+00
-1.094708032496282080e+01
-1.242905164680985663e+00
-5.361035991883113638e+00
4.365208883055958111e+00
1.121166632069361180e+00
5.369082621880171269e-01
8.106584904690290472e+00
-6.330365395727785227e+00
-1.527470990951112917e+01
-3.427081350479889377e+00
-5.514796849596176997e+00
5.077597873350567781e+00
-4.436337852658541081e+00
-5.728297964729136993e+00
-9.413565149142708588e-01
-1.818754843680331579e+00
-2.335874227448434315e+00
2.048496706162754588e+00
-1.990858930769656698e-01
3.592495442405922446e-01
2.286144094949351668e+00
1.843940062017391357e+00
2.783814221471769823e+00
-2.316812011055724874e+00
2.740396218157610697e+00
-4.942214366402321701e+00
-9.178853994496016355e+00
-3.267781771787173994e+00
2.104754600178286417e+00
6.837082864458195353e+00
5.074017704657582506e+00
-4.388699122129488539e-01
1.833626838372300005e+00
2.158511200685042652e+00
3.092439640585558536e+00
-6.278734329607627451e+00
-1.132478551430935010e+00
3.529543750833475269e+00
-2.314632453108448340e-01
3.819950569951384434e-02
-4.404808866953684898e+00
1.356777007922272293e+00
-1.147377010805336495e+00
1.373075850084373162e+00
1.243464623518827583e+00
-2.338633002312192843e+00
1.053846734174607569e+01
6.632897920446570339e+00
5.875392650428397978e+00
-2.170991700725003692e+00
6.980393963713515504e+00
4.402936275423559920e+00
-9.712644976210809133e+00
6.907344482016728016e+00
-1.686273507847748654e+00
2.363387207036335980e+00
1.222142817278426108e+00
-3.420034504382073237e+00
1.983460396224329125e-02
-1.208586022516092839e+01
3.526260569717448057e+00
-2.480129199930454664e+00
1.979990016367865868e+00
1.430873229212207276e-01
-7.029312840183337130e-01
9.410220628237745188e+00
2.872703756380303730e+00
-3.278643747968445155e+00
7.220188091690038057e+00
-2.343390274498367454e+00
-5.832433545859890822e-01
-1.745054706626107510e+00
-5.289638783911462916e+00
1.201372739347980101e+01
6.059806511266970119e+00
4.447931360323066130e+00
1.286408870682133943e+00
9.897481783980366377e-02
5.208409636136273946e+00
-2.249647866843267785e+00
4.422185516967729768e+00
-5.449383342138285791e+00
-2.040271675043567434e+00
-1.013038159611821198e+00
-3.021195127543353731e+00
-3.325068543313302039e-01
9.194791893809016514e+00
4.093658243106197858e+00
-2.591769840207180486e+00
-2.874409663843521257e-01
-6.748855701914311389e-01
8.546425397531560719e+00
-1.896160513176827767e+00
-2.794709891135059188e+00
-7.416979037509607853e-01
7.101997005304936827e+00
-7.022048557249520595e-01
-1.577402711058833118e+00
-9.782651626687149937e-02
-1.028706229418183149e+01
-1.122024263295923419e+01
2.120406659115434245e+00
3.676152148583744950e+00
2.206845327484898256e+00
-1.057339421600674845e-01
2.036041679595728571e+00
-2.234188988568555967e+00
8.013104541212863197e+00
-1.381252802385222855e+00
4.395622396820179745e+00
5.893181523239692687e+00
6.180760072800367766e+00
-1.314197074281742594e+00
-4.497318693536643153e+00
-8.831217157622210934e-01
3.456257437987162895e+00
-1.360497293515905426e-01
1.333531727416145340e+00
6.535801245784198521e-01
-2.907586519539743453e+00
-3.876712724921191011e+00
-5.253866364982799908e+00
-1.379071561451184369e+00
-2.321770173346520583e+00
5.517022574326350792e+00
-5.618455816417879056e+00
2.705176175474197642e+00
-1.979871231641074036e+00
1.295759213270681443e+00
4.517424807008213472e-02
-4.417672016067558438e+00
-1.228020699165754337e+01
6.359094356718214769e+00
2.655396009779118938e+00
-5.902117979198805209e+00
1.355073062338996603e+00
-3.447643587713819180e+00
2.867993836527344964e+00
-8.780478215571364542e-01
-4.267176878140338303e+00
2.594136887921041357e+00
-5.774559852285110040e+00
7.964748494868967299e-01
1.044337993944582044e+00
3.825386192820983133e+00
3.917283216868687745e+00
-1.209790246393680713e+00
-5.142572272008932854e-02
-4.675642643083760319e+00
-7.445704165678753483e+00
-2.841940516078002243e+00
-4.633253403512656909e+00
7.908415223520369075e+00
3.328927406782899556e+00
-2.449346006313557922e+00
-5.231144197846052890e+00
-1.123598285519180706e+01
5.199292578767986672e-01
-4.377709701041014867e+00
4.493047655273406882e+00
-2.272881538447411476e+00
-1.349073009324439631e+00
-6.529585249134575164e+00
-5.420931161493489192e+00
-5.536889399172256532e+00
-2.377056209106642282e+00
-5.516899737698559569e+00
9.174110273071869326e-01
-2.705880559823959253e+00
3.587810759056583976e+00
5.363912907442548672e+00
-1.793207376946782894e+00
2.210847556207777398e+00
-4.898790156941334573e+00
-8.628437061136461139e+00
-3.040623003563745375e+00
1.028056442622464672e+01
-2.202507072769805119e-01
-8.756625608938033878e+00
5.313021435049596342e-01
-5.303984189498017088e+00
3.114819972977314944e+00
-8.334714486598899796e+00
-1.459755762336450324e+00
1.664780693040871506e-01
1.925069119970236553e+00
2.595047746411175194e+00
2.067394041895735946e+00
1.033047370911534912e+01
5.028798499907696673e+00
-1.485168529541587734e+00
2.109285800948421219e+00
2.538558376095661373e+00
8.888592757112098397e+00
1.335244446763477910e+01
-3.787411147420186364e+00
-2.773968704590402901e+00
-1.081534835462484967e+00
-1.653789380119023100e+00
-5.048874000919663985e+00
-6.261246208080068598e+00
9.697759296126783335e-01
3.617868290791105501e+00
-2.814085534462399174e+00
-3.096603129537975896e+00
-3.297777780226897271e+00
8.667388320297197524e+00
6.573898654185219570e+00
-2.569796670658265558e+00
-2.589161459987297409e+00
1.531961856196255800e+00
3.930869982637336335e+00
3.966170296772431492e+00
6.420233325484803188e-01
1.828111195364681363e+00
7.077356543044183823e+00
1.064140395699288755e+00
-3.186006649744201891e-01
-3.031104974869583746e+00
-1.150247996771949310e+01
-2.695521758815556446e+00
-6.686776585103471504e+00
1.352902571917639074e+00
-7.611378869938773661e+00
-5.610567570548614214e+00
5.896902653949330109e+00
-6.242961280705952909e+00
1.259551628245498600e+00
1.048586894332498520e+00
-2.332562709274593082e+00
-8.564117014924261806e-01
-3.583568076943707936e+00
3.723587877710179850e+00
3.559330072357881125e+00
1.708106215690885277e+00
6.082851469820063528e+00
9.043844787453984679e+00
7.818382215718551187e+00
-6.336138908834357153e+00
-1.416843600550127036e+00
3.813810905578160160e+00
-4.900554692318237038e+00
-3.723619406647460384e-01
-2.935093032134013846e+00
8.667091723380127011e-01
2.682854199170703779e+00
-1.604494108904776395e+00
-5.598713673546316105e-01
1.410914456675320849e+01
9.728126586593019098e+00
