2.105417038470887015e+00
4.216888330236357341e+00
-7.210461111640070975e+00
3.378895606871282542e+00
-5.129187996891626966e+00
-2.134900404194302048e+00
2.015761052040355050e+00
2.023444182598694852e-01
-2.489452770090278211e+00
-6.377473119425659531e-01
3.374432372821472903e+00
-4.967965989621427880e+00
-2.334713607764033139e+00
-4.159463755853938238e+00
-1.635490335125667105e+00
-6.234354103662699542e-02
2.728614307356986401e+00
1.264591532297480336e+00
2.639244468537959243e+00
-4.292870506388000607e+00
3.772352517484742318e+00
2.911271093249581554e+00
2.922555831725881959e+00
-4.628169363954461879e+00
-1.751566302285668897e+00
2.454690423620661477e+00
-9.288242661295557090e-01
-2.435952741058096560e+00
2.040130472042756438e+00
3.453143863851915185e+00
-2.780992490932665540e+00
2.903876294720875162e+00
4.392009051782200579e+00
-1.767502730642458442e+00
8.055197180205602159e-01
4.885187285117416955e+00
-2.560663327319886218e+00
-4.821546105390941861e+00
7.152993332089527811e-01
-2.487030358773206995e+00
9.014001331225105496e-01
-8.811249561479556069e-01
3.081085069595830728e+00
-5.951536706692773571e+00
3.560666102901278052e+00
7.052007975077559720e+00
-7.014506364354708978e-01
-2.354242369525883394e+00
-2.161992183678021817e+00
-2.735929355954226150e+00
-1.575887361830202060e+00
-2.413865793859019337e+00
5.018665130543104036e-02
1.539696007116306387e+00
4.808505274763073878e+00
-4.072270193976337715e+00
-1.151186198666494409e+00
-1.976263213977885513e+00
-2.585466018050175396e+00
4.308514204306748141e+00
1.343019888184389776e+00
-2.226569944928751710e+00
-2.355302872082726040e+00
-5.477267386597535648e+00
-1.330206317160098184e+00
-1.333795432778048129e+00
2.170435298005290559e+00
-4.377104501788380841e-01
-7.286850815275354165e-01
-3.981642915021766926e-01
4.251130138134065817e+00
3.325276010221545508e+00
2.673046052850444276e+00
3.630943896104413815e-01
2.843895090655532698e+00
5.962384997940716191e-01
4.155945984009031591e+00
3.556446601847925493e+00
9.847890739185449771e-01
-4.725523172112625403e+00
-2.029301360119369235e+00
9.780375117033519583e-01
-1.480515696335058307e+00
-4.277572714487329009e+00
-4.493277153647042610e+00
3.202469357080013346e+00
-1.949369178707232031e+00
8.403077950570436272e+00
6.082141765530049149e-01
-2.291901009970213732e+00
-1.599006695922125854e+00
7.086013098175125702e-01
-3.119212650704755063e+00
-6.067025890389970977e-01
4.760461286244443979e-01
-2.097962333692280801e+00
-3.482768201340557201e+00
-3.079242560459804601e+00
-2.621376842847319644e+00
1.052068507356131111e+00
-4.851779565772173619e+00
8.625015084467102522e-01
1.526520049462978479e+00
2.157152209071822924e+00
2.567527187675735512e+00
-3.019974232226322997e+00
-6.734613567031922265e+00
-4.799011345964007691e-02
-7.605432056130469576e+00
4.557522938476651575e+00
-3.781371595119834783e+00
-3.033118428910619890e+00
5.601492134567168435e+00
-3.760377065999584434e-02
-1.309190282122941973e+00
-2.665584548943603860e+00
1.945996794830995080e+00
4.932146429440244617e+00
2.744032552996491958e+00
5.850035960797344003e-01
-6.565672316127750818e+00
-1.851116388781966826e+00
-1.385858658920742670e+00
2.797889291657272182e+00
-2.945481809546515617e+00
4.516850601968509515e+00
1.061571727756414951e+00
5.648379558495860486e+00
6.139917693291792489e+00
8.702864027105111644e-01
-1.566534398859972532e-01
-1.471850905440257318e-01
3.886830762539111861e-01
5.481197222456549056e+00
-7.639406380921762718e+00
-9.600327701987888540e-01
3.857508949742080251e+00
3.043387375328072242e+00
4.084339311224278735e-01
-2.018496837419172518e+00
-1.317651135632507131e+00
-1.103291404540744480e+00
3.780725426297739222e+00
3.814269163519039552e+00
1.564205079733206105e+00
2.497775311689711675e+00
7.206753273225998679e-01
1.491311586535937650e+00
8.830500911131184960e-01
4.907729005174013004e+00
9.406228779183687383e-01
1.861533393904365452e+00
-3.769347947981850355e-01
3.387684871556909449e+00
-2.358756410937147052e+00
2.308911682147839706e+00
3.779177111216641016e+00
-2.350511454983571724e+00
3.667624692975202105e-01
-2.074918184514910280e+00
7.589122637197679433e-01
3.798093203641522031e+00
-1.304865665480909653e+00
2.629141617519686669e+00
-4.420188294572362508e+00
-3.464452911355878406e+00
-5.576163449040314468e+00
3.024521128928052138e-01
-2.117552451680015491e+00
8.400486491049796722e-01
1.899493357068967603e+00
3.307018572374024412e+00
-1.544126778361833097e+00
-2.419871093786841953e+00
9.959423576457122618e-01
7.297903751890380875e+00
3.443397622257513557e+00
2.449824684884978510e+00
1.380563848493282508e+00
6.320129254394226237e+00
3.807937294092736291e+00
1.459307482875708883e+00
-1.575362221419789766e+00
-3.943865930793814645e+00
2.901904336726430778e-01
-2.449374016812918331e+00
6.239620485137014505e+00
-1.601073049126057413e+00
6.448206820050655930e-01
-1.275169791978730371e+00
4.188079139084624813e+00
-7.742357955643153211e-03
1.174896448183598618e+00
2.493843358622109374e+00
-3.771111451127420633e+00
-4.180995860295293909e+00
7.394974103452411907e-01
4.221622719859630557e+00
2.989590304469103565e-01
-3.305841407343002469e+00
-1.390353638765583488e+00
3.254333011875821580e+00
5.645224872436805263e+00
4.190821353089905443e+00
2.949285095825064484e+00
-4.017495843291110091e-01
1.687131735357979556e-01
3.977477316917114702e+00
-1.196631564413880078e+00
-2.809971690122960997e+00
-1.359988155156026668e+00
-2.958311058633313007e+00
-2.124505581674067667e+00
3.728726909002876067e+00
3.458262017390950405e+00
5.212172209043358651e-01
-9.213479673690139204e-01
1.906073841529240420e+00
4.711009296659172563e+00
5.197450790083013139e+00
1.169550348191461531e-01
-1.222567282015565526e+00
6.933400997774622709e+00
4.501282280434859007e-01
-6.383037842792779415e+00
-2.955095528457369447e+00
2.826978586007465655e+00
-6.472266243306237232e-01
8.570598772899225004e-01
-4.555646740859019550e-01
1.462792283191187259e+00
-5.851191567637299862e+00
-2.561934866146094336e+00
-2.256919113776413965e+00
3.800666703104405464e+00
1.552606513863009186e+00
2.284968001286184602e+00
-1.220352512001527723e+00
5.448240561276342930e+00
4.402497412237143415e+00
-1.398634849223604260e+00
5.909502711422200960e+00
1.684994492098525587e+00
8.361227499784938288e+00
-8.573623847066599302e-01
-1.376460791760403257e+00
2.137536567308976565e+00
-1.895455040580550088e-01
2.189293264540052242e+00
-1.916458144276452780e+00
-1.990426120662903475e+00
-6.082777361405027783e+00
2.093885815858733956e-01
4.578749660162401369e+00
5.213567538958514547e+00
-4.414352371768615058e+00
5.713735046475059143e+00
7.316020615003915317e-03
1.775635782851088529e-01
-2.891129812259046972e+00
2.784572460615432288e+00
-2.270205690946171639e+00
4.681150617155131144e+00
-4.150453453532140458e+00
-1.496466654309373645e+00
