1.308556298040244759e+00
-5.741543086518625216e+00
3.796105581753710378e+00
2.584771805241129705e+00
9.931686240674639787e-01
8.553514158786266197e-01
1.754409931329156680e-01
2.332425550702412309e+00
-6.326451890488755669e-01
2.434735118883045502e+00
-2.145987300041398260e+00
-6.545219076445312201e-01
6.108772148354785436e+00
4.312777249355312037e+00
-5.036619753811624633e+00
-6.459217678286024444e+00
-7.137221139703217032e-01
-4.815880854878703765e+00
7.923182985781910048e+00
1.272190573665025859e+00
9.571439651681570293e-01
7.514306996578899778e+00
-5.898530536625457010e+00
-8.347213443539411415e+00
-2.000343500284007536e+00
-7.500577602386648834e+00
4.321562505037460866e+00
-2.787142721743951501e+00
-1.420322689295856255e+00
1.007481116816832500e+00
-5.830043443992703800e+00
-1.407399859553460253e+00
-1.278914551232997798e+00
-1.291670433428446785e+00
6.409479053781537150e-01
3.736333117994851793e+00
1.159152670448140077e+00
4.558704555719097051e+00
-4.073104131880077361e+00
5.018730564036480324e+00
-1.762176045474530772e+00
-8.389433664493459730e+00
1.821625652228670678e+00
3.020716957354461218e-01
6.070582561291931967e+00
4.486211178146997547e+00
9.396304703654496659e-01
3.447961440774426123e+00
7.065459454983971099e-01
-2.832664494452068471e-01
-2.830514133894169948e+00
1.016500665836246320e+00
1.123579362552096672e+00
-3.059813204706916423e+00
-5.276316466868820054e-01
-3.377726743679331456e+00
2.492263849684468457e+00
3.588101767962443400e+00
-2.265843064832100850e+00
-2.258556711892576452e-01
-2.295875128628388495e+00
1.162591838107443465e+01
9.928280053661911353e+00
7.813151075769511067e+00
-1.171235629087512331e+00
2.525865126414346573e+00
2.931520271143137180e+00
-3.898083613624418575e+00
6.607163133959165435e+00
-8.990063007910313875e-01
2.961796843679402436e+00
5.829057768257982497e-01
-1.750920694080187134e+00
4.104502796817263155e-01
-4.899294548186341913e+00
6.968455697644765356e-01
-2.023333744693597058e+00
8.917862313431406118e-01
-5.086264401570314675e+00
-2.365717050502553209e-01
8.508305783558853364e+00
1.587019228191343556e+00
-1.792990475136473139e+00
3.856841660025602803e+00
-2.163141487256840523e-01
6.291453045216797157e-01
3.656214899476361246e+00
-4.444139789145374664e+00
1.049444803670182225e+01
3.024296550775068759e+00
2.792712809291701515e+00
2.249675511880336043e-01
-1.311068262400650442e+00
3.476456847111916826e+00
-3.689618107765113564e+00
5.907521504621136899e+00
-8.542988923027758474e+00
-9.756064013577869787e+00
6.643495577252340745e-01
-4.451672792679398083e-01
2.219297641720565650e-01
5.221015304380401290e+00
1.945176392287084388e+00
-2.786546860162228967e+00
1.242820922006722117e+00
-3.551797746745312345e+00
6.293044027285640496e+00
-1.511488905825162932e-01
2.866327357682553423e+00
-1.447107591139624727e+00
8.625141921015595514e+00
9.562890485481322367e-01
-1.123669948612035174e+00
-1.504384349379351171e+00
-1.020240473194576047e+01
-1.037608554537104588e+01
1.171532832074235309e+00
-6.506169145826434796e-02
5.503234903099023967e+00
2.607606115464191632e+00
1.784900990380285712e+00
-1.896444580999667728e+00
6.484813801230080443e+00
4.658766466240787940e-01
4.589480753740872387e+00
-2.580699169198332754e+00
4.190763225518212565e+00
-1.948705198647081582e+00
-3.820948128715725201e+00
1.383434873342954674e+00
-2.707996635405000019e-01
1.440041449016293607e+00
3.119868492065750232e+00
-2.849256377131958118e+00
-1.871620921813017535e+00
-5.602855985641806313e+00
-1.369855699857057907e+00
-1.332676605707282080e+00
-4.507249675065859940e+00
6.365929471705018550e+00
-9.546950947046219937e+00
2.839435144328611216e+00
1.253539332298164166e-01
-4.734458849416444681e-01
-1.342734565680340442e+00
1.280538086863015179e+00
-1.279570530443614551e+01
2.036522819707405674e+00
1.581836904984546655e+00
-4.343766530071667020e+00
2.632031470452753652e+00
1.212895690574311569e+00
5.001036797332121253e+00
5.473743161881289288e-01
-1.168828288915728431e+00
2.466926767320882341e+00
-2.725309211300092294e+00
-1.889966738091631182e+00
-2.252082701024681999e+00
-4.420011086013664325e-01
2.995673830145436090e-01
-1.086017060201427964e-01
3.634849751139780372e-01
1.634390132783010152e+00
-2.711144757293216134e+00
-1.420136978197968691e+00
-5.253709942184489279e+00
1.751476517574705571e+00
2.701348421613470663e+00
-2.509985577387543909e+00
-4.155165926104489316e-01
-6.056358705912169071e+00
-2.606047292630210510e+00
-5.239370251933262779e+00
2.616556497839995110e+00
-2.235794069274867457e+00
-3.720238419946992892e+00
-2.397659745054808944e+00
-4.124646121401846166e+00
-2.855605314440114562e+00
-5.284472678533945533e+00
6.829532966098761371e-02
-1.257901638117529419e+00
1.731152034754812830e+00
9.818989905581189115e-01
4.376285025856148536e+00
4.963182616551460868e-01
4.582508750244132512e-01
-1.880541217991269054e+00
-2.373475939719294381e+00
-4.494901036138706729e+00
1.045851105284788929e+01
-2.412188164166396920e+00
-7.642852535196344554e+00
-8.417633210519525067e-01
-2.803267176282493445e+00
2.915730559608278760e+00
-4.779830939770159048e+00
1.307620529536920984e+00
1.604013748562194142e+00
2.731836219737047711e-01
1.183456796886507290e-01
1.243965991238317637e+00
4.363789562855337145e+00
4.032008257245323080e+00
1.217290640947839231e+00
1.457224761089951359e+00
5.841724737632291387e+00
1.662727555702544269e+00
9.563814434320899949e+00
-7.309709531508131519e+00
-3.162785108583497373e-01
6.976240949306194983e-01
-7.679182561421982189e-02
-2.542557787948579673e+00
-5.046360687890391716e+00
-5.039546122945426365e-01
-1.234117691640862269e+00
-1.411966945482214797e+00
-6.760495145490391655e-02
-5.221218642905734342e+00
7.535879251723628158e+00
5.724398567620943012e+00
1.597249570787610207e+00
-2.645599935989949802e+00
5.105474089394840043e+00
5.003131250604629265e+00
6.038657664128429303e+00
4.094262486604788087e+00
2.773996388425166160e+00
5.075658047542989770e+00
2.152358134376551657e+00
4.920215263255470761e-01
-8.650451237708903562e+00
-6.723247517662994888e+00
2.921257440334541489e-01
-2.880324052829908776e+00
7.295742061912383614e-01
-3.299259807210634055e+00
-2.614258237995342071e+00
7.212396691408097027e+00
-8.928519388826660075e-01
2.094364527797541786e+00
2.444688292616504555e+00
4.525432287781542273e-01
2.858484754094351210e+00
-3.144100532390308622e+00
-5.615413300283099707e-01
3.739079842162281064e+00
1.548371704875706190e-01
6.250831318497668931e+00
6.320655183599255267e+00
4.867047389013725578e+00
-5.645809192122005271e+00
2.614340007504695418e+00
3.579506784135798370e+00
7.265742029081179165e-02
-3.472630696650171878e-01
2.780807970295111620e+00
1.334451970150042355e+00
1.446462894994184761e-02
-1.884195154276995909e+00
-4.234418072543144618e+00
4.272282425636233505e+00
4.196558397384127836e+00
