-2.407600478195673688e+00
3.746152115051353260e+00
1.917371925877461747e+00
2.750774888636297266e+00
-2.960132241344458404e+00
-1.567216935993460236e+00
-3.193125459512685005e+00
1.875852927322187558e+00
-2.292622727576745678e+00
-2.401952364235697690e-01
-5.488031674609414878e-01
1.798962067065557502e+00
8.174294804212505205e-01
1.265173703131178717e+00
2.683633559420770531e+00
1.660192270571990480e+00
3.591180219361379766e+00
5.609525565723167517e+00
2.527594912832776153e+00
2.443908429445345476e+00
-6.089784277699440196e+00
9.529794681467993467e-01
-3.503586212994219462e+00
-2.801329825735225487e+00
-3.460999236654659583e+00
5.874586461117127456e+00
5.225906975943502175e+00
-3.141279831195254779e+00
-6.565037024345671268e-01
3.614722496594747092e+00
-5.284826393133208455e+00
5.840417457189489570e-01
5.907735078968225917e-01
4.189929222633366757e-01
-2.405354015297557879e+00
-2.861728032164309266e+00
1.538028630693472065e+00
-4.870252246218410797e+00
1.057096169942896680e+00
3.297817128337341863e+00
-3.636594021937872512e+00
-1.482088616010033943e+00
5.091292569934471324e+00
-6.237176986320423389e+00
1.874732655369817924e-01
-3.478829519051579666e+00
1.123631361313495614e+00
2.865418538453171404e+00
-8.776380958345364469e-01
-2.593258962049678207e-01
3.548304243764511146e+00
-2.622483774494380970e+00
7.120687347816426538e+00
1.914754655876203859e+00
-4.244346762084499902e-01
2.102770023359669782e+00
1.565728412865062369e+00
-1.432541249822639973e+00
-5.670649558130601342e+00
1.313005055036319479e+00
4.615593988473902343e+00
4.742172992791324204e-02
1.389417963335468631e+00
2.243414604535299617e+00
3.240775998595716523e+00
-4.268922888450261688e+00
-2.964350601459529333e+00
8.695994285915965571e-01
9.005589350595429865e-01
-2.063484015155308882e+00
3.554333241971465274e+00
3.541092338577626730e+00
4.396874334721838640e-01
1.163237940670977411e+00
-2.014854286842589826e+00
-2.184045117909314992e+00
9.316674911894553546e-01
-2.576429969890153160e+00
-6.007292441872393862e-01
3.847836841766933969e-01
3.410191747091739334e+00
-1.774597524899480305e+00
4.400349528944701660e+00
-2.549853542605317713e+00
-5.022498742795320936e+00
-1.021238358704264826e+00
8.025278661078454334e+00
1.589400156829876343e+00
-1.328429518408610788e+00
-9.469986707563786688e-01
2.104981842494742850e+00
1.383637193145327571e-01
3.165839746396556631e+00
5.994506808267089371e-01
-3.012777351110657587e-01
-1.001706049285673750e+00
5.570678546713362600e+00
-3.247031248743873277e+00
1.321033345938990688e+00
-4.092738504601654448e+00
8.167474242321095090e+00
-1.744744674999453959e+00
2.627135657391818757e+00
-1.052494548909848504e+00
-2.111591862439698986e-03
-4.453895691428556347e+00
1.455590446674561722e+00
1.968047222074404301e+00
1.371145737242046803e+00
-6.084101729608939024e+00
-2.706283167007553114e+00
-4.704089649109111093e-01
9.552707649792269162e-02
-9.196923725711739550e+00
1.962047012215455966e-01
-2.148862817611409515e+00
1.621084480207683587e+00
4.685901708210229444e+00
-4.531212697286077784e+00
-1.600028880814387877e+00
-2.743060409805410105e-01
-1.200162369795249706e+00
-1.196434870153724628e+00
-7.838035003204358864e-01
-1.549459028931021498e+00
3.688016044898832835e+00
1.759461213931609702e+00
-1.428153431491975711e+00
1.698398310875681716e-01
-8.518088196871881346e-01
-5.652083878576704912e+00
1.519395562680113443e+00
7.277045104023271982e-01
1.677227628945129334e+00
-5.118116558820295925e-01
1.741474284832675412e+00
-7.301463373902432608e+00
-2.657682848407624032e+00
4.513373996910869934e+00
-6.869996706268650222e+00
-6.978684376524004751e-01
-9.096400675575718742e-01
4.313568424395369583e+00
1.077262102966799695e+00
2.102222663388889412e+00
-5.162857794773116904e-01
2.002595428357319296e+00
1.201657243867568114e+00
1.249058527610890312e+00
2.496482895338755448e+00
4.613695996365902552e+00
-3.613074568911055495e-01
-5.461960058452532074e+00
1.112049822848360181e+00
-3.003593926237547951e+00
-3.288297293591209702e-01
-2.090591207448516675e-02
9.666382608123340603e-01
1.626709064745172517e+00
1.290957572355312166e+00
5.911254739537830094e-02
5.235850275103421936e-01
4.773339269878190683e-01
-1.645540802960939464e-01
3.239645387433297774e+00
8.720971383781498387e-01
3.143192382043461741e+00
-1.921704081150055643e+00
9.691215982264892448e-01
2.082050878379569259e+00
7.791687483320610674e-01
2.137125964548849844e+00
1.559332371165514708e+00
2.941854452705850775e+00
2.437488982698893913e+00
1.950107238203711901e+00
4.717878573512550577e-01
4.080692736435379331e+00
-2.552862889867697493e-01
5.319856441518747703e-01
-4.280024297107114073e+00
-8.628614925872928054e-02
-2.352400630321498376e-01
6.696580214388601071e-01
-1.024443321031343945e+00
-1.894954878603517745e+00
9.665148606903473105e-02
2.125615935810849511e+00
-9.539108090112335958e-02
-4.730539815951560811e+00
1.172985371884325945e+00
-4.985296004223143118e-01
-4.545815777931548340e-01
-1.077540112504260517e+00
-5.820093891070984071e+00
-1.213670394108255168e+00
-1.160957299370389606e+00
-3.117585310457164027e+00
-4.026300734323811525e+00
2.477280236696964177e+00
8.975706047241752694e-01
4.588363700561879810e+00
-2.319577587175145172e+00
2.579723431639958875e+00
-1.959037365998841373e+00
-2.006796692593640907e-01
-1.684256655765599575e+00
4.065295271571276459e-01
3.056879508701945802e+00
3.762851079102238483e+00
-1.226814126467382637e+00
-2.754237912333574290e+00
3.580906483575011734e+00
2.621455384933727650e+00
4.672605273059224018e+00
-9.072697447601379972e-01
-4.200563780189026986e+00
-3.100276367415038425e+00
1.973515407464758731e-01
-5.532726989000688711e+00
-5.144933390744194091e-01
-1.153249908666655887e+00
3.369296522462018384e+00
-9.847751403702622586e-01
7.694595773029931918e-01
-4.904714955663357578e+00
-3.479719736765253923e+00
-8.965940547023849572e-01
2.029405576646888143e+00
3.948344810945056071e+00
-1.145152028111681375e+00
-6.631386641273356197e+00
-2.347059015824063621e+00
2.250373689781930864e+00
-5.234360750824399666e+00
-2.577963213212312255e+00
2.321498666570705360e+00
-6.650517166019389137e+00
6.217644867192551050e-01
-4.237079895940737195e+00
-3.924271612910459783e+00
-4.791781705855728823e+00
-2.264601330801714330e+00
-3.599080504320538498e+00
-4.187625665651393270e+00
-2.252403244948546490e+00
6.721221710391246162e+00
-3.638993536717451516e+00
9.223106169808218624e+00
1.962146774364555313e+00
-2.447397918997239241e+00
-1.689295511908130543e+00
1.913523203816517970e+00
3.032111543337753901e+00
-4.154608159903095732e+00
6.584158130954489430e+00
7.621771189891360265e+00
9.615031458022621491e-01
1.022866108737396473e+00
-1.338613392746231590e+00
2.685173418188739891e-01
-2.125451916694565568e+00
5.082268859853575904e-01
1.959110049857262781e-01
2.690400587474852667e+00
