6.932130270450327370e-01
-5.445678316107558814e+00
7.816433572650250738e+00
4.589812699409152152e+00
2.122223714923186844e+00
4.814572524839086931e-01
3.913945784928479554e+00
1.898608085864034845e+00
-4.017932909797618635e+00
8.210990542277389892e-01
-3.274257644657874611e+00
-4.964468125232036622e-01
5.781664466019634574e+00
2.623629232360704222e+00
-6.555058272301428346e-01
-5.004745055966006717e+00
4.642726474966096806e-02
-2.946137145657912626e+00
3.440053914460855289e+00
4.035837108148909724e-01
1.817492030788709023e+00
7.583300047173734626e+00
-3.914013628799081435e+00
-9.640449440651902790e+00
3.896265685008750701e-01
-4.124990006330612857e+00
2.230797535423297617e+00
-2.416265284980256833e+00
-1.317622081303563508e+00
3.106718809493302924e-01
-6.244105196400021818e+00
-7.498214763592331300e-01
-1.198637186760260320e+00
-2.463091092627919920e+00
2.035829210321529636e+00
4.936601392005525391e+00
-2.743683950931718130e+00
1.111057341017831712e+00
-4.927485000685898342e+00
3.619904855271829813e+00
-1.897855679069129886e+00
-4.862442866397669761e+00
2.227403465193313448e+00
1.161845901809178905e+00
3.870635532101608156e+00
5.437690711964570767e+00
8.542544466041193107e-01
4.672267611683585287e+00
-1.138844455750244733e-01
-2.760387325054575181e-02
-6.049843471328932409e+00
8.040803377952354669e-02
1.364129511949658369e+00
-1.366570056646438935e+00
-6.260711975560817599e-01
-1.727272182384076427e+00
6.857051680048519282e-01
7.261376082458572689e-01
2.060061163657200822e+00
-7.098601372675676924e-01
-2.383320151611107995e+00
1.144859572714107721e+01
4.796801829995665400e+00
4.716379627993413592e+00
-1.799855474560416724e+00
4.104905113996018540e-01
4.250845843323529216e+00
-5.433961328783171396e+00
5.455623187643817928e+00
-3.020286285896081502e+00
2.550186643658102881e+00
-2.325669322343567602e-01
-4.453526540637712472e+00
2.742492158175128925e+00
-2.157402946920750963e+00
6.801090755595241566e-01
-3.000901687826620812e+00
-5.644646762667334672e-01
-3.851796932696910591e+00
1.590794578230176448e+00
6.175774894549864946e+00
4.998748742875557483e+00
-3.126227834598906519e+00
4.063341736853096187e+00
4.869522225650419145e+00
9.270814623126752974e-01
5.261039973544398229e+00
-1.154074631717685984e+00
7.541051161395630587e+00
1.851867696232262439e+00
4.547781191339571594e-01
-3.338928990264259378e-01
-2.133031206341090336e+00
-8.493807826567560948e-01
-4.298743208190517251e+00
1.723856960861875898e+00
-6.267622354035433219e+00
-5.144219536521132063e+00
7.472161961742163072e-01
-1.285483695215465794e+00
2.007644393393773208e-01
2.306088373913802947e+00
8.195534845290975978e-01
-1.029709675243462241e+00
2.220654536593439587e+00
-3.375307313529897435e+00
5.980653682714233810e+00
3.700331909128188546e+00
2.029978857156716998e+00
-1.305568704121066625e+00
6.999394376927375205e+00
2.446997795997715830e+00
-3.076993047787203395e+00
5.755525057360297847e-01
-9.463751648089891333e+00
-6.219443957853878935e+00
1.421688534020321693e-01
-2.691993070372518115e+00
5.282566069122849761e+00
5.312516381606412708e+00
8.023742654322256751e-01
-1.376266698377108355e+00
5.989657908594180569e+00
2.007265852410000662e-01
5.629864330381638915e+00
-1.571952821314021920e+00
5.718085299658278053e+00
-1.642168249540177261e+00
-4.019983126075009849e+00
1.811676447287862146e+00
-2.933979980542187338e+00
2.187723879918917369e+00
2.651885279231443793e+00
-1.341163960101514840e+00
-2.329452609592528312e+00
-4.968078386333156793e+00
-3.794206946608465358e+00
-1.518653470047117704e+00
-8.842850770251948767e-01
7.626631123256426115e+00
-9.883432289063799558e+00
2.771787006635201056e+00
-9.819387832707791031e-01
-8.139865869678073462e-01
1.256865080575060578e-01
3.410874149947124678e+00
-1.298330482994988522e+01
3.348133021507197771e-02
1.219891437034418491e+00
-4.971382827469115639e+00
4.236960289480689035e+00
2.318636332094456520e+00
2.986679322874684850e+00
-2.710036160538958683e+00
-1.279471159264528923e+00
5.248157226001868292e-01
-3.039932662975212363e+00
-7.851849217379228696e-01
-5.406311605355653693e-01
-2.940021738398196915e-01
-2.257682639626865662e+00
-7.694457888642440846e-01
-8.637228157972282050e-01
1.617757878155787532e+00
-3.086848744919745702e+00
-1.300409702827803660e+00
-2.090053366961467596e+00
-2.021165528117992993e-01
-1.043546654879961455e+00
4.477996351521579044e+00
8.917181683030346306e-01
-3.941399707920771878e+00
5.515030828082210235e-01
-4.568086525313494128e+00
1.744029579801464669e+00
-2.075475582023557308e+00
-3.648054239617065875e+00
-1.746025805387684704e+00
-2.164289528045387989e+00
-6.300600727972182291e+00
-3.670047251910803610e+00
-6.295841006008404683e-01
-7.763315671951422914e-01
1.035974645614286871e+00
-1.624923491507008988e+00
4.830872675896739743e+00
1.012965401181776137e+00
-2.547278960256826319e-01
-3.343265256182185396e+00
-2.972840140728569835e+00
-2.847565648472182520e+00
8.279798729611936636e+00
-4.260108936526833645e+00
-5.215278234779719746e+00
-1.388182504667779593e+00
-2.688173300663210807e-01
4.095688429386140861e+00
-5.435139993866184405e+00
2.202170261280740782e+00
2.400568807898393331e+00
2.125972854611137386e+00
-4.279692279487372630e+00
3.066225489984186203e-01
4.334631908761304331e+00
4.453376288086523083e+00
-1.280037761896063997e-01
-2.080908961520965939e+00
4.287803967556998330e+00
7.561201152956280591e-01
6.707973803566823712e+00
-7.776902882036678122e+00
-1.045649782691239427e+00
-4.340590461728245364e-01
7.134749638323287790e-01
-2.238162696131715812e+00
-5.073722151255700474e+00
3.118107705086106129e-01
-4.295173802917670258e+00
-2.582330983152729686e-01
1.877897964661420449e+00
-1.870544948537878005e+00
6.058005561390778837e+00
5.606577194827243815e+00
3.853386539453815374e+00
-1.331893094177266423e+00
4.427416590094102489e+00
4.569962147312470968e+00
4.091382695894520971e+00
4.218271452044982439e+00
8.315945917530755960e-01
6.900849527016848839e+00
-1.425331968488097456e-01
7.262218389309189615e-01
-8.868515964156388875e+00
-5.626976160954748174e+00
1.216000479086456254e+00
-1.531972644217625579e+00
2.588116339683754319e+00
-6.042832800781987590e-01
-1.870169079522219002e+00
4.767809365630851559e+00
-3.733625477560341466e+00
-1.657632194887155963e+00
4.477061576464484105e+00
2.190718967586534838e+00
2.909273359198060849e+00
-2.931669697510598915e+00
-2.429980910223809243e+00
2.131257470327136083e+00
5.037712372880421841e-01
7.890975196677644021e+00
6.775878644609559132e+00
5.213718257283098012e+00
1.097515510161087171e+00
3.164015843787089555e+00
1.417314686094445886e+00
-9.416934523592797035e-01
-3.145181009459523391e+00
3.960043286755406733e+00
-7.211334013395390707e-01
-8.638161989968438093e-01
-2.162373693687092313e+00
-2.763127974481689009e+00
5.686358049606263343e+00
7.986865658394210143e+00
