1.687579691536229776e+00
-7.406376124541534267e+00
4.384122953295743308e+00
-1.816528536861406806e+00
7.967167345265976919e-02
-5.665789859314538823e+00
2.741489659180516902e+00
2.881149545670836254e+00
5.227580069690184850e+00
-2.002542636002032417e+00
-2.214937336923283873e+00
-1.164833267738531930e+01
4.144815224652064423e+00
-2.645447619717454568e+00
-1.549393541195923651e+00
-1.446674503998985228e+00
1.302582778147197695e-01
9.466843879153305608e+00
-2.563650602517729915e+00
5.162099793614386423e-01
-1.449758482020432893e-02
8.438483391254775867e+00
2.329649722936747658e+00
-6.720520621947500217e+00
-9.467554282347993677e+00
-1.067615301760938884e+01
9.988981070972046128e-01
-6.810843177429485529e+00
-4.705313936860024970e-01
1.005892355233426905e+00
4.429185487450014946e+00
-5.448371993786015999e+00
-1.092813645783961007e+00
-2.914109508387035863e+00
-3.253597705198742140e+00
1.957303092269448985e+00
4.348437478116308874e+00
8.728426024432179631e+00
-5.160400203565087551e+00
-1.061951085396894889e+01
-2.916299894576034113e+00
-1.683566405954549872e+00
-2.402853146414271279e+00
-2.594934679989513437e-02
-9.755476372720967015e-02
2.843339507389182952e+00
-4.324131950531055146e+00
3.058878678980801791e+00
-3.774445987460959717e+00
2.233962631739792037e+00
3.370880136307186081e-02
1.688505070439422440e+00
9.598672197195158518e+00
4.593358325926423014e+00
1.250654801929079696e+01
1.148505122749087004e+00
1.284084833114861102e+00
-8.184453706052417843e+00
2.657474347997524244e+00
3.346859834907763176e+00
1.700049245013712795e-01
-5.230824610139853448e+00
4.609443497014177993e+00
-5.633681436546483567e+00
1.911371106078912363e-01
-2.584114462242610877e+00
9.937070259997334842e-01
9.276103957221122798e+00
-3.486969235329479666e+00
3.884426043836582298e+00
5.358485284794223258e-01
4.309872545072892969e+00
-5.133276141882323174e+00
-1.304002639672527053e+00
8.187144320249464258e+00
-4.301198928259587495e-01
-4.167378242833231994e+00
2.512350679225573202e+00
1.588034297935804640e+00
-3.815386179497267660e-01
3.515516279454719673e+00
8.618945221963974390e+00
1.281854712732661383e+00
-8.918996365827129846e-01
1.782208813963748195e+00
4.381664161624578391e+00
-1.273424367990604988e+00
-8.571015274883194479e+00
5.921651538378696067e+00
1.585478657541895986e+00
-3.956100888370094548e+00
3.301340274684705367e+00
-6.203577826844677290e+00
-3.851599093786209238e+00
-9.865373452934756315e+00
-2.768872325217445196e-01
7.377850701092086849e-01
-6.915322454695462806e-01
1.912184875448319055e+00
6.867092073678052522e+00
-9.761215711466803668e+00
-5.710807978118340067e+00
2.338653097993987018e+00
-5.160414021434604592e+00
2.258484558843311674e-01
1.203484550210591975e+00
8.100627009942812373e-01
8.366248471653101149e+00
3.572728318674676995e+00
-1.622122853777640428e+00
2.220884262625060668e+00
-8.834308700991142516e-01
-6.337329166396621360e-01
-5.309838815294358305e+00
2.928602446398076431e+00
-1.557416250340712072e+00
-2.430543067457809681e+00
2.664168876760548699e-01
1.327523989616445244e+00
-1.138626238820655523e+01
-1.590899484996424751e-01
1.969133896706382947e+00
3.250656151297152352e+00
2.862888010380701509e+00
-6.261614768346342785e+00
5.133623237942535056e-01
-4.674128189606006067e+00
7.422385681899203114e+00
4.615230856715418772e-02
-6.192495208022697817e+00
-1.733781583716527130e-01
1.223472608232598402e+00
1.082723321228269064e+01
4.946124392184116481e+00
-7.627865219841232225e+00
3.765353617759244820e+00
8.701524443971304645e-01
-7.260017298532172703e+00
-6.397279696134587468e+00
-7.056894636265980125e-01
5.212336835600381413e+00
2.729410409511714430e+00
8.727726035357760148e-01
1.954725884117747281e+00
5.625541175612964295e+00
4.695320828957229686e+00
5.491972233086204191e+00
-2.586785097195606564e+00
1.359056925666900728e+00
1.606724887635720078e+00
3.796396878346596893e+00
-3.071947637730166214e+00
7.510219740497861007e-01
-1.283316167692443388e+00
4.438734128945445168e-01
-1.167181523279546695e+01
-4.487936166523015302e+00
6.555304286317107376e+00
5.683474598697960900e+00
-1.185973487601541310e+00
9.918268760499371339e+00
1.209511373922155997e+01
-9.815543491173860380e-01
4.038280876188421686e+00
4.120356976763194901e+00
-5.171095692328489868e+00
-9.263292598995487293e-01
-7.809477580615011405e+00
2.704045598855333576e+00
1.646895651263590166e-01
7.216108364150124466e+00
2.222360116490079029e+00
1.389139956029097345e+00
4.513595190642235799e+00
-4.608842184112581286e+00
8.067832965067053275e-01
-1.989766621815785452e+00
5.233531457486531480e+00
8.318982621793985288e+00
8.938591375110664927e+00
4.520128954305578262e+00
5.169407596900772894e+00
-8.321392278231083406e-01
-2.601034697258908235e+00
-1.628566268442683262e-01
-5.295599974431938195e-01
3.016954826770222198e+00
-8.977851671632965935e-01
1.209988346549164184e+01
-6.967811899729456915e-01
5.464031093162914132e+00
-5.400415143293646025e+00
-9.203067133332758498e-01
3.048326764864073724e+00
3.675917785564934537e+00
2.693524173626665963e+00
-2.224363011474704166e+00
4.223437144400138621e+00
5.678617323978574660e+00
6.086432710444423577e+00
-7.431915044590275965e-01
-1.409382794868725242e+01
4.162811314569570875e+00
-7.711825109537565837e+00
-8.612312332678154769e-01
-6.164881638434714262e+00
5.544976734535644880e-02
2.726157391493634563e+00
-2.763846952929250200e+00
5.324257657185627046e+00
-8.464776657296321005e+00
8.123913437606328003e+00
8.381720283019111761e+00
-3.294436783457268536e+00
-5.626541625178282935e+00
6.405613407408500493e+00
9.193153997233810770e+00
3.911720217013436418e+00
1.975503595249221700e+00
-3.683135483933952070e+00
-2.687540815934104099e+00
-1.623804360011008896e+01
-6.083375084713867231e+00
-9.650413364719612197e-01
4.979712998477972552e-01
1.046737321375186047e+00
-4.328668085396117249e+00
2.250367228335936165e+00
2.873908914565067363e+00
-2.831491622081490078e-01
1.000548715820043277e+01
1.419488073762742886e+00
6.975817235067111710e+00
-2.691741446910570268e+00
1.189868104883289757e+00
8.504133000847831525e+00
-2.925618808766842882e+00
-1.324302473681360226e-01
-9.935292147733177259e+00
2.165417814573468824e+00
-4.854564439449670310e+00
3.229399815633492210e+00
2.816112234442904594e+00
2.076796608338984829e+00
1.634347716422367869e+00
9.573692994415836210e+00
1.616343819884014543e+00
-7.794350689905972907e+00
4.954974157956523406e+00
-1.365319197791007966e+00
-8.350254832013231265e+00
-2.715960864982454925e+00
6.029104733316875908e+00
2.599561211506892455e+00
4.837558450717196479e+00
9.900744396807612535e-01
4.505624014360729568e+00
1.423369249867020958e+00
1.651303579746911110e+00
-6.656022317009432365e-01
-4.558815613161815161e-02
1.706798198488087115e+00
-4.303868211039365121e+00
1.725234130729555115e+00
2.733029033874040392e-01
