-3.479472494271773186e+00
1.211883587577642141e+00
-7.715145244250948275e-01
3.718130266668178141e+00
1.378821825968983728e+00
-2.928133515061403624e+00
2.766705644700827360e+00
4.127436219117106120e+00
3.574008606424658119e+00
2.997209232869126883e+00
1.559099662274289866e+00
-2.270833407751828403e+00
1.560606561219768373e+00
-4.329298345254253277e+00
2.674863153930230109e+00
2.744455645947171174e+00
1.128666971356268256e+00
-1.846618452237742458e+00
4.133104213461129994e+00
-3.603336959519104710e+00
-1.694733843123255479e+00
-1.464785783865777180e+00
-1.282303492350048923e+00
1.565816555517509645e+00
-1.758250798198496501e+00
1.092426089594250804e+00
6.204193329290149661e-01
1.939088036240670165e+00
-2.384899891514268067e+00
9.204634454831885915e-01
8.829761113538248107e-02
9.176653572893822552e-01
-2.327498447321656005e+00
-2.440603460102724220e+00
-1.982381560025449518e+00
-5.783657857912033462e-01
4.026315857855767177e+00
4.997187638461013104e-01
-5.007877495095461873e-01
3.456586772692151754e-01
-9.243385854981422955e-01
4.049314797175274094e+00
3.952273078344379797e+00
-9.341870713923240421e-01
2.181104506032384149e-01
-2.278432793575894122e-01
-6.533246770969003414e-03
5.518835405871640454e+00
1.558747891738506919e+00
4.627469877357601291e+00
4.064333984966299607e-01
2.725019158188410007e+00
-4.214908733533073160e-01
-6.691343907984365069e-02
1.906748253559645834e-01
-6.462471752979741524e-01
-3.044857995233607451e+00
1.506739907252993671e+00
4.961201113716964706e+00
-5.619594902895482136e+00
-2.685917834968771345e+00
2.003693773110836851e+00
1.203137447446412267e+00
2.127935790322840748e-01
-3.429476777160599621e+00
2.215289090660996774e+00
1.152932866269654050e-01
-2.078400819185332260e+00
-3.048444866834159939e+00
2.948028718859284858e+00
4.151214725547521134e+00
-2.936414148592358497e+00
8.177587555495819949e-01
2.249507206257507441e+00
-8.525096306224130283e-01
3.101721625797964954e+00
2.651271918745529366e+00
3.248251254036632396e+00
3.854586442696613879e+00
-5.278174410682847650e-01
1.882105013409446137e+00
-2.899087272573679819e+00
1.150488408631274106e+00
1.095561752519730314e+00
-2.360723959092643653e+00
-3.133186925814384072e+00
2.719221477014047927e+00
-5.064313794171498628e+00
2.558474857028918414e-01
2.491188174377550801e+00
-1.097690816512900236e+00
1.859441753560794774e+00
2.187967018163667454e+00
-3.298104334136364280e+00
-2.707027962292932077e+00
2.602320812943977657e+00
4.878407412928834064e-01
-6.966404298225711278e-01
3.731472316127998123e+00
-5.047939562027002891e-01
-1.571045206933298299e+00
2.294234210716101785e-01
-1.355366617769726334e+00
-9.656039374763741856e-01
-3.942771424207114350e+00
6.012997922317558697e+00
-1.264636271908484044e+00
-8.504569769057166440e-01
9.796662830350171269e-01
9.959555775600387184e-02
5.866029512610694274e-01
-3.419507649934856008e+00
3.363150349357686864e+00
-2.128306402411249132e-01
-3.251271891488560772e+00
8.401469654815892918e-01
6.353660411440400502e-01
-9.953957427213057096e-01
-5.631655986148341064e+00
-5.984273443390708103e+00
-2.099369136367159161e+00
3.449781964153821434e+00
3.415490127007157373e+00
-3.863132135452523208e+00
-2.612921021546754652e-03
-4.449259293604984400e+00
5.051432276764205032e-01
-4.283732366470977659e+00
3.499196363288467726e+00
-9.680911634336569760e-01
3.858086802208080535e+00
3.416488978892567863e-01
5.391991031650633648e-02
-2.632221006888878501e-01
-1.881407996122540061e+00
-2.664097395107544841e+00
-4.852789276997391710e+00
1.424525207866975229e+00
1.305043754036993242e+00
4.101903205543897535e+00
-2.051819852903504771e-01
2.943840508030782122e+00
-4.428049110824606949e+00
1.077397256882925980e+00
-3.918332452053875148e+00
1.399871254111665353e+00
1.178055187641335877e-02
4.721045516036385115e-01
3.629031803776604281e+00
-3.792079784749911031e-01
3.487006425349719496e+00
-1.092863099217843414e+00
7.265219634696425954e-01
3.520423053237117461e+00
1.823770949383783258e+00
-6.492193341055396694e-01
2.743243172054486756e+00
2.165401154158549168e+00
-1.598057838000578101e+00
2.204948402040674882e+00
1.419324064601065416e+00
-3.892944121495629517e-01
1.427218153831077530e+00
-8.913185773229865827e-01
-1.440735856917076729e+00
2.707529673016377370e+00
3.858131072298955910e+00
5.040957396760188836e+00
5.750855801780138776e+00
-2.783657996942794810e+00
-1.244361964816650623e+00
-1.323114593198819078e+00
-4.178830288485314570e-01
3.615575148409073125e-01
-3.397383409551122835e+00
-4.428438844944115438e+00
1.123489807869606061e+00
-7.259717558978963092e-01
4.863509445819375721e+00
-1.244356056633780128e+00
-3.663490877653807765e+00
-1.579127057158669301e+00
3.421476288471140492e+00
2.914009243998645360e-01
2.245915190470209044e-01
-2.988940896738058184e-01
1.987681403909049571e+00
6.218213771774424581e-01
-1.880464653957637289e+00
7.908076885399095701e-01
1.932952714187210708e+00
1.515894395709369569e-01
-1.542610694253801373e+00
-5.728807757856151817e+00
-3.156195577298582577e+00
8.083875000096440999e-01
-1.337907757360154437e-01
-2.360810004498267389e+00
3.995999014659072035e+00
6.456360165961512187e-01
2.241370973743732620e+00
-1.781623933182801878e+00
2.962239727444036852e+00
-1.078784795335788527e+00
-2.928973806074673725e+00
7.288197882341802547e-01
-2.987796419717701379e+00
4.606699548689842771e+00
1.130821676726537772e+00
1.715778362193553175e+00
3.912442309111066052e-01
1.154615288625408409e+00
-1.752593874391997986e+00
3.433353781361923929e+00
-6.161126027883718770e-01
1.811759523960171592e+00
-5.953620769798956935e+00
-1.389643160033977365e+00
-6.208933284138976605e-01
2.533761465971844373e+00
-3.770735495381551505e+00
-7.389726431563858000e+00
1.017141178190683171e+00
-6.775704571336198523e-01
-3.981581904144108730e+00
-3.483409573327483688e+00
-3.939597286495000183e-01
-1.846052293628514640e+00
-4.241799161140137109e+00
2.758430756214432567e+00
3.313509128927085268e+00
-3.071643862563001814e+00
1.432037205050912920e+00
-1.760851307710350699e+00
-2.518144042274510053e+00
-1.023139477096420169e+00
7.681924034218329256e-01
4.445040739480994318e+00
-7.531082558180552944e-01
8.473242334189614589e-01
-6.373771629514845216e+00
-1.655762482543738479e+00
1.448633412909293261e+00
-2.894075625817801978e+00
5.908816625844673931e-01
-3.419788928139324558e+00
2.283349778211856584e+00
3.300783294484310293e+00
3.810864644322082828e+00
2.435863714055912510e+00
-5.182812315031513073e-01
-2.700711803154997259e+00
2.158688966570283974e+00
2.752040352067689710e+00
2.687369008313798879e+00
9.693785824367060489e-01
3.158181135242645432e+00
6.042850448306287259e-01
2.014525708733745812e+00
-1.876259839893123615e+00
-2.005688507635886353e+00
3.265150016837185643e+00
5.132840754635987768e-01
1.514942175373354516e+00
-2.016662786165579035e+00
