1.623801995015371702e+00
-4.936889477365701495e+00
2.290617220595282166e+00
1.797659148176651289e+00
5.477381574869971459e+00
-6.917671939960360561e+00
1.488299940732983606e-01
-3.136597814818506968e-01
4.817876885780627561e+00
-4.915509728341077578e-02
9.393863019358361655e-01
-8.149045021756498031e+00
5.411110174431881248e+00
-3.708374999922223747e+00
-2.344940247156011015e+00
-1.860079935855773359e+00
-2.119034728556992153e-01
8.567505498832620248e+00
-1.813829900202448830e-01
2.175155745947231267e+00
8.673931716235243616e-01
2.943126558533633030e+00
3.526833352820608614e+00
-4.994021681436173310e+00
-8.116569668552184424e+00
-9.648178286493985567e+00
-3.489594866698945141e-01
-3.970999618959438315e+00
-5.078266001184251976e+00
-3.172967557914362580e+00
1.467457026527086983e+00
-6.069949312934293850e+00
2.663465215750672188e-01
-6.564499960422625513e+00
1.626836714525827343e+00
-2.586723395188409658e+00
1.389210389216508412e+00
6.203826183409722361e+00
-7.906613058300528962e+00
-8.841982658964022690e+00
-2.287213799462080588e-01
3.431965110944485975e-01
-1.351531355511965016e+00
1.857692122028166359e+00
2.622658725288424364e+00
1.706645063786857708e-01
-2.997272504582129127e+00
4.876621498774320607e+00
-1.901033106638671422e+00
1.380871684043665226e+00
-1.031213965285285861e+00
3.374881597964673130e+00
6.998315100351860885e+00
2.212126659821396668e+00
6.122456461226230218e+00
-7.157325405054284495e-01
-2.151983087811764950e+00
-2.328866503448905334e+00
-1.154468483998320583e+00
1.980028924690180325e-02
-7.848117437545629738e-01
-7.619818439745179361e+00
4.342141994841721697e+00
-4.272530484926022054e-01
1.359878208343123340e+00
-1.602205700754693929e+00
-5.791030389265234835e-01
7.814764491824839787e+00
-2.213983753738988369e+00
2.487391026683588358e+00
4.146540105705007195e-02
3.221065647409708799e+00
-9.415272996408148298e-01
-5.174149075286285537e+00
1.532108182322315049e+00
7.303935437630709737e-01
-2.845653992377228381e+00
1.201112501975185154e+00
1.526474668742978213e+00
-2.100459515154307066e+00
1.502257002783472517e+00
2.948539329113816887e+00
3.295043482983602612e+00
-3.153393244295763509e+00
9.553076947425271914e-01
5.709015344622253352e+00
-2.329927691245418764e+00
-4.481553206447319582e+00
3.387223025821011202e+00
1.089850492616366573e+00
-2.999702296079104213e-01
4.234634072378088976e-01
-3.026112707546069647e+00
-3.071081304443422866e+00
-6.705263356393278862e+00
-1.664427252219317310e+00
-3.864219685834806128e+00
-1.791416701748142493e-01
2.409883812616094634e+00
4.795663475215798499e+00
-3.240749413017902647e+00
-2.497306803055364011e+00
-1.340410246748306555e+00
-3.671522003051745919e+00
-9.668383549929246978e-01
-1.044945145035180989e+00
1.351027430183027622e+00
5.527743830636548061e+00
3.377323509161530346e+00
1.341655984904015275e+00
-1.224818180081072905e+00
-2.244379260266950116e+00
-4.502960181308901966e+00
2.357740891217665613e-01
1.009241414454272956e+00
-3.778628277396351098e+00
-1.351976050856255274e+00
3.465768217085551939e-01
-1.196605717686530124e+00
-5.639057062681410493e+00
-2.416117025771336468e+00
1.803040754005270419e+00
3.441713785591375974e+00
7.319561025643923635e-01
-3.594029537391794094e+00
3.378782518459820139e+00
-3.691829783683464150e+00
7.138879145999960096e-01
-5.121541652171834880e-01
-5.813285986971111541e+00
-4.689100353829704027e+00
1.796439474959623528e+00
5.460489177708265807e+00
3.931499287433335432e+00
-7.567752758480025932e+00
1.515772172997995326e-01
-1.304675629891338007e+00
-1.658084227562183655e+00
-1.601828261065546766e+00
1.206571395769072019e+00
5.884454894816657511e-01
-2.194999377483973557e+00
1.244483411913623661e+00
5.638520372346682574e-01
4.779537023544910390e+00
3.950217155648967360e+00
3.952485207612218776e+00
-5.121082040788762058e+00
1.616813876725837207e-01
4.735969498603288308e+00
-9.255186814206181056e-01
1.398264248824335532e+00
2.517829167950438318e+00
-1.118174158929329254e+00
-1.188207304115312724e+00
-5.415525189538035633e+00
3.316100699078261105e+00
2.863853561156538774e+00
9.420224085050671325e-01
-1.974799992593211151e+00
8.631737741768317207e+00
5.924349846680886600e+00
-5.335974561630174584e-01
1.680185147143696378e+00
1.232587654275024480e+00
-3.707411665153382829e-01
-1.034192068534874664e+00
-1.482741142088939812e+00
3.651514433755840283e-01
-3.689768050322852488e+00
3.099934873153485704e+00
3.951335172360191716e+00
7.074465486035521611e-01
-1.120640634052593843e+00
-5.410272785981510291e-01
-1.945825446085480470e+00
-8.073220792941625534e-01
5.491476737091805838e+00
5.132732794012087929e+00
9.265683670451528187e+00
3.655623813679224732e+00
3.497562956095591424e+00
1.269598991058624726e+00
6.057181172558694371e-01
2.779704764592124011e+00
1.207395254576005161e+00
3.666461520875503588e+00
1.161262522159323130e+00
5.588421226360254401e+00
2.342453233549399272e+00
7.127415390552503283e+00
-2.529600720825076809e+00
1.693365040992650394e-01
2.817256837405191394e+00
3.851624026390864652e-01
-2.565232894364378957e+00
-9.370176990424328167e-01
3.892073159169439300e+00
2.957786481679590906e+00
-7.243183378008359874e-01
-7.994765893640287668e-01
-9.628198962968884445e+00
5.187311504051792532e+00
-3.811764136864700170e+00
-4.632619454745087850e+00
1.844426977570607917e+00
6.755142015248551957e-01
5.637863492867050130e-01
-1.677575210480859225e+00
2.790809278960042938e+00
-6.013810696413404600e+00
3.820709536237565374e+00
3.072591758259299421e+00
3.978556132914221610e-01
-4.165980317043088910e+00
7.861390680049809454e+00
2.426210657232670709e+00
4.278189455070697811e+00
-1.165566350519595007e+00
-2.096955469577918230e+00
-1.315635298046158752e+00
-7.101002590308657325e+00
-3.516777594247741057e+00
-3.901563410207044225e+00
-3.835662154018672609e+00
-7.880737874544352373e-01
2.348980886916613997e+00
6.244560080827100679e-01
-3.163346971184367584e-01
-1.804996513765376953e+00
3.918069369818073522e+00
-1.010363729195742799e+00
2.103189129292562409e+00
-2.354609357734791963e+00
3.513274737121061086e+00
8.896321055636501995e+00
-7.274743230677682693e-01
1.679149075972828364e-01
-2.396627532324971277e+00
1.990965294264464891e+00
-2.583914944519745571e+00
-2.280698731585604655e+00
1.196440085723670332e+00
1.413471452801186468e+00
5.610379673382495547e+00
5.683127672510188688e+00
2.935303535645272799e-01
-1.196434252132357434e+00
3.034417479796152062e+00
3.359039859790577953e+00
-5.738303324541758954e+00
-4.955705496569566826e+00
3.677548834454366311e+00
-1.119266184950623577e-01
2.571762802151485783e+00
-7.012166076862559327e-01
1.581076557895120471e+00
3.609083533150517553e+00
3.042997397577231755e+00
-1.015454535891472165e+00
1.284716480140581707e+00
-3.114621698217152068e-01
1.006985323749243655e+00
1.105062470027664334e+00
-1.940271393052404036e+00
