9.790057974052304157e-01
7.019340076448604471e+00
-9.840267856240108912e+00
6.335169636120817849e+00
-7.007540090632209839e+00
1.393077358300452984e-01
1.255047710011318873e-01
1.204851784045321228e+00
-2.077147702595702139e+00
-5.160586687657422456e-01
5.387520751146800180e+00
-5.999564697478960262e+00
6.870817500347226048e-01
-4.775438381432795865e+00
-1.405585384782175318e+00
5.288309038600463863e-01
4.653674973679255977e+00
-1.587422570297845503e+00
2.220693750677361411e+00
-3.209692948447319782e+00
5.968258314639315110e+00
4.453254365930733982e+00
3.634178511822089508e+00
-3.744832017431050986e+00
-1.445588683889799109e-01
5.561845036219514427e+00
-3.845847142767309546e+00
-4.177044369306739946e-01
1.994516127300175912e+00
2.195255743117490166e+00
-3.198195698200782644e+00
-8.728731951888177854e-01
3.873977441999727489e+00
-9.786495613848675834e-01
4.465152524033085268e-01
4.699101325443129973e+00
-5.271294455367130816e+00
-4.582516203656982867e+00
6.673797374907231017e-02
-1.702047796818803471e+00
5.035103386641109902e-01
1.166428629202604039e+00
4.464610481512860218e+00
-7.098493174688046636e+00
2.773097174248499108e+00
9.445555684963524712e+00
1.260394254332047881e-01
-2.297881300241483959e+00
-2.263330790823463001e+00
-3.448208819972179207e+00
-4.637397727958180838e+00
-1.208772000414270575e+00
3.289059808764472903e-01
1.053049637441234587e+00
6.067635345725496343e+00
-1.153266169262403551e+00
2.064247896711319363e+00
-3.110509193709416920e+00
-4.161310082366321161e+00
4.395123214171153592e+00
2.980763969119314183e+00
-2.096626400215304553e+00
-2.671593736518481865e+00
-5.146633029317852603e+00
-2.118889765429248673e+00
-2.095337537035953268e+00
2.449512063251933380e+00
-1.050310388720882671e+00
3.357183141786413749e+00
1.023219001812156748e-01
6.571927022014377506e+00
3.759931288345074396e+00
6.641881975744423627e-01
5.895463069566307945e-01
5.021381805922382924e+00
-3.865597673305321003e-02
3.864635399647408764e+00
3.174454665224307082e+00
2.373884185651339074e+00
-6.433680803449647101e+00
3.016351415623565457e-01
1.243343093866273730e+00
-1.055106309284045807e+00
-6.613423357828713378e+00
-4.896561802577771516e+00
4.961405147126908943e+00
-3.236277816107861582e+00
8.386884046464462727e+00
1.585116349431070493e+00
3.867583153042225552e-03
-3.959974856494266060e-01
8.746523066198566010e-01
-2.645458535954534174e+00
-1.738873851558209171e+00
-9.868660404237580286e-01
-2.437783470826497378e+00
-2.285067014981249756e+00
-3.365980157240916704e+00
-4.797486205922667502e+00
1.699872984312898350e+00
-4.981804491943775837e+00
-4.542348450063599663e-01
1.026034062824252135e+00
2.563569435892099069e-01
1.259974383944810095e+00
-1.344613867326139633e+00
-7.782996228781424719e+00
6.794084965089831618e-01
-7.265936688158053158e+00
6.771732178411035363e+00
-5.978517163922192346e+00
-7.168680944566996338e-02
4.083550890116537602e+00
-7.234611408905755603e-01
-2.568587925255568116e+00
-5.254037681721754893e+00
5.256900262786608380e+00
5.425385916908202155e+00
2.610021662809435927e+00
1.644430335639001928e-01
-3.817194669227098380e+00
-8.614661459311964142e-01
-1.404692932491375723e+00
2.422269143753581044e+00
-1.924161144000162027e+00
2.283007136165208451e+00
3.540039277057156042e+00
5.459689202626889504e+00
5.478568825326569858e+00
3.052046717307495882e+00
-3.255387318054023371e+00
1.933787350155632190e+00
-8.497989770336185078e-01
6.333846299606125996e+00
-7.275987604872539372e+00
-1.954259542767237789e+00
2.217592449756743189e+00
2.927788892895250683e+00
-9.344388706591082450e-01
-8.156027679814766840e-01
-1.305215532021781200e-01
-2.121906969724011383e+00
2.613661584216300238e+00
2.693881862577828024e+00
1.907318189856011870e+00
6.033570975488016686e+00
1.868569909537563412e+00
1.556930221552112581e+00
1.267931690750937479e+00
5.583026601141839684e+00
-1.402527779215911319e-01
4.249303661078988048e-01
2.145626015899847694e+00
4.731468772299450620e+00
4.496381854333280081e-01
5.112409118170088362e+00
1.863281250350521834e+00
-1.940437567824829568e+00
1.365662544811737211e+00
-4.216984368008048101e+00
-9.669515966136610352e-01
5.923945181192928899e+00
7.695022215037755631e-02
2.313410331548962084e-01
-3.084509677001981309e+00
-3.182825668565330446e+00
-6.369797391089615068e+00
-9.640689735204706068e-01
-2.694673319677015844e+00
-1.794133733928059193e+00
2.416508600798159989e+00
1.794762096611734803e+00
-3.750529509684828788e+00
-1.743185659044502067e+00
3.408146121722610555e+00
9.568672668992441288e+00
2.484076948264636986e+00
3.260191844060242428e+00
-2.419284312994716968e-02
4.826143294599669176e+00
5.740857127835077733e+00
1.926305287387115595e+00
-2.451931426407385040e+00
-3.963745734790577124e+00
-2.241131343449671132e+00
-4.990972210260871678e-01
9.292795457510100832e+00
1.124091715981045070e+00
2.004731590262795571e+00
-3.176487330682576715e+00
4.968341614970030129e+00
-1.517719943329762511e-01
2.037341777014832989e+00
4.794564335160246271e-01
-4.857793285838387654e+00
-4.664761875954916981e+00
1.190522988573684326e+00
4.988328590281007280e+00
-3.112645217577076906e-01
-3.949099916387527998e+00
5.657396200986264390e-01
1.774467904011763242e+00
4.484499221718404982e+00
1.345391615161998011e+00
2.874789836301288926e+00
-2.616870903096533141e+00
1.366059666628180791e+00
3.196801879986896910e+00
-5.292726912411750417e-01
-2.847239064144648779e+00
-1.898347625679986272e+00
-2.242699843550801209e+00
-1.233581289941702686e+00
4.951592242787122622e+00
3.858748461930863183e-01
7.650463997956480355e-01
-1.956170750394542468e+00
7.025759619655701504e-01
6.957776424216279842e+00
5.783527671027582251e+00
8.820304112474031122e-01
3.784406139768204391e-01
7.214806894195714193e+00
-5.473043700293225289e-01
-6.578323079162259113e+00
-4.390466246174605125e+00
3.052634622107151863e+00
4.211537155021426448e-01
1.275398013786669615e+00
5.503219827342158421e-01
2.883935584422985698e+00
-4.299666429091620223e+00
-2.779598185885888917e+00
-3.258134805515675581e+00
7.114649925562694932e+00
2.364902011763031719e+00
3.666776479132746402e+00
-1.259799331111063569e+00
3.451111098579926484e+00
3.647992764355235451e+00
-2.776666291776482609e+00
4.035705950673333930e+00
1.624468503022448829e+00
9.696817992681882714e+00
-1.414409567179504279e+00
-2.510759936514535440e+00
3.120180480874109819e+00
-3.755361047234967220e+00
2.982038930729574489e+00
-2.123414857488358010e+00
-2.402816807762236273e+00
-7.978225705435432857e+00
1.303698658611270877e+00
5.596096706474269489e+00
5.486728837890185950e+00
-5.717509554455840082e+00
7.853572121279742468e+00
1.784535248045611366e+00
2.874585231041794309e+00
-4.485848652716194707e+00
-7.885433807213556578e-01
-3.299858907004919129e+00
6.981855646520479297e+00
-5.728918793149182065e+00
-2.550750279704051326e+00
