1.591537173304097497e+00
-6.412623421110688504e+00
4.323733332956997799e+00
-6.958557971946299769e-01
1.293383641559800123e+00
-5.139019022000433701e+00
2.028498053640539034e+00
3.299580836225254110e+00
6.505589457364715500e+00
-3.103127015995815530e+00
-1.667105723438039533e+00
-1.121752230733891409e+01
4.967100982100392415e+00
-3.353336258554466376e+00
5.518173829236250327e-01
-2.401417435425829972e-01
4.685624749903883890e-01
8.837217361515168790e+00
-1.213499363808033138e+00
1.182829618815368855e+00
1.437372290913756290e+00
5.539953592916204705e+00
1.358563721668106572e+00
-5.526594218406435388e+00
-7.395148003731095265e+00
-1.184094208777411517e+01
-9.827307156209419414e-01
-6.449917858655150660e+00
-1.638320433071335791e-01
1.081785846515579630e+00
2.838618365702934021e+00
-5.876006192881891188e+00
-6.683994107564263931e-01
-3.470793722707981477e+00
-2.815802515435888331e+00
2.258784275470710590e+00
4.979781561941060808e+00
8.511152834413671542e+00
-3.654634950204325161e+00
-1.168073378454090694e+01
-1.871628687201537744e+00
-3.658597215701385741e-01
-2.330071764527331890e+00
1.610769407976604950e-01
4.319007571053652406e-01
2.017756791775613401e+00
-4.988616979425020581e+00
3.902439510789841748e+00
-5.644315417581449168e+00
1.102498966922225598e+00
-1.404021850181601527e-01
5.946881582062021332e-01
1.042611727701715374e+01
3.233657762286651582e+00
9.177262393688110365e+00
-1.261545297573092306e+00
2.141887472223883204e+00
-9.538628519255015092e+00
1.744753079676143681e+00
-8.154677631117036585e-01
-1.006233894233672155e+00
-7.376240033778197258e+00
4.668099762643386441e+00
-5.087985044536408985e+00
-1.710712887965787632e-01
-1.758851624102372391e+00
6.182407515093404360e-01
9.291338285444252776e+00
-3.605925681322874166e+00
5.258282841561715770e+00
1.093704640824134211e+00
5.084913740844212882e+00
-5.235043198005985055e+00
-7.035506264034911972e-01
6.094378414132942012e+00
9.586706524276260577e-01
-4.832497910619688142e+00
5.188615509540100312e+00
1.390941360133149729e+00
1.539599469714575397e-01
1.934865163701259494e+00
9.699022224745920795e+00
4.693280189519616563e+00
-4.667922642956801038e-01
2.499419837762304031e+00
5.392665779555636973e+00
-2.635427157600559234e+00
-8.374576845410690140e+00
4.996282545408647913e+00
1.916243157017289978e+00
-2.738349961731337601e+00
1.565575936380025679e+00
-3.505382565850334142e+00
-3.017606104468488759e+00
-9.022948339038080690e+00
-4.830526646658036549e-01
-1.894911153370395063e+00
2.598663733512081020e-01
3.000036105907924799e+00
7.027783485853269951e+00
-7.052258313416509772e+00
-5.829743678786627470e+00
-5.618719930275184460e-01
-3.861185510176519120e+00
-3.951814589254825094e-01
3.353233606459986582e-01
4.101600479601508198e-01
5.356506193815031125e+00
3.008800205420262053e+00
-9.582161263971848975e-01
4.497080307322795512e-02
-2.646978361132240831e+00
-5.091319311348589949e-01
-5.411905365318462557e+00
2.840371565738883497e+00
-2.804769494810731345e+00
-3.861482500273238916e+00
3.015832122589015007e+00
5.288422340478573513e-01
-9.856358956163905560e+00
-1.056083442289000418e+00
4.987710509322409891e+00
1.128522647967849402e+00
2.713388701208796494e-01
-6.802930526309725501e+00
2.999440682677526393e+00
-4.605573770116583532e+00
4.563946716990353814e+00
-2.515555619907338336e+00
-6.568830581246441369e+00
7.665493892084802585e-01
3.710322809036580294e-01
1.239435362017454167e+01
3.960212334077707563e+00
-8.135513873367655080e+00
1.035254610700373057e+00
9.588188999167253090e-01
-5.519748867949590299e+00
-5.768716315103504577e+00
-9.307026155967714764e-01
1.939463062055416742e+00
1.226205527920893656e+00
-3.240600346179054458e-01
6.033251664604335485e-01
4.945927648609285576e+00
4.770211646188820431e+00
4.277592728584353132e+00
-3.069204739458958997e+00
5.866924809608994318e-01
1.689291094823306638e+00
5.000924620255251085e+00
-3.554865817864079958e+00
9.982476489991516377e-01
-1.988104748214041817e-01
-2.319804389951780177e+00
-1.032468438892014362e+01
-3.395666611351932040e+00
7.250026953608200486e+00
5.407397679478248342e+00
-2.434424037875598579e+00
1.131465236962897158e+01
8.548880709751532692e+00
-1.742433438542507984e+00
2.872639100643108900e+00
4.031506102369760036e+00
-2.959817455623896976e+00
-5.880084320438144774e-01
-7.366270459430420914e+00
2.468730145702023648e+00
-4.021560357209343906e-01
5.059198660407922432e+00
2.555778387418761177e+00
-3.919992675763133150e-01
1.312979864398127416e+00
-2.035750100876713375e+00
2.817986705407953263e+00
-1.526045364509849289e+00
6.500322755571604993e+00
4.966921119298397080e+00
1.011605311208750635e+01
3.936815136160807249e+00
4.207727570236114545e+00
-3.947925663420626119e-01
-1.142186821529790342e+00
1.214081200296805552e+00
2.077264985997385072e+00
9.249967594702925844e-01
-5.442858329893840441e-02
1.157437884199185518e+01
-9.887326986066296008e-01
7.040819284562833680e+00
-4.246995666422362703e+00
-5.729875230885639326e-02
3.392567288652697854e+00
4.053666223472228936e+00
8.689928764649135218e-02
-3.244886283493935597e+00
4.929510990692122618e+00
5.491131588625673743e+00
3.977689532505044756e+00
4.152124440741019606e-01
-1.411486443756734310e+01
4.663569747708304902e+00
-6.418836110794458705e+00
-1.778710924981423913e+00
-4.961566936455043653e+00
3.624888910047505242e+00
2.040013884992188054e+00
-2.915708777606523139e+00
4.999399111579590382e+00
-6.808587202115332637e+00
7.591484587091276381e+00
6.192728600549703977e+00
-1.945558309793443907e+00
-5.771697662754392333e+00
7.624681258367099090e+00
6.246941930808623589e+00
2.572164852247214917e+00
2.160111016670897000e-01
-4.213241117901340260e+00
-3.783627386362616640e+00
-1.369058655647465450e+01
-3.275308195802492772e+00
-1.655798042508598855e-01
-1.138140552645829917e+00
-1.034046186717259896e+00
-6.558653045578348717e+00
-2.227167862991475955e-01
5.926580071106136716e-01
-1.347550498621517656e+00
8.046330355017516922e+00
2.114494040942919373e+00
5.635716744766360975e+00
-2.079990214037062746e+00
5.349394617214311420e-01
9.197403013257789084e+00
-1.833863425870280395e+00
-3.619448765437860427e-01
-8.732778746333178077e+00
9.347936765225726141e-01
-5.949237290083496887e+00
9.647678911103129140e-01
3.264227674519025957e+00
2.590347900576768225e-01
1.291814764575974550e+00
8.776220483989007448e+00
3.322539426189971223e+00
-7.216951374333378411e+00
6.826657508941474717e+00
-1.679661154828321901e-01
-6.840106101801808336e+00
-3.462412201464403871e+00
4.018542733768550868e+00
3.183703829587503975e+00
4.201059306952936723e+00
2.514149194427311329e+00
3.688308131626867326e+00
1.412161028594364431e+00
-1.262514797007761480e+00
-7.895735081185725202e-01
2.758296486766104172e-01
2.602945102779747000e+00
-2.655887546131897814e+00
3.229150773350730752e+00
4.577097791342334965e-01
