2.083958259408763336e+00
3.960049656448505040e+00
-8.276653676802260051e+00
3.487505471227637432e+00
-4.883720147356966912e+00
-1.630417934548683778e+00
1.605014766708523721e+00
-2.243287326314265251e-01
-1.506791334846524721e+00
3.726893770704642339e-01
2.366923288039377571e+00
-4.206780728550167048e+00
-1.978312237079751013e+00
-4.617154068642236098e+00
-1.721275309368296202e+00
4.195872892040248825e-01
3.202032354795626645e+00
5.986401773118106284e-01
2.076452602208526343e+00
-4.741452048716440437e+00
3.714007090698588698e+00
2.386909497967200089e+00
3.240845074649357116e+00
-4.751774364174085719e+00
-2.503521749683355502e+00
2.623908358384235751e+00
-1.353981464817228364e+00
-2.123381343874792382e+00
1.502939205712928494e+00
3.048037030898284705e+00
-2.936524464977531945e+00
1.567827894513391884e+00
4.330445611557518504e+00
-1.272490455238044049e+00
1.778272176964977858e+00
3.357718150880462549e+00
-3.452421098712973091e+00
-6.098509633775609728e+00
1.485767411945899230e+00
-1.386583760372534835e+00
4.261391742550808548e-01
-7.101996283418062772e-01
2.427224072635673746e+00
-5.204426596847923747e+00
2.990428550438493538e+00
7.266428430023282203e+00
2.730957996655576925e-01
-1.422240769676908601e+00
-2.351530295053586794e+00
-2.117394517405607246e+00
-1.579045464776361429e+00
-2.066305807953748630e+00
-2.627787608225436444e-01
2.318685362249556903e+00
4.282064356952357542e+00
-4.947760692044641750e+00
-1.148403436590840432e+00
-3.005145757391191275e+00
-3.687299942049743429e+00
3.330085544789952667e+00
9.645791893230637459e-01
-2.214211694937829211e+00
-3.267359996672054123e+00
-5.484708172724661601e+00
-6.789414487655551778e-01
-2.146022118276800672e+00
1.902386360778244079e+00
3.693532618372916687e-01
-2.090709872573240369e-01
-8.789813671501961467e-02
4.966045013469132741e+00
3.598086019062324947e+00
2.936177210488232880e+00
5.606245805550634786e-01
1.346329687336091263e+00
3.535051965334161106e-01
4.971412426580677391e+00
3.424633295201970462e+00
1.272879745035506716e+00
-5.302516515919652562e+00
-3.484609020197516616e-01
1.154247486431294156e+00
-1.176614910651238688e+00
-3.906501131232238855e+00
-3.591137068805115629e+00
3.088427010666502159e+00
-2.627000659687935613e+00
8.212213145023756766e+00
1.220546112716729636e+00
-8.784786246285237743e-01
-1.969165974650873396e+00
1.214763028844435544e+00
-2.731273535842868139e+00
-1.088434281600575204e+00
2.046879548283217498e-01
-2.701778546307915807e+00
-3.431854868634909295e+00
-1.875062211810772261e+00
-2.822584491743134194e+00
4.830112625658668501e-01
-3.659938542320427146e+00
1.796785616528665752e+00
7.222000408754321032e-01
1.769552971163093513e+00
2.061059480773617114e+00
-3.566292730958251944e+00
-6.699279794939260846e+00
-6.413691778903955754e-02
-6.193788928194717158e+00
4.372040457137947200e+00
-5.495632863847271565e+00
-1.719438590670584022e+00
3.767708405265694172e+00
3.473364640194631647e-01
-2.370404343055361629e+00
-2.920356225238007308e+00
1.396229721821333758e+00
5.009796815413675830e+00
1.588674727764870731e+00
-1.012099296819381156e+00
-6.643370760657825613e+00
-2.757308505180295466e+00
-1.918392852142506655e+00
3.172966815608602609e+00
-3.211290612472769368e+00
5.077431426892756505e+00
2.257093686233045737e+00
5.708326287372378793e+00
5.508822678881294621e+00
3.602236487310358504e-01
-1.439058225617104503e+00
6.918852220812254927e-01
-7.663776762975991197e-01
4.821769443553070467e+00
-7.565252994951551457e+00
-9.637718403191535277e-01
3.647126608179288798e+00
3.117143937569694323e+00
3.520672772923083005e-01
-1.481468059165693241e+00
-1.140689645556430376e+00
-1.660155017297105129e+00
3.827989679484363084e+00
2.521006781461867519e+00
1.222897310406718452e+00
1.801975321925319395e+00
3.800427293208706869e-01
5.555559124402924542e-01
2.031263635217526176e+00
4.061120634551574682e+00
8.057333284809867768e-01
1.609997623345301720e+00
-3.610384558606394290e-02
3.065316331101866076e+00
-1.785993758508290785e-01
1.783240182013451136e+00
2.986437142028940173e+00
-3.655538764076912805e+00
5.625471655083125189e-01
-2.704397080989465074e+00
1.018882025213055709e+00
4.798064831720842527e+00
1.579915352685140606e-01
2.868728627428857259e+00
-3.653860612397127561e+00
-3.429767526643388464e+00
-5.128157744329651990e+00
4.889266274083149399e-01
-2.543969859755697449e+00
3.068995124113692019e-01
2.227811116178307849e+00
4.219277095979501624e+00
-2.638380447917616944e+00
-2.331130685160544225e+00
1.036220899879200186e+00
8.172415088116007809e+00
3.140914626627147932e+00
2.519883916120062128e+00
9.614808623346878802e-01
6.299822320545051646e+00
3.853410387062427667e+00
1.012853473486658329e+00
-1.882064481436574122e+00
-2.677778921284062363e+00
5.182208229187511561e-01
-2.486257417327757846e+00
7.017079807089968035e+00
-8.399300905758724234e-01
1.389606709220446268e+00
-2.729668938546177870e+00
5.566958101557335503e+00
-1.087823652035451172e+00
1.683667549711135747e+00
1.594368113454974090e+00
-2.785643708231745119e+00
-3.581546420357148541e+00
5.772987482256313196e-01
4.655554413422114735e+00
1.131532924425681097e+00
-3.479263647854462516e+00
-4.883829758030858725e-01
3.502180543181904859e+00
5.337203883443610408e+00
2.735444724202789502e+00
1.788706597322154312e+00
-3.902790909828676158e-01
5.587636042886786614e-01
3.633746302660632033e+00
-2.005576477944205127e+00
-2.960591350292208102e+00
-7.286181067288522994e-01
-3.740671002465752348e+00
-2.774358130880681284e+00
3.746610692383610441e+00
3.822301033642077073e+00
3.191100364759763552e-01
-1.331083902947054698e+00
2.526537955768415777e+00
5.768174345399392777e+00
5.214634270901328250e+00
-2.864127282759925119e-01
-6.131542231793117859e-01
6.237928954280739013e+00
1.447548022429993031e+00
-7.935896768293920545e+00
-1.341804758207728154e+00
2.825641445471005486e+00
-1.739497428412970503e+00
5.015404146924085094e-01
-7.850297894775344343e-01
9.977685143597027073e-01
-5.185137708390868738e+00
-1.989404124102197358e+00
-2.460766778919409870e+00
4.226023946281084243e+00
9.517949335760127472e-01
3.374488329146601906e+00
-1.234391510403717973e+00
6.123096040521843975e+00
3.914651237803060457e+00
-2.061450063366047747e+00
5.300877015034342499e+00
1.998007196239666383e+00
9.169319882344186823e+00
-1.215130863536586503e+00
-8.938664677966584593e-01
9.094743277237371526e-01
-2.155558056911218434e-01
2.994738772269416316e+00
-2.287439077409322508e+00
-2.968392026793835736e+00
-6.366550844675772147e+00
3.015405920236918225e-01
4.400034206023286210e+00
4.773072909418837106e+00
-2.980529214079226996e+00
5.972935232752339729e+00
1.033180857521087681e+00
1.101234205341726335e+00
-3.883137013582605324e+00
2.495464128528762426e+00
-2.769331519517744145e+00
5.278641970240930625e+00
-5.016252587769537641e+00
-4.261075871499010681e+00
