1.657986971870247128e+00
-1.070954068253221259e+00
-5.435829566571967142e+00
-1.653507200498080199e+00
3.569588536068913243e+00
1.517617960765327734e+00
-5.837647163404098727e+00
8.299880915264582493e-01
-9.009611022541204051e-01
3.449818598621980037e+00
-9.570167748707833155e+00
4.489248876103562935e+00
1.049334681758683274e+00
-5.968852992699353877e-01
-1.789548450903921673e+00
1.161058991880228852e+01
1.643747189752451376e+00
-4.585453002924247734e+00
-5.114879659502332032e+00
-3.561571110580532107e+00
-4.938768628294114116e+00
-6.472350163421673130e+00
4.720085431825132183e+00
-8.475059970056593173e+00
-3.905730489564765318e+00
-7.549358580616365444e+00
-6.843821095616053896e+00
-4.710802654176527327e+00
-8.772074472997422490e+00
1.028555672136562960e+00
-5.250522714350399411e+00
1.017357591778601211e+01
1.420209858179201845e+01
-7.738143299069258907e-01
-4.670656684200318765e+00
-4.034868598078742430e+00
2.887763931786460625e-02
-5.297628377595275495e+00
-2.799475131502510372e+00
-2.754908853765663412e+00
-1.670887156879494295e+00
-6.369188631120962896e+00
-2.536287912529257671e+00
2.760022433327712577e+00
-4.498476836870620943e+00
7.183553434224815293e-02
3.619336613717641260e+00
-1.499580082447794727e+00
-6.606076336478783340e-01
-1.036198043032819527e+01
1.729767012836048057e+00
1.124320630769002793e+00
1.436815115462348746e+00
-5.051892610251448312e-01
-2.096687058706403040e+00
3.822496351465458631e+00
8.356331403426125348e+00
2.781650103082796033e+00
1.333903522785707008e+00
6.931741370172236905e-02
2.549135388200411523e+00
-9.863994880814427324e-01
-4.316400699092996618e+00
3.498403609159444816e+00
-3.002141824589422026e+00
-3.538266669417255983e+00
-6.407856027089984252e+00
-2.762336965477737216e+00
-1.209722453017167432e+01
-4.892092251677015446e-01
7.541745668086123899e+00
-5.500524364972890545e+00
-2.431756867690705093e+00
-2.628816080609160277e+00
2.963852493914019171e+00
-6.486885724268183218e+00
7.581559365297614761e+00
-6.773713262222434750e+00
-8.866204680447552500e-01
5.241608270067574793e+00
-4.703600844132306946e+00
-1.944739136166341975e+00
2.579084266817016413e+00
-5.083489048762775298e+00
-5.842346837522330638e+00
3.136387399423014033e-01
-2.665831160201651340e+00
1.502151545576088321e+00
3.581636444882162262e+00
3.429745530675718079e+00
-5.088896767906246899e-01
1.055469108974752990e+00
6.471330873395069183e+00
8.103667829791582733e+00
4.831984780871559693e+00
-7.787679769092211046e+00
-1.164659858322701469e+00
-3.223700506977846381e+00
1.785448819665445885e+00
9.797503388881249720e+00
3.993548991261268277e+00
-6.311304522749797030e+00
-9.614885516375789365e+00
-6.377251793998029328e+00
-7.636463839063292625e+00
5.997963137999601457e+00
8.380849100569670584e-01
-3.182394636818763889e-02
-4.703140984506298139e+00
-7.278949420298093997e+00
6.592686563681276368e+00
2.371478244588863582e+00
-1.042847457932410826e+01
-6.154479109692589489e+00
6.408941487541085280e+00
-6.132081297083860072e+00
7.355696532624383721e+00
-4.425095426734437787e+00
2.780932751520400092e+00
-8.891174135346087581e+00
4.441837906056966823e+00
3.669252927564493616e-01
-3.964372866621944880e+00
1.529439770993269221e+00
-1.027033526265349117e+01
3.546403480837762245e+00
9.259286312226159055e+00
-7.172695742295658317e-01
2.715520832899543269e+00
-9.636076753130316419e+00
5.026873911597962596e+00
-7.166287335137530023e-01
2.483299541008995082e+00
5.554495561234404910e+00
1.293666301756744463e+00
2.209108922515459206e+00
1.062216821226889957e-01
-5.718510854016201073e-03
1.312959600415491224e+01
-1.070306606661598181e+01
-3.904704043071556274e-01
-4.695202875460412484e-01
1.174923348877145446e-01
-3.427720436270814020e+00
-6.440920417463932068e+00
5.156735603937693924e+00
-5.586397008099814876e+00
-1.946115972184573106e+00
-2.693445555075626441e+00
7.271634341326083550e+00
-5.158121497135255140e+00
3.355789243524058829e+00
3.813407381079420011e-01
6.881680773704798249e+00
5.684868105789417037e+00
-5.974546408319602264e+00
1.038813772607504582e+01
-7.208889323480916822e+00
1.023721856073846759e+01
-6.238141611487526994e+00
1.207262550365876663e+01
-3.831532813722479336e+00
5.635238998931422216e+00
-1.124711297219362471e+01
-8.691115251368420891e-01
2.679934234172834717e+00
1.133557591945194343e+00
6.831006559461895833e+00
-2.415680561495441747e+00
2.665681815301119695e+00
-1.288512289845505476e+00
2.996981469327835157e+00
-7.305774048041626667e-01
5.258081197241926574e+00
5.459469584370144624e+00
-4.712056298292905510e+00
7.653011701196007266e+00
-3.336680255170186293e-01
-4.321266603238649751e+00
2.393963666091765585e+00
-6.333574119373559519e+00
-2.138042970271012422e+00
-6.694548054208229182e+00
3.724516194682989112e-04
4.860902451390569645e+00
2.025727041316991883e+00
2.664346858831737386e+00
-5.648298924106180507e+00
6.802809445810478195e+00
-2.364828329797856288e+00
8.665934463848240510e-01
-1.017389420510581122e+00
3.246306473726558561e+00
-1.189290631909009832e+01
3.835295437755500636e+00
9.978053857564459506e+00
-9.887041804019929714e+00
2.319217280167578388e-01
1.077060947207784558e+01
1.213692036618135539e+01
5.555851415986601260e+00
1.710052785020015564e+00
2.290672810376631396e+00
-7.238446875829176008e+00
-4.723944028385291816e+00
1.866853740056473865e-01
-5.107712413765426618e+00
5.333441401991729336e+00
-5.042241201114691762e+00
-9.844352141863938144e+00
-2.741503533259152192e+00
-2.971038799715238099e+00
1.192121792831605553e+01
1.880676683195738441e+00
-3.748368410224500735e-01
-5.487170280134463951e+00
4.480854395306842264e+00
-2.492017525966465641e+00
5.944968118451177119e+00
3.478156329685592407e+00
2.526144937174214178e+00
1.766379898323581088e+01
-4.211789157747584111e-01
-5.693624453669746899e+00
-4.510788861225305979e+00
1.096802004253486551e+01
3.400397474624414773e+00
-3.573468801222150049e+00
8.817666851316570131e+00
6.254480896991687633e-01
5.265816636229081027e+00
-3.068979995731012433e+00
2.702097154541660551e-02
3.632490804657213523e+00
9.351131308003674647e+00
2.922366340193381262e+00
-1.364385207089449548e+00
4.907528927733177504e+00
-6.026490721930643168e+00
4.406251139137784989e+00
-6.486985112127776620e-01
9.524643351720945006e+00
4.406535191633149218e+00
3.048390108961475775e+00
-4.958645981349439680e+00
-6.531359468468775020e+00
7.889855095038250665e-01
8.682423337785804662e+00
4.016142173867775611e+00
4.236104639189966825e+00
-7.860508872180284712e+00
-8.687157287921348114e+00
-4.982203240106003461e-01
1.491706574773154603e+00
6.476119678612437980e+00
-7.971129556357690049e+00
-1.870969478688478560e+01
1.087197732678611217e+01
6.004842867401258388e+00
-3.602911648963296187e-01
-1.195756700637563785e+00
-5.745977361128999483e+00
6.271392374472860354e+00
1.431900775063223552e+00
8.495362616938406219e+00
