1.645789615194842348e+00
-6.092225519062491657e+00
5.132973582396533452e+00
-2.440896401706616370e+00
9.751719148872702858e-01
-6.022970573100170810e+00
1.990179291744613943e+00
3.397875469996015418e+00
5.587758030012929922e+00
-1.388351770561373488e+00
-6.229297818726124980e-01
-1.229759293375480489e+01
3.774562658409983396e+00
-2.647811283255305792e+00
-1.061546303531608615e+00
-2.002465576368738454e+00
-2.058483603728444300e-01
1.092679101566096200e+01
-1.799850060202482949e+00
9.227501723183137994e-01
1.706327825633397466e-01
6.852877179265873586e+00
1.910141208724725370e+00
-6.042306636911520812e+00
-9.436437878634755805e+00
-1.072177179987623319e+01
8.431245608370775413e-01
-6.220118485755987692e+00
-1.166105125584413926e+00
5.041776498926228145e-01
3.799459765876786577e+00
-5.566764112536161768e+00
-1.084000109714612137e+00
-2.477424243337948528e+00
-2.496245438636100822e+00
2.541751843730234661e+00
4.188032408363161707e+00
7.914728582998652229e+00
-5.872607035789055629e+00
-1.062029708430705632e+01
-2.990107051725967136e+00
-1.955948603115538198e+00
-2.368240251890111558e+00
-5.722952891144506005e-02
5.852646914240200449e-01
2.624615166529124632e+00
-4.695401137242972034e+00
2.911666706088597678e+00
-4.517604943148943342e+00
1.562629365850302099e+00
4.476212721577331743e-01
2.595725580144570444e+00
9.385567009775973801e+00
3.884112166369292574e+00
1.095189724616976434e+01
2.014740540985645589e-01
-8.693398328437826894e-01
-8.500260447638181560e+00
3.262339503288283815e+00
3.834760814240622206e+00
-5.472299192352469976e-01
-4.999754013625599569e+00
4.475045392954421608e+00
-6.049868395009312394e+00
-1.756442583080440878e-01
-2.087261933305727180e+00
1.010168419810527629e+00
8.365734413387613699e+00
-4.031714028722389820e+00
4.246694841306258184e+00
7.679063198490188036e-01
4.464641469443294319e+00
-5.494495945746473708e+00
-1.778226220411114555e+00
8.250246477127250344e+00
6.351738055061001420e-01
-4.589227479594169878e+00
2.249992689620794906e+00
2.572975072101066463e+00
-1.171403894010500046e+00
4.369621591131073401e+00
7.594241959874087122e+00
1.371639897735203784e+00
6.693551802730857148e-01
1.017295246536106701e+00
4.888530961272052444e+00
-2.120097176915940462e+00
-8.892208949956364350e+00
4.867560538296606509e+00
3.028481349101769027e+00
-3.719748310368526489e+00
2.751379189636680600e+00
-5.164587464633192404e+00
-3.863023925613526366e+00
-8.891815210867335395e+00
-4.268616736748528373e-01
9.436972015751985410e-01
-1.269561756829380439e+00
2.498467355660276112e+00
7.552068930714313844e+00
-1.001593497014936851e+01
-5.474730685839465316e+00
1.457760887238769731e+00
-4.187360791164630669e+00
1.548062811016691076e-01
1.247674667623811962e+00
1.984684072802105792e+00
8.256016218564468545e+00
3.529631134680453197e+00
-2.349110518310727258e+00
2.397989826722987328e+00
-1.474543668794348061e+00
-1.632350252276446145e+00
-4.881139935011908015e+00
2.475732464864892624e+00
-2.537433465672247479e+00
-2.833043836102955737e+00
1.239331112002367563e+00
5.895913686476227378e-01
-1.074472885506298425e+01
-1.052916529095967307e-02
2.299968717440231014e+00
4.035273522712717664e+00
1.662244115762197882e+00
-5.826900093424006499e+00
8.647826971281692421e-01
-5.729046548387844773e+00
6.765417180843846801e+00
-4.182341586664987121e-01
-7.628398067455606224e+00
5.608696613675877574e-01
5.069058702158966145e-01
1.074668509959105833e+01
4.671921268413879780e+00
-9.010493707613896675e+00
2.907391352459555378e+00
2.314682463049352990e+00
-6.731560743573040462e+00
-5.863056821898116056e+00
-1.160324413160953583e+00
3.473771047073149543e+00
2.307641004714953148e+00
7.500230918848593831e-01
1.787406477665742566e+00
5.929516504829968504e+00
4.567888806587967032e+00
6.183398118677454924e+00
-7.810133313907479113e-01
1.213564151757938969e+00
7.199455639539280583e-01
4.668451454642647214e+00
-1.833012692201180904e+00
1.408339678840069276e+00
-8.258353620771259340e-01
1.124541786109979347e-01
-1.093836388923613789e+01
-5.318598733833922232e+00
7.823360001210565962e+00
6.300104904349557167e+00
-1.404694371127612751e+00
9.204983445854393764e+00
1.140740406082953662e+01
-1.724262995415466682e+00
3.426438285452147792e+00
3.643509548355384098e+00
-5.073803572307829413e+00
-1.211414320488434004e+00
-6.854074064789537957e+00
1.432836240164955921e+00
-1.464859551979704300e+00
5.642210773775105714e+00
2.167022815176497197e+00
2.580395028712204386e+00
4.789898159104830633e+00
-4.967749901004724578e+00
1.811087171817802544e+00
-7.108793347605995017e-01
5.336314529282147667e+00
8.520485293346304445e+00
1.010634946428697845e+01
5.824232829464757621e+00
4.472090239539550538e+00
-1.238127203625660089e+00
-3.537638914684092306e+00
-1.006714839741802869e+00
-9.137229496914989202e-01
1.838090861144532351e+00
-6.757465666929500792e-01
1.178303787473976882e+01
-1.201906208146375832e+00
5.697826489506876868e+00
-5.610212239564867254e+00
-8.258646985212042546e-01
3.301689592810874707e+00
3.859483716930924402e+00
1.896035174416949243e+00
-2.077018118965386240e+00
4.214545967732769682e+00
3.640424361548929788e+00
5.290357643110438879e+00
-6.321184161192515694e-01
-1.357188698646994851e+01
4.451451602491486526e+00
-8.104583697006676246e+00
-8.385790413400985299e-01
-5.868152198338630221e+00
1.100003203866190660e+00
3.129305090002412193e+00
-2.971435968195213828e+00
5.734230281674469687e+00
-7.042743523733205890e+00
7.734986786918974566e+00
7.129364076558010410e+00
-2.945925926799595640e+00
-5.155963699766324737e+00
5.987031247268762790e+00
8.996693301094296658e+00
4.714881807176936945e+00
1.988039552053426418e+00
-3.548511212989919894e+00
-2.025921813423644302e+00
-1.606490869244027309e+01
-5.987680224586720001e+00
-1.101003072664689109e-01
3.906128611594382183e-01
2.453072453360497729e+00
-5.090382192925080318e+00
2.091948251531057235e+00
2.818689955087910981e+00
-1.678514354411635989e-01
9.833895515948604782e+00
2.536611288428516353e+00
7.324793621415309097e+00
-3.037811218315332074e+00
8.176746556921654641e-01
7.820187270931945100e+00
-3.169674784322462635e+00
-1.454558128995818933e+00
-9.904088173536461426e+00
2.244643367453748262e+00
-4.870371108044366792e+00
2.986097661411379445e+00
2.012112287485265050e+00
2.797719005388674240e+00
1.662929361197940992e+00
9.871500488705803988e+00
2.014606241215594729e+00
-7.484305385192113746e+00
6.448373505530637040e+00
-1.309259094859719808e+00
-8.815271477363500807e+00
-1.312210803651337576e+00
6.813198962135271763e+00
2.610147739977100478e+00
5.690890378786089165e+00
9.223078212302626699e-01
4.006771533741947167e+00
1.062888301884585163e+00
3.469503559702943329e-01
-4.499160811743392885e-01
-1.726896360361607485e-01
1.048580773320233472e+00
-4.086223792247482223e+00
1.861552092540306846e+00
-3.583873456969713933e-01
