-1.879079022921156028e+00
4.243630027761565060e+00
3.725886342964281450e+00
2.374385986785035874e-01
-4.204566785476098190e+00
-2.766594933715109228e+00
-1.667241589353290365e+00
7.456413169260180940e-01
-3.249535710917096587e+00
-5.312565483676485734e-01
-1.649473539716829862e+00
3.959676837418861339e+00
1.800358104605116694e+00
1.127180404627645016e+00
4.394658141457279399e+00
1.997271596976814667e+00
2.143264453790245661e+00
4.380037358267736991e+00
3.380614385165669145e+00
2.971860131218452050e+00
-6.318481066365283283e+00
5.623122008074514788e-01
-3.086087438161072782e+00
-2.809477192927435141e+00
-1.740368723849523569e+00
6.277525105123801019e+00
6.664553673348429186e+00
-4.038548186886293578e+00
-1.453773331355990628e+00
4.744858003079261977e+00
-4.423045235323412427e+00
9.803874677884922839e-01
-1.033954956153681382e+00
1.247677780822683768e+00
-4.436079605906353862e+00
-1.888273769208451247e+00
1.874640205627854384e+00
-5.445494934557951971e+00
-9.265984995533673718e-01
1.499461147155119800e+00
-6.833397488297063838e+00
-2.454227048672779521e+00
5.172580188849392080e+00
-5.066583110880716667e+00
9.071347058024858967e-02
-3.658399235577325381e+00
2.871752412986349756e-01
2.016373643946887118e+00
-2.147602563074709758e-01
-1.670066657333551641e+00
2.481303640018988066e+00
-2.946263974001895214e+00
7.313815429278193392e+00
1.562856408200387515e+00
-2.188054785161445803e+00
1.337591020914887796e+00
1.162623607644831303e+00
-1.293158372409494994e-01
-6.692516293579034325e+00
1.625494569000956124e+00
6.780552994877851347e+00
6.579894515711861569e-01
2.433563788140230333e+00
1.213053568002737448e+00
3.938759482534892165e+00
-4.821563422547898270e+00
-4.716338049119977782e+00
-8.850568536676688414e-01
-6.235602595696790873e-01
1.782058514406080096e+00
4.105971113763631664e+00
4.040344221069640973e+00
-1.065910417071227689e+00
1.458764866832161777e-01
-1.249334253531612982e+00
-2.122421451869204834e+00
8.933934704959001216e-01
-9.031928027541180626e-01
-1.929194861737153932e+00
-6.351747178421021101e-01
3.753713343599496266e+00
-2.130819491242625041e+00
2.992778074990080306e+00
-2.065394636630547787e+00
-4.061122806923116002e+00
-3.963673027028633555e-01
7.641900214689016479e+00
2.952059883012514874e+00
2.079819834471091644e-01
-1.295553009817121515e+00
2.527794584374084330e+00
1.255809066955210884e+00
2.325082336519296966e+00
2.419231815478265268e+00
1.632768715854208796e+00
-2.224116614347656729e+00
5.085756577098540454e+00
-2.408806295930135288e+00
2.504675394497400731e+00
-3.797552362687628857e+00
6.193255280575950650e+00
-4.674004927270525855e-01
2.832344439383234658e+00
-1.878439045266055984e+00
-1.933293351125546788e+00
-4.710420099035239616e+00
4.307119528748424742e+00
1.057816845556360574e+00
1.598224615264216109e+00
-4.501628329107754567e+00
-2.542453917357086812e+00
-1.922954831108489027e-01
9.990694139340272617e-02
-6.631172207240524585e+00
-4.035649300105486614e-01
-2.505552338225649045e+00
-6.206894615253168990e-01
6.004659994572317139e+00
-5.691588826382288246e+00
-2.332805475111333848e+00
-3.846875779475126045e+00
-4.098911460524694572e-01
-4.048639765042143512e-01
5.178888839479103279e-01
-3.198717812479379141e+00
4.995760562665336302e+00
8.920908569432645097e-02
-2.068109579538483622e+00
6.308839952620777236e-01
-2.494000112403612412e+00
-5.747547655172119185e+00
3.811289286716201374e+00
3.966565167478298681e-01
1.643270788190878573e+00
1.365021204866215254e-01
1.587266928663170873e+00
-4.881500323180556933e+00
-1.838796667180310873e+00
5.421177575280384353e+00
-4.667611392351439292e+00
6.796731894690346554e-01
4.844176399242555719e-02
2.071552240435668324e+00
3.140629799753823725e+00
2.571471386674293313e+00
-8.755124564936618281e-01
-5.068594150939121912e-01
3.095420089698774024e+00
2.159667442378299551e+00
1.002037093888793917e+00
3.981772754543359660e+00
-2.168401721749467104e+00
-3.641388350331298707e+00
3.652035080144874768e-02
-3.764704646216690875e+00
2.232631344537906459e-01
6.153348221574946875e-01
1.775419796591936272e+00
4.210324591469039923e+00
3.428425378464709183e+00
3.340172848656792759e-01
-3.603765674610118208e-01
1.181950166204869035e+00
1.539098308555179040e+00
4.816276006305032276e+00
9.016244058675038087e-02
3.505365035045967748e+00
-1.293769280478209716e+00
9.682479137977160200e-01
3.191749836371690741e+00
2.047066084174328449e+00
3.279674507848564069e+00
7.534986632239297766e-01
1.633204322677539011e+00
3.321471316741325008e+00
2.105863822671794949e+00
1.812708274688534793e+00
4.649954990172601832e+00
-1.794641533770485742e-01
-2.712385860621715494e-01
-4.090808005270393899e+00
-8.387689771682310669e-01
-8.921917497499594063e-01
-7.344343214973978462e-01
-2.560654708934411161e+00
-3.111132545508686231e+00
-2.500744073647585886e+00
4.863316375571499761e-01
-2.601190155935081960e-02
-6.001902399375683927e+00
1.055045358237594710e+00
-6.651934484228603228e-01
-5.681076446302699701e-01
-1.456870807615790131e+00
-3.888507892194734694e+00
-2.949271106613200466e+00
-5.805748758092811324e-01
-2.456576498490089744e+00
-4.984319413097245466e+00
3.558851660903974867e+00
-9.323843048355171526e-01
5.420414302882478275e+00
-3.233758443205815292e-01
9.547326346357599691e-01
-3.112022146603487194e+00
3.938042554917317584e-01
-5.078832132797211907e-02
9.010766754206368523e-01
3.716243625616504787e+00
4.965483718125261348e+00
-1.345467461854878088e+00
-3.777053807270324803e+00
4.080740898963526320e+00
1.035022176421646289e+00
2.569967516468567581e+00
-9.857090791994878032e-01
-4.807780074266069903e+00
-4.426962750764228183e+00
3.551686385546216629e-01
-3.799034996835510825e+00
-3.126515582322851872e-01
-4.393927521757836629e-01
6.301315385846097961e+00
-1.362612574282995315e-01
1.437966260892559411e+00
-3.264033748684066261e+00
-4.860016402428774640e+00
-4.034553005384773350e+00
1.848171217088345530e+00
3.461311167555878754e+00
-2.373304415213545737e-01
-6.905465654975887269e+00
-4.794406915777869038e+00
3.171029227881787982e+00
-4.024701330546411882e+00
-1.436577276976093831e+00
6.508898946758662873e+00
-4.752165069559995736e+00
-9.037046487664671113e-02
-3.932529206273833289e+00
-7.062034974986366898e+00
-4.646468974943185337e+00
-1.643862524100543565e+00
-4.484920129297547575e+00
-4.708159351505795343e+00
-2.896226490607207715e+00
6.719033337537585915e+00
-3.168980028660000947e+00
8.281331953043309824e+00
9.146420875101426429e-01
-2.365455153967147783e+00
-1.168492576212775358e+00
2.785165533311582564e+00
3.023341342044931324e+00
-1.780391555145073079e+00
6.399440630090193594e+00
9.153711934804031003e+00
1.162224603787166854e+00
3.779317451768364755e-01
1.169189904317999851e-01
-1.354645216588003631e+00
-4.531079250917160017e+00
9.205667255707792318e-01
5.656106317278877249e-01
2.054492577531033426e+00
