5.729899211479100307e-01
9.300259059279578633e-01
-5.819991169182170410e+00
-5.439310528641998488e+00
1.596234877311994094e+00
6.475233345125086526e-01
-2.476641001097432682e-01
-7.633110262356554987e-01
-4.067383628716642052e-02
3.176554941817256950e+00
-9.885878776809823520e+00
3.739761870018545320e+00
-2.134213650019663455e-01
1.338462219026984146e+00
1.307438331259164199e-01
9.416343494494194388e+00
1.804602775178977270e+00
-4.207282024732042380e+00
-6.397319486433577396e+00
-1.397010671607626264e+00
-4.017993882178471310e+00
-3.576208915769173213e+00
1.067234350909787466e+00
-5.205269454275148533e+00
-1.594017152655448966e+00
-7.587321899324331653e+00
-6.995352517158052841e+00
-2.944982954755881011e+00
-6.770419555111887533e+00
1.010803110011219363e+00
-5.687626520166905841e+00
7.186356540112714519e+00
8.594438855667110744e+00
-1.757215036156535959e+00
-1.159968059504991711e+00
-1.085126563276715306e+00
-2.931332934572012050e+00
-5.685497838233079193e+00
1.655297023256039890e-01
-2.630805307954326988e-01
-4.034040507252920627e+00
-7.601198478757209998e+00
-5.551722701604621335e+00
8.966103367376981881e-01
-6.396866600735150676e+00
-8.337856839141402077e-01
6.901674141032876797e+00
-2.848275215599477495e+00
1.013389890712589558e+00
-7.756860460177478878e+00
4.090525539036223179e+00
-3.300175985082816066e-01
8.673258057961095169e-01
7.010910320510594929e-01
-1.063361524714429684e+00
3.022607068791596685e+00
1.004014219932615326e+01
8.467002776489019888e-01
1.692621078772176046e+00
3.097736447512961511e-01
2.554023030541414663e+00
-1.591981381645099392e+00
-1.054813664180939448e+01
5.497420314952179865e+00
-2.668950270612201248e+00
-3.748833826963983373e+00
-5.182629248383308962e+00
1.649895847430870921e+00
-1.070654091313237899e+01
-8.333236284285135964e-01
5.417849659424366138e+00
-7.651670976023212667e+00
-1.054282558355175592e+00
-8.047504567055764335e-01
2.045245859551308776e+00
-7.973548433467384733e+00
6.062297127673767605e+00
-2.099469835458962486e+00
-1.095981405558215327e+00
5.122605672232556806e+00
-6.312780581200927443e-01
-1.058992263310743143e+00
4.322405099971170728e+00
-5.917804912719359933e+00
-1.990600619485921596e+00
9.135532228143118383e-01
-1.127336141973746653e+00
1.140377922371652364e+00
3.753543988763114569e+00
1.794195109255018128e+00
-4.021975337737817568e+00
8.450368043982977584e-01
2.435420674971690680e+00
6.754990988850894773e+00
4.191516530271464092e+00
-8.750780187817685629e+00
-3.046848058682319227e+00
-4.197561323626707974e+00
3.569909744778211103e+00
9.646693199576754196e+00
2.080201019279912078e+00
-5.654397938247865518e+00
-1.096455707420171422e+01
-5.852385118216899329e+00
-4.551473653906435324e+00
6.391061794923285078e+00
2.335047994435237584e+00
-4.707132102972682586e-01
-4.233515716409566032e+00
-8.051640821850934771e+00
4.353660705097510686e+00
5.142278259645109983e+00
-1.101987668836985179e+01
-5.876394237897575756e+00
6.437281630347603922e+00
-2.446233442032030414e+00
3.592018511726058350e+00
-3.930448757534420245e+00
1.713417071571393446e+00
-8.938857190940584729e+00
6.454848450453604336e+00
-4.073157678461039488e+00
-5.232517986511837194e+00
1.475035326141383996e+00
-9.222441433038511605e+00
7.237632155628412889e-01
8.734795481255847704e+00
-3.830960782359541517e-01
4.995099618603641156e-01
-5.287089451170518650e+00
5.647297141679042731e+00
-1.325402238513497588e+00
5.246832254344134805e-01
1.897247659593904179e-01
1.779971936651720821e+00
3.850415201972905432e+00
1.798860954818624736e+00
1.177128560416273340e+00
7.086381271008706406e+00
-8.113573882546811333e+00
-1.466137070123239017e+00
1.214277459515342050e+00
3.502065829829962951e+00
-3.811752975974362023e+00
-4.443655867885498267e+00
4.205241033946217399e+00
-7.287559597536725775e+00
1.079638359588160346e-01
-2.181273100064862636e+00
8.386019774546754846e+00
-3.279778255665581899e+00
4.740039538780729700e+00
-3.904357546921440325e-01
4.049537374628171094e+00
8.034221725302460371e+00
-4.810178515000606225e+00
9.400752930495759330e+00
-3.371563318314811486e+00
1.001239738186592199e+01
-3.245056534111147251e+00
1.088804869993441748e+01
-2.255401522273951187e+00
4.006206443118125904e+00
-5.065950892006678252e+00
-2.108744152115312964e+00
3.278713008003869778e+00
3.206913696252227108e+00
6.673352631541694002e+00
-3.180653253941861269e+00
2.538239153412278348e+00
9.658972406414796374e-01
1.959248143172954038e+00
-3.024646839468692505e+00
2.998503516358782761e+00
4.440041832987051684e+00
-6.283887641946707348e+00
7.799040115383849781e+00
3.888704817796404090e+00
-3.757957772838164789e+00
2.781427155876540436e+00
-6.624187829325338228e+00
-2.981839382443374209e+00
-6.191832900809325579e+00
2.903581244987557319e+00
2.748449947097025170e+00
2.670396545412712985e+00
2.944280265157147802e+00
-4.189656370801800311e-01
4.646758801465070476e+00
-2.973179574087371435e+00
-1.049762192079938705e+00
2.926788504724498363e+00
4.172630974837123752e+00
-1.358981157276614837e+01
4.317284494316282917e+00
1.074611406240841660e+01
-7.888172982198750738e+00
-3.438538832916424148e+00
9.118464538681068987e+00
1.170218011254808310e+01
3.046846468722737455e+00
3.757862698690943581e+00
3.360522766512470394e+00
-7.816845752645228629e+00
-6.213916382427865592e+00
-2.116347602611817535e+00
-5.240157588908809672e+00
2.916078476408543008e+00
-3.407145860574762875e+00
-1.009567861761862417e+01
3.166727163219045238e+00
-1.290964100688690941e+00
7.909432901453336662e+00
3.197467905679526989e+00
3.304099206151836388e+00
-5.761841480961487072e+00
3.736301591155684498e+00
-1.828674575919571499e+00
4.203438021877269337e-01
4.857878172793119731e+00
2.660314864960897641e+00
1.792941809522561059e+01
6.405666561805590575e+00
-6.078470752742905603e+00
-3.486064036945272893e+00
7.935199846019395764e+00
5.768130070570562928e+00
-4.281974167482214710e+00
7.243376182467692104e+00
8.505172359201849108e-01
5.806662893759620303e+00
-2.216605707959253380e+00
-1.277014683253081762e+00
1.207658218310953213e+00
5.901791054686989391e+00
3.509992377242749928e+00
-5.925165962700951194e-02
5.546450650719869202e+00
-8.871297509774997536e+00
1.243520848135348800e-02
-3.421111244406675467e-01
8.743486390327312563e+00
3.123134554227622761e+00
-1.802428378753639038e+00
-1.954275344697039785e+00
-8.261658792109543015e+00
-7.934234547471684662e-01
6.421415830748259168e+00
2.395850731359971952e+00
5.041734840768235415e+00
-9.279742566076290444e+00
-5.496788687443777910e+00
1.488791592610798631e+00
3.085444801281421068e+00
5.124516471626414216e+00
-4.429377861323755106e+00
-1.652532970864999484e+01
8.475110571129819803e+00
7.235427596040461040e+00
-1.391533676216820670e+00
-4.065575119340187893e-01
-4.952737021784150429e+00
3.368111350223865319e+00
-1.843548017968864361e+00
9.532654759354199925e+00
