-1.676342678994345192e+00
4.834006785729827449e+00
3.532716863898919701e+00
1.014548792057045512e+00
-3.873990572563750678e+00
-1.864744040252218404e+00
-1.646019950618872407e+00
2.237608229709963759e+00
-2.236713659228511286e+00
-1.229608682453639634e+00
-7.598205441555108131e-01
4.422719080351578569e+00
5.242330223758944197e-01
1.209938649209771899e+00
5.642030598269037078e+00
1.486150604360023886e+00
2.047575496538704076e+00
5.087663027936320859e+00
4.481244640805925883e+00
3.745216457945282684e+00
-5.314123595247109755e+00
2.452511114903996592e-01
-3.273534144781123700e+00
-2.663419189930209541e+00
-2.995375335956820706e+00
7.649544080653609690e+00
6.268204476424410032e+00
-4.448357176089130505e+00
-1.350301695374508171e+00
4.767190943843185202e+00
-4.903053616741350318e+00
9.021466637208053196e-02
-1.129265504550927890e+00
5.054016561175040945e-01
-4.066693383496150282e+00
-2.026408809692900714e+00
2.765533892273037253e+00
-5.106242986127103478e+00
-7.804410414093081449e-01
2.449771332167640647e+00
-5.498447538993235462e+00
-1.729520714304037643e+00
6.370332600160169889e+00
-5.815264055700255952e+00
-1.406794175194636676e-02
-2.017531325235744522e+00
2.638929659359835478e-01
1.182190105520092516e+00
-4.636010500647546051e-01
-1.750287145400428734e+00
1.579975860248103103e+00
-3.619380351213066671e+00
6.677783760543618996e+00
9.883768816046607508e-01
-2.724418274138246332e+00
2.576663109744301128e+00
6.822240995187451862e-01
1.213503235677459297e-01
-6.225164049851798609e+00
2.025542879816109476e+00
7.115311326633928068e+00
1.258212933893207985e+00
2.656379745128663483e+00
1.641641526064802070e+00
4.832499663744250107e+00
-5.426586442317634429e+00
-4.304514819115360602e+00
1.590696838502075050e-01
-1.171170331599441283e+00
5.953456111807855500e-01
4.598609829997837295e+00
5.254598208471826126e+00
-2.518349823543716837e-01
1.338258291633179109e+00
-8.452867493837463719e-01
-2.155931647755372715e+00
1.130075935387453212e+00
-1.982787059688215114e+00
-5.512817885795794348e-01
-1.458040244009954023e+00
3.915911443053846419e+00
-3.061153143497926887e+00
3.806661986517260843e+00
-2.532866627020506467e+00
-5.150692724430247615e+00
-1.196352992299809959e+00
7.240149873881482456e+00
1.393573297603440286e+00
1.086822018055049632e+00
-7.986973482130140800e-01
1.713211547863704443e+00
1.173468385841200279e+00
1.317569217622697630e+00
1.707884291727958193e+00
1.338164600767133283e+00
-2.366955055995753288e+00
4.789915229725148826e+00
-2.954677151635734855e+00
1.928118899813962228e+00
-2.735572991596748604e+00
6.400736304268184185e+00
-4.021823719462991331e-01
2.975267857553292039e+00
-2.564974680520909711e+00
-2.181342144432307784e+00
-4.742814317824410431e+00
3.126192368602679572e+00
3.153223223618670801e-01
1.629685940874229466e+00
-3.929504817841650954e+00
-3.359493089237194585e+00
-8.488620165014642005e-01
8.929963492719046325e-01
-6.593689871232901289e+00
2.007875405899220422e-01
-2.658647384616426024e+00
-4.825996783634214360e-01
6.026138342720631869e+00
-5.005019614181914100e+00
-1.837798725598153382e+00
-2.679959048000760902e+00
-4.524951114956254905e-01
-4.063736735622849316e-01
4.215119156543343237e-01
-1.229593274443789852e-01
3.899803889491568309e+00
-6.190929111992126144e-01
-1.893129250970029709e+00
8.092946488959512630e-01
-4.568309449497421904e-01
-5.580623220182026500e+00
4.479341451753980685e+00
1.551033968902129301e+00
2.312426446088589493e+00
4.497247721967237433e-02
1.720400672449447832e+00
-5.990834914526308452e+00
-2.581566679092204275e+00
4.753912751054763852e+00
-5.641177913233653918e+00
3.984912388817754003e-01
1.481250249425636600e-01
2.470021340295601053e+00
1.316505091109188896e+00
2.183831782265696297e+00
-1.137327744381023242e+00
1.433616163153823564e-01
3.176395236307515635e+00
2.404304549830332149e+00
2.155887560307859108e+00
3.467065253028268401e+00
-2.320869806172303651e+00
-3.534656509961464632e+00
-9.217408787083416488e-01
-2.995182617091304955e+00
3.486647067311663961e-01
1.636561511654624601e+00
8.712796462864489389e-01
3.239846454750175297e+00
4.553183632996183228e+00
-1.909318160411811460e-01
-5.535533978835113222e-01
1.239981391343602413e+00
1.185832077384642913e+00
3.657900728381344724e+00
-4.401944420579806394e-01
4.203961407363559388e+00
-2.679164744842686297e+00
1.228504964207028372e-01
4.399890820047659190e+00
1.039694680552621486e+00
3.509517366294245377e+00
2.637641025333494760e-01
4.213312519092518471e+00
2.821489656214086317e+00
1.854327378976744267e+00
7.180377136719162667e-02
3.317244530504981803e+00
-1.191668522154514909e+00
6.822432298594971467e-01
-4.268368102240201800e+00
5.393806582218398926e-01
-1.025673684698870103e+00
-2.428926665124684359e-01
-1.270222672063858749e+00
-3.166744089032984100e+00
-4.334978470047414767e-01
1.383829298605548930e+00
1.289030465184303198e-01
-5.817794518562605433e+00
9.928756921109218592e-01
-2.998611979368837055e-01
-1.234700402062231861e+00
-1.807579722798294375e+00
-3.515307359849350277e+00
-2.033394015590157977e+00
-1.422896892822100412e+00
-2.467242267378840115e+00
-3.521202614782366958e+00
1.944435079357057061e+00
-1.686941928623664433e+00
5.473904248286302732e+00
-8.208758038254162503e-01
2.193090124276349417e+00
-2.309095061340844968e+00
8.555750580262915239e-01
-7.339689375111853042e-01
1.264176114067383505e+00
4.432734155826977940e+00
5.499215350467564711e+00
-1.150066446961085065e+00
-3.743880460206313820e+00
2.846186084434881192e+00
1.527811219256017594e+00
1.766902100274005072e+00
-9.142014779675157188e-01
-4.823961015424151455e+00
-4.721951128710322187e+00
3.267446576436616734e-01
-5.352438910090632440e+00
-6.189072297674005352e-01
4.111646973456899445e-01
5.472637000920258288e+00
-7.050617469001746462e-02
2.082540765270112448e+00
-3.297744108759411930e+00
-4.233796099319903306e+00
-4.129400086528660196e+00
1.430514999804675336e+00
4.323464596216020972e+00
2.862672905870377038e-01
-7.193391138930285145e+00
-4.163903053506085250e+00
2.124258717644464944e+00
-3.322258089463919983e+00
-3.763287874720681714e+00
5.779490935963460529e+00
-4.995119623056039515e+00
8.737264802337197933e-01
-3.688628818752334837e+00
-6.273571166911517061e+00
-4.719268999954777222e+00
-1.947327744486379686e+00
-3.924850382023802986e+00
-4.475396436848499526e+00
-2.975089558804129730e+00
5.957759912607653696e+00
-2.619498661665477623e+00
9.829126337942174274e+00
1.524344322726883139e+00
-3.250387484908581648e+00
-1.172983309496802740e+00
3.673975646546874252e+00
3.614213581326666702e+00
-1.390170882205885139e+00
6.316633984917200628e+00
8.209500800364198270e+00
2.312703424382136941e+00
1.795715670905301264e-02
-1.247871267385964433e+00
-2.355481560353299142e-01
-3.775604772372188833e+00
9.266746292454987044e-01
6.574995717351398428e-01
3.152341680368048848e+00
