-4.866339521820377545e-01
1.521603116810546830e+00
-3.986915551113744627e+00
4.273503447155847290e+00
-1.717480264904948095e+00
-1.040944638249196696e+00
2.358283094202295871e-02
-2.533177429963492377e-01
-1.537251992746288654e+00
5.957193330672068132e-01
5.608559198297125015e+00
-3.731604847814563364e+00
-2.816551995354938942e+00
-2.796957801965593848e+00
3.368706507570373154e-01
1.100834328358193170e+00
7.106021069340212604e-02
3.527445252600986070e+00
2.629297558114965128e+00
-3.936872103443694648e+00
1.384499383002806505e+00
2.188017253843649979e+00
1.742182793469626123e+00
-3.665588235968490594e+00
-5.107598769328833832e-01
2.625347465672314584e+00
-1.286424507655589133e+00
-1.538977902568207767e+00
2.268635731257484522e+00
5.113075168363453216e+00
-2.330764530393193201e+00
-1.152264824796997433e-02
3.662547012072489228e+00
-1.837850682336977348e+00
3.059563909314944041e-01
2.864219921907384503e+00
-2.719973236576982423e+00
-5.327385879045432482e+00
-1.618623921831833901e+00
-2.813614593669645725e+00
-2.565538951423286473e+00
1.076651012207593183e+00
2.973961204511318179e+00
-6.185180265463398719e+00
4.162563169003307806e+00
5.115039502303375230e+00
1.849727766867859113e-02
2.684725740985325793e+00
6.955238970247230590e-01
-5.015128423844151584e+00
-5.376319349530709335e-01
-1.412006496662282951e+00
1.154921390653615987e+00
4.383889412978691169e+00
8.521623259247921300e-01
-5.836945487957286183e+00
-1.326346814146822872e+00
-2.456318226106524616e+00
-3.486598183016218488e+00
2.086033564888801095e+00
-1.182371251384379818e+00
8.652152215373296040e-02
-3.145505020655768313e-01
-5.212947875866200675e+00
-2.567616791920100283e+00
-2.970860691495329498e+00
1.387232377465798638e+00
-1.772697731918840613e+00
1.305510573552315590e+00
-6.810752901539662840e-01
5.151517921692512658e+00
3.656407891977526248e+00
2.707798293445935922e+00
4.335741155852532724e-01
1.214304790405128065e+00
-4.875691052320411112e-01
4.234637975891589079e+00
1.272872927103778862e+00
-1.735171280965475127e+00
-1.310773703585590644e+00
-2.445841539618955007e+00
1.246154175056457758e+00
-5.815564623117130960e-01
-3.098068535138938095e+00
-3.210760902912055403e+00
1.598806677252352815e+00
-4.259246580868419230e+00
5.545218938169951706e+00
-1.325555813455935539e+00
9.090493846719795989e-01
-3.620105683554374343e-01
1.946203599251085548e+00
-3.700220908876485026e+00
-3.469375714262368682e+00
-1.807135618750130013e-01
-2.633643453686122182e+00
-4.721100291404328075e+00
2.556716731712229129e-01
-1.867025688803787720e+00
9.571448853278917701e-01
-3.394349457974334960e+00
2.774626171186725276e+00
1.256906779979552580e+00
2.302430322272190466e+00
4.262698697332987785e-01
-1.292701563673542164e+00
-3.131712237948130806e+00
-9.744921601769004349e-01
-2.020373366322485986e-01
-1.166478303081769363e-02
-9.028991508126255061e-01
1.389478460448813291e+00
3.745812641867237947e+00
5.780441173380366227e-01
-3.231329362467212807e+00
-1.040230949966213903e+00
1.046660404683097845e+00
5.139644725938746994e+00
5.769131816200723240e-01
-2.619446326907397093e+00
-2.867540070197778235e+00
-2.446072213583888377e+00
-1.437186678872550916e+00
5.193726966986043081e+00
-4.267017846663442526e+00
2.779890256642140844e+00
5.569607749143620223e-01
2.126940220879344423e+00
6.559781998201423825e+00
2.114752311722785549e+00
2.212066907878633693e+00
5.602904273035402838e-01
1.152751144567293329e+00
1.487275448372393338e+00
-4.986061256272774855e+00
-1.124003337191880059e+00
-5.600654534629856407e-01
2.210292717988907363e+00
1.558081176261628453e+00
3.030601827519840086e+00
-1.534572588302062002e+00
-2.160129404147002052e+00
1.740261663193845232e+00
-1.556075566167705926e+00
1.268824631227980726e+00
1.678418167077104783e+00
-1.235149392699517623e+00
-6.097270087672286287e-01
9.935247292716327117e-01
1.940531537511667626e+00
-3.676957490141769536e-01
9.311314217754493860e-01
-4.987510841590122590e-01
1.184468040706663894e+00
-4.489873596626907215e+00
3.144955957199655927e+00
1.707447692185932731e+00
-2.995802101065522471e+00
3.126814790542389311e+00
-3.432255959181119032e+00
7.840557397349504631e-01
1.259141770319837761e+00
-1.494772120845944130e-01
1.390630954484671999e+00
-1.848813402936046124e+00
-1.456405629766126530e+00
-5.242389478185749851e+00
3.582503059726695471e-01
-3.460323220577502301e+00
-1.314725345360263087e-01
2.676932260575707101e+00
-5.819181586366103942e-02
-1.515084343877080908e+00
8.244055910115922758e-01
1.798077783159738097e+00
4.800649004296012379e+00
-1.519974596544680701e+00
-4.987730196469172261e-01
-4.047848233404879315e-01
2.312281400883586802e+00
3.365126505287657110e+00
3.087266508037338042e+00
-1.676679555907883090e+00
-2.334939946944027067e+00
-8.637940794798690813e-01
-1.732658942697586690e+00
3.974730637841031200e+00
-8.487777380168023411e-01
1.049870531311629218e+00
-2.423623059901846011e-01
4.897876709139926454e+00
1.165891407254351142e+00
2.024791405100290209e+00
1.759341978494732839e+00
-2.703652444296776203e+00
-2.784271593807691403e+00
-2.144482911373661427e+00
3.134761042660057395e+00
2.906872215010847249e-03
-4.415061743517988191e+00
-2.257249168107196446e+00
2.978053256740880617e+00
4.889626418476472836e+00
5.147626477158256719e+00
1.636710500430857973e+00
-1.581224409767544303e-01
1.233471519763240654e-01
3.909353696545772028e+00
-2.587297028545576527e-01
-2.028502028027701520e+00
-2.481585348027073756e+00
-2.917345192098476314e+00
-2.403733664471773279e-01
3.586854732180117189e+00
1.869964903123964017e+00
5.796836557695705938e-01
-1.457521763389061586e+00
4.470356863806946857e-01
4.819043543210227654e+00
5.170681493370554271e+00
-2.476997054835802015e+00
-2.442816035331853985e+00
5.199100357318503285e+00
2.536750295018276091e+00
-4.318745519352213513e+00
-1.210224226606542164e+00
2.087236068562886793e+00
-2.180046424393256466e+00
1.742861766252294720e+00
2.390653109008045618e+00
-2.095568653115303714e+00
-3.980914616745860002e+00
-9.674132314627790219e-01
-3.744743299239129630e+00
4.086251881150590570e+00
1.905811578240690363e-02
2.881684271641240969e+00
1.732644110809188343e+00
4.715972216332135147e+00
5.628944852501224005e+00
-2.050038874433596447e+00
5.348761288960835358e+00
1.543127775408071667e+00
7.602729646047921008e+00
-3.609258992482565986e+00
6.854607916295852865e-01
-5.302446547690797818e-03
2.166270877645718740e-01
7.491795591808411148e-01
-4.023189471352839885e-01
9.870300454412248570e-01
-3.695598375116579959e+00
8.571370749579301229e-01
2.426148971000354315e+00
2.149092067845048248e+00
-5.386253083313029322e+00
5.889617611938646746e+00
-3.344133741668970927e+00
-1.418758054321500595e-01
-3.110058398342323116e+00
2.985242658587052400e+00
-4.081957376493469347e+00
2.405041083056918882e+00
-4.250904414405598963e+00
1.155675280245982428e-02
