2.490260081576420870e+00
-7.805477108335098890e+00
3.090279616213287284e+00
-2.915145379890037525e+00
1.368059494126925069e+00
-6.771364344906595889e+00
2.998264654323132827e+00
5.529203968983736672e+00
5.115608665850053249e+00
-1.186624809673531011e+00
-1.196498510459066966e-01
-9.753745101312397026e+00
4.583109542768898592e+00
-1.714036145812364742e+00
-2.941886862952322712e+00
-7.243864791698895189e-01
9.155436745464107240e-01
9.734317967565417007e+00
-2.547919179714769555e+00
4.585206672938277883e-01
-1.183049354862031777e+00
8.260951937362305486e+00
-5.111011576485843255e-01
-7.119524412203977803e+00
-1.141379914058360256e+01
-1.095548276629567752e+01
3.706272307298912327e-01
-6.791753737172613548e+00
-2.830518393402568833e+00
1.530176201134747282e+00
5.992476351173885440e+00
-6.196807713208466240e+00
-7.341476660096893925e-01
-1.947694767126332049e+00
-2.251190976932658572e+00
1.086384669703896133e+00
3.459413892172861438e+00
1.058247285011415073e+01
-5.073357189603699524e+00
-1.160613972173969621e+01
-2.712295077613260830e+00
-1.512701857484795909e+00
-4.407461583353246226e+00
6.912284472962123560e-01
1.657015658588655072e+00
3.141878744676763091e+00
-4.712262740774447956e+00
4.247907206168966887e+00
-4.378227510226564867e+00
1.084487387059218877e+00
1.934030246012646614e+00
3.292517827092678040e-01
9.701311214273006911e+00
4.568573588683376485e+00
1.230426963098253523e+01
-4.696601967643655451e-01
-1.612987745588944533e+00
-7.726405039952483733e+00
1.895229508418596165e+00
4.219134790028252091e+00
-2.219629033887896785e+00
-4.445530323595759725e+00
4.209961473228540640e+00
-5.144999859013709376e+00
9.408231576718627531e-01
-1.195321562003975213e+00
1.796530681247871186e+00
8.088711255870780548e+00
-2.583620850407518432e+00
3.117653550826529951e+00
5.428218145318643995e-01
3.345776546050006850e+00
-5.396492358839959813e+00
-1.112620602539579728e+00
9.036449949662534564e+00
2.480848818212026963e-01
-5.485974826566493157e+00
3.376905642299556920e+00
2.201885764672828483e+00
3.704959017190967430e-02
3.071280355571870846e+00
7.577024818380549753e+00
9.404379508720559500e-01
2.927712593788758810e-02
1.945638077333798011e+00
4.446127499192590093e+00
-1.214093674409958634e+00
-8.642506707028426050e+00
3.919006506888075059e+00
3.701434669546562972e+00
-2.912721222223834339e+00
2.407914345072336371e+00
-3.311180801795043038e+00
-3.499084547999371964e+00
-9.711886631595563202e+00
-1.605012141615121513e+00
9.854091583386053177e-01
-3.808509183278985688e+00
2.577682379320210604e+00
8.403092319193710580e+00
-1.062375226531472272e+01
-7.622276286007941160e+00
1.927505560878747470e+00
-3.618219429168859858e+00
9.532726424758627970e-02
-1.241939654009425187e-01
1.266983478487535564e+00
8.753937959014148618e+00
3.716902958858416373e+00
-2.498896376116165552e+00
3.387637986919044053e+00
-1.136060421780449747e+00
-1.960928908933282422e+00
-5.200125344274111328e+00
2.660545200889800288e+00
-2.184291260397976941e+00
-3.696314362063950032e+00
1.293955019721439115e+00
-4.782071972839671004e-01
-1.060631525091033289e+01
-5.752919656729602593e-01
2.675158560284412790e+00
4.098420526631741723e+00
3.564142205463822766e-01
-6.559989809603556488e+00
2.024745218472974617e+00
-3.498275409418900583e+00
5.707953110075827396e+00
-1.454550756258282673e-02
-6.426073351990169158e+00
3.792404159962446397e-01
1.357785181400919861e+00
8.709005524278877530e+00
4.913885381589039980e+00
-7.857637177110263771e+00
1.674419568399387437e+00
1.531104769872557281e+00
-7.981559999140094952e+00
-4.151922612457623174e+00
2.580726092382591430e-01
3.843859911044549715e+00
2.332534958755846599e+00
1.641084037756438185e+00
2.054810773778133814e+00
3.894615367283439600e+00
3.461062049854230604e+00
6.971110471691255306e+00
-2.495333056689165829e+00
1.061385160479023204e+00
1.642970935133007071e+00
2.334005420663736619e+00
-1.352519642935199773e+00
1.889170440947172569e+00
1.699146948371529575e+00
6.430555340853248980e-01
-9.756278546585466671e+00
-4.433629139901384519e+00
7.210704761296977239e+00
3.959315466376471804e+00
-2.283548590957088731e+00
9.563747808022858621e+00
1.229085153728096458e+01
-1.221395999547238986e+00
2.556557301723760389e+00
1.644297659101559450e+00
-4.584203684356285002e+00
-1.872412485060457321e+00
-8.007715277649289476e+00
1.982010486766780488e+00
-6.568788193588810387e-01
6.672575148916791932e+00
1.549765465295587230e+00
9.037233495415346596e-01
2.826277360937346383e+00
-3.565191367667817079e+00
9.337939604042104769e-01
-2.832968975676766199e+00
4.856943747109389697e+00
8.303058338810725303e+00
8.218414446329374456e+00
5.473552679092676954e+00
4.406741618780867675e+00
-1.972585645067524540e+00
-5.440694728363788535e+00
5.512791902014713141e-02
9.462021433812363158e-01
2.527955757892531352e+00
-3.118357624325122646e-01
1.122154361545310586e+01
-5.013357774609026318e-01
6.806040710803650029e+00
-5.553551483248186038e+00
-2.253862747819145973e+00
4.409232442672940344e+00
1.430156388775764675e+00
1.960987122140844141e+00
-2.031622339053349435e+00
4.769643964874882514e+00
3.049655861523276279e+00
5.329803575532521265e+00
-4.412219797230940155e-01
-1.384615032030805537e+01
4.048105128830338906e+00
-9.965420022316118676e+00
-1.718931166341682859e+00
-6.189128556536453551e+00
8.519126212375015550e-01
2.157519230619798556e+00
-2.770498430668573597e+00
4.750696057286081242e+00
-8.423801504179072808e+00
7.707852153043617704e+00
6.473593335029151241e+00
-3.562987237050629918e+00
-5.474104406005452006e+00
7.430155055714181778e+00
9.461783927708513176e+00
5.896955549875649183e+00
1.030269704996594760e+00
-3.485511979633245438e+00
-5.091128276076558601e-01
-1.603958273938260248e+01
-6.974484020366118031e+00
-1.004122413354219479e+00
-3.167266758659885717e-01
2.795121323068953334e+00
-6.432225614835102689e+00
3.760635082085796999e+00
2.785699439341288830e+00
1.052405996390309628e+00
9.399530360544755325e+00
1.527396275950952120e-01
7.100794706892689767e+00
-1.649411451105559534e+00
1.229861842650680215e-01
8.207374246062574485e+00
-1.749793093111825737e+00
-2.633567724547493327e+00
-1.156150181170177227e+01
1.952089224179807569e+00
-5.555622767623047409e+00
4.945244780246997429e+00
6.107763415754591252e-01
2.342321916987578412e+00
1.469933533028984662e+00
8.682895322599730292e+00
1.918217942757671990e+00
-6.233333019973096967e+00
5.393486951650966255e+00
-3.255860833708748459e+00
-8.213623447269789324e+00
-2.171770142960884886e+00
7.667441101297416850e+00
1.591133990160482625e+00
4.605092711719516174e+00
2.563529177695525796e+00
2.809493883004381853e+00
1.106369249303501334e+00
2.020919599776533349e-01
6.076512869315108256e-01
4.852272805547770407e-01
1.587173091706548522e+00
-5.383843006416373811e+00
2.472468118563476924e+00
-2.042440533951502601e+00
