3.866547632050529315e-01
1.521108484952228057e+00
-3.315924189833920455e+00
4.633775759259641802e+00
-1.271101436021397024e+00
2.868644440395057282e-01
-3.238482348559277302e-01
3.122574438655244755e+00
-2.889816162098934438e+00
1.435949322344297396e+00
4.036362570303570152e+00
-7.374090238056170143e+00
-3.706019685379016604e+00
-1.176979343359089603e+00
-4.394857423299238230e-01
7.469666536128234391e-01
-1.003024266114804997e+00
1.463267859258146064e+00
2.297423193850784084e+00
-3.215288154366755524e+00
2.156733625183102188e+00
1.437883790788293092e+00
5.009104757267567321e-01
-3.571783198624319144e+00
1.574101130904743684e+00
1.672939191157805761e+00
-2.876898309007394516e+00
-1.733707248092156150e-01
2.731068966770341166e+00
4.304582757911512125e+00
-1.992709829518191977e+00
8.597942312120454567e-01
2.291564398478040943e+00
-2.544463646116946087e+00
6.223636098134790462e-01
1.664851998489173202e+00
-2.083898345762839721e+00
-4.824763363415430106e+00
-2.328130079276609532e+00
-1.264267318163964759e+00
-1.985818833961304541e+00
4.948620198969018169e-01
2.175267543377457535e+00
-4.027336204462314662e+00
3.993311017086482728e+00
5.750165934978734406e+00
9.000366822832762681e-01
3.754395572667718728e+00
1.749766231208961464e+00
-1.900962659035279279e+00
7.674978095386397747e-01
-5.742000721482136694e-01
1.137528851226326854e+00
1.525268316516871892e+00
1.459060423935220285e+00
-3.912182673674593492e+00
5.881181791237004575e-01
-9.954926518603437469e-01
-4.952706492025662044e+00
3.555669946071259524e+00
1.024270293939731680e+00
9.465697635780827568e-01
-7.023605771305537759e-01
-4.052673507350264437e+00
-4.384091349880880450e+00
-2.087228442079107182e+00
3.311146009212178054e+00
-1.023217523078909785e+00
1.549101454891344876e+00
3.208304314160492776e-01
5.275539450022322718e+00
2.532601694408135984e+00
4.336482819183332005e+00
-2.023251289848266854e-01
1.011038503984863279e+00
-1.796902714848463312e+00
2.086581472914242674e+00
1.148119103919170714e+00
-9.861269785343135252e-01
-2.694907096857911188e+00
-3.322703117186554866e+00
6.892157895173490756e-01
2.221311758018786608e-01
-3.026833441070259756e+00
-1.380108753147628597e+00
3.076675311199649432e+00
-1.981576687762957034e+00
5.955060173179506755e+00
1.925242168246752428e-01
1.133113071598799593e+00
-2.477762156411898786e+00
-3.589661919901366294e-01
-1.973312237059627439e+00
-4.163573959491519538e+00
-2.441365612670939989e+00
-1.567397288084973361e+00
-4.803098085785880045e+00
-1.272008140710235713e+00
-1.707012498828919256e+00
2.829831542185815785e+00
-1.305478594581701790e+00
2.968471196368243081e+00
1.225306952893053580e+00
4.176179194653647508e-01
-1.317663984786096032e+00
-1.668904623571146606e-01
-4.665058222200493709e+00
-1.446656215245567978e+00
-6.819147505603294634e-01
-1.509886053324503319e+00
-2.611199351282527115e-01
4.798118382460754838e-01
5.124214509027669173e-01
-6.690312237369184789e-01
-2.057621738526971722e+00
-1.992557628204856268e+00
1.165959227646495844e+00
3.818620213766972249e+00
-1.418674716873934427e+00
-2.943547860444328812e+00
-1.450525593136166025e+00
7.635031930707736336e-02
-2.695868226716519267e+00
5.140156251369843332e+00
-2.830250445149462557e+00
1.177459404118592179e+00
6.096126836933347670e-01
2.863525116788250280e+00
2.781538980272067363e+00
1.817512827138227927e+00
5.920343118657653836e-01
-1.542674395534777476e+00
3.769866922154600619e+00
2.390033942544945944e+00
-4.610824043024964958e+00
-3.495080186944857781e-01
8.605742382184223827e-01
2.424321056502574123e+00
7.145029836960276048e-01
6.889968578271705724e-01
-2.683831454900276636e+00
-2.387780795871838002e+00
8.441161956434928282e-01
-2.262105026116431272e+00
8.142604140217707398e-01
2.907899418328230290e+00
-2.584954710088529506e-01
-1.370083115568541343e+00
1.485807342062058334e+00
7.255419817661984405e-01
1.783453998801396434e-01
2.849369973309039406e+00
-3.420444023275028389e+00
-1.665622194832809821e-01
-3.540942548441867732e+00
2.359957866293215023e+00
1.228722393554660286e+00
-2.475769353086914926e+00
1.341279904509860676e+00
-2.660794868505618194e+00
3.977074138000471493e-01
3.001511617395312692e-01
-7.719543293520000349e-01
6.318193466585434459e-01
-2.251469985381445493e+00
-1.933025045378929496e+00
-5.350200619877870878e+00
-8.870276773838534634e-01
-2.637615342395577045e+00
-3.392033821370303293e-01
2.562745026509264168e+00
2.861102998232232797e-01
-1.934546656902358164e+00
8.034477287159182968e-01
2.316628312076980833e+00
4.523950344676510582e+00
-2.880451338425688013e-01
9.281628090648759155e-01
-4.977593152826630951e-01
3.842883562192356273e+00
2.901265606814199316e+00
4.042097325808831521e+00
-1.116407553820591758e+00
-4.358768880216128849e+00
-2.851622029623971599e+00
-2.402722292318313801e+00
3.830470060433595947e+00
-1.843285565523261393e+00
8.630720922813676088e-01
7.533300293584996865e-01
3.264019611208587968e+00
-2.051076926789825727e-01
2.928161326901818295e+00
1.961827019302277542e+00
-2.915201730689085391e+00
-5.209222036044696580e+00
-2.153155125608170017e+00
1.228922007051103993e+00
-1.456571936332426542e+00
-3.607452433902111455e+00
-2.431078307221561374e+00
2.355151182907178953e+00
4.638541096297726263e+00
2.773419162325825749e+00
1.994724473382802010e+00
-1.717390830206580787e+00
-1.470678046626188618e+00
3.764758302098405451e+00
1.727479350378532619e+00
-2.370123278934196609e+00
-1.600585135656356295e+00
-1.978027271080917249e+00
-1.107818837922733834e+00
3.376856064640062272e+00
2.284635839941159929e+00
8.541019826823587069e-01
-8.525044634812871669e-01
8.646579575428098297e-01
4.137562882561567790e+00
5.645658725745192896e+00
-2.465418935563248759e+00
-4.187455537767656444e-01
3.965778096932899288e+00
3.163354698690113320e+00
-2.526554154951451636e+00
-1.876982190235227277e+00
1.747686046594232101e+00
-2.447359051339937697e+00
1.098197551574157549e+00
2.176429553532120753e+00
-1.149030689002538352e+00
-4.362165229137785261e+00
-3.100034272315818074e-01
-4.129225585107445085e+00
3.764287803558282519e+00
-1.965629680774191868e-01
3.890227683330663488e+00
2.211052354832574007e+00
3.177089605695723407e+00
4.521667449545554440e+00
-1.443331790208276733e+00
4.795975508280291066e+00
2.340365179265361029e+00
4.759734159705583778e+00
-1.057506175683301075e+00
2.572598784898013635e-01
-2.445009292421399805e-01
1.452871245331555317e+00
2.045725726118611476e+00
-5.772777339710954969e-01
1.576287393460021669e+00
-4.610121558520975604e+00
3.765655932318081600e-01
2.093615534102735598e+00
-2.846821681650579250e-01
-5.762270268755336211e+00
3.256211781556439977e+00
-2.769669196628674612e+00
-3.456558334604261651e-01
-3.457759198167332126e+00
3.277086986807558056e+00
-2.750818007545305477e+00
2.048059854768237376e+00
-3.550901607549142636e+00
1.576132156612596535e+00
