1.739071450027463550e+00
-4.271297061463516620e+00
8.668620326124131026e+00
2.824921452712527259e+00
9.756368433312384569e-01
6.190545827922393496e-01
1.751767112504109658e+00
2.623229623941499167e+00
-1.908195842282287114e+00
7.337694521860589347e-01
-3.109688813656959816e+00
-1.069450946432134897e+00
4.850077143782838718e+00
2.973849852932085813e+00
3.976209259972999233e-01
-5.239776825380201508e+00
3.007596609140039678e-01
-5.184517632378368823e+00
4.450601418466066050e+00
5.953605815346746377e-01
1.855007644799560929e+00
6.304337539589299766e+00
-4.297401340063897734e+00
-9.912308404272408779e+00
6.514226717718775150e-01
-4.655531756076809913e+00
2.160664926085906323e+00
-1.495818859504779441e+00
6.331579118566377229e-01
1.010793359504340350e+00
-7.234777502869716770e+00
9.726371611225048674e-02
-1.939474765739355400e+00
-2.392377575770053610e+00
1.887550469862036451e+00
5.479247535830326754e+00
-3.648754909973630500e+00
-2.640301751935828500e-01
-4.460523979798907135e+00
4.132633173782280345e+00
-8.182844986812521926e-01
-5.242698658663254463e+00
2.975005304297783315e+00
3.730531667562547504e+00
3.518219023686682601e+00
6.187078596608219350e+00
1.817298392576968569e+00
6.259327977061606596e+00
4.633594219868770736e-01
-1.951365723614288950e-01
-6.216273026811856006e+00
2.300050311301723216e+00
1.872891873162058518e+00
-2.626311017838877659e-01
1.577341733830816883e+00
7.667886395681877687e-02
-2.252254370799958716e-01
1.233566143777572899e+00
1.896749540113969790e+00
-1.461940131846678037e+00
-3.378775255126226007e+00
1.046289966503011648e+01
5.504210426972679038e+00
3.951159406326179457e+00
-1.898094464566174588e-01
1.724021176949416256e-01
3.754653539490696357e+00
-4.495902481613456736e+00
3.128298090953465227e+00
-3.529204415300841280e+00
2.489525779112363502e+00
3.624534549666880157e-02
-5.005698650439355468e+00
2.056405286257672937e+00
-2.680735157251684431e+00
1.590329631784427322e-01
-1.833613236535987623e+00
-1.769530807253392624e+00
-3.009326940256928040e+00
1.140225693299774523e+00
3.663624786236002517e+00
3.618083112204598439e+00
-1.320120755372961696e+00
4.330906699467355736e+00
4.976734572741838392e+00
8.841723438295823190e-01
5.001644206922933655e+00
-1.289309174289885007e+00
6.566643827784334420e+00
1.821403588519952654e+00
-1.701488269225295002e-01
-1.053041713308197291e+00
-1.009579368003130417e+00
-4.389866142669107685e-02
-4.739824810225075957e+00
3.305745148363665731e+00
-5.182044480347132165e+00
-5.842333036857239925e+00
1.480558218230104472e+00
-1.404741104571699983e+00
-7.958782613820296614e-01
3.188074497876486113e+00
1.505532698694900917e+00
-6.978391288716833118e-01
1.220667872301936629e+00
-3.358279108183345407e+00
5.762340671330655084e+00
4.883225209466993455e+00
9.434336653565222885e-01
-1.158031577187566441e+00
5.718627188393440974e+00
2.153631135447241718e+00
-4.482652656055933882e+00
-1.731231955238363263e+00
-9.514506896230948030e+00
-6.107960192693111523e+00
-1.070270013224115413e+00
-1.761984357920478583e+00
5.565213163234706606e+00
4.123647544062463588e+00
1.015536111840538602e+00
-1.166807742060609776e+00
4.833771844477241508e+00
-1.817879174481773052e+00
6.027524358411428196e+00
-3.401228579549405051e+00
3.561711132590931861e+00
-2.554781399238466477e+00
-4.353894842619819627e+00
7.362291375326589504e-01
-2.136620985981919851e+00
1.715644700878750539e+00
4.034363877482188165e+00
-8.147527508684575537e-01
-1.818928898297001107e+00
-4.835534997063883900e+00
-3.072030952227650324e+00
-1.343941469695848712e+00
-2.114584122391202747e+00
5.626542662836392594e+00
-1.083277661815716542e+01
2.747800509955278248e+00
-1.343859509542117747e+00
1.550607416682810158e-01
5.672207763615771947e-01
3.005808614471126905e+00
-1.319401977678481686e+01
-8.538258207062086047e-01
2.122624923457040236e+00
-6.113356617598611820e+00
4.029088903980786007e+00
1.792869843108651384e+00
2.025871554159786925e+00
-2.423543802403100411e+00
-1.091442929562111752e+00
7.236154922177044924e-01
-2.616705558375103102e+00
-8.058708396224184556e-01
5.965372035988381061e-01
-6.241245403647969342e-02
-7.367504155027582158e-01
-7.560457615899230932e-01
-2.307229195305560698e-01
1.707928080588064113e+00
-2.367516706281562744e+00
-1.307698643859656062e+00
-1.294901741359825387e+00
9.529196502722023787e-01
-1.255070326960650462e+00
5.354519453336847867e+00
-1.540362791984361546e-01
-5.310728089477272817e+00
1.680235124023446103e+00
-3.090429964469496582e+00
-6.154251227620325393e-01
-2.983120541905143863e+00
-3.475763323973120045e+00
-2.001297714036478492e+00
-2.405302246439394498e+00
-6.152886516137119344e+00
-5.375937882889986419e+00
1.122439814466559938e+00
-8.632467020994356588e-01
1.360901859178160755e+00
9.740664369566984782e-01
4.577511378185539215e+00
2.362036880057940103e+00
-2.136839201847365310e-01
-3.958265381133594829e+00
-3.412345323212373938e+00
-3.473556648415883963e+00
7.017820909353371661e+00
-4.510914563132130795e+00
-4.664332499308850188e+00
-2.966495908848554297e+00
3.003865121973763874e-01
4.129694353742287660e+00
-3.359936479881676874e+00
2.032471036881450477e+00
2.078188738778122602e+00
1.405044721139300457e+00
-5.227622161341188622e+00
-8.036988967531235595e-01
3.147151934634003112e+00
3.795829734319184467e+00
-5.866156053240643153e-01
-2.043750028198699997e+00
3.982095730157774849e+00
8.549230257547246747e-02
6.273953939966496307e+00
-6.647030313537499069e+00
-9.259033766190482018e-01
-7.666082705190235824e-02
1.340779110071974589e-01
-2.191137055306944248e+00
-3.231291618975933755e+00
1.927219188540917116e+00
-4.189406553916639631e+00
-1.444521031945452449e+00
-6.948397813491146158e-01
-4.025164470495391278e+00
5.896231729736581606e+00
3.981499413685098077e+00
4.380425964750195078e+00
-1.459895693450139031e+00
4.204345841344082402e+00
3.395998656669698690e+00
4.143302591169147675e+00
4.101312402486779085e+00
1.401707816318095601e+00
6.861073740911453278e+00
6.278759443625181458e-01
1.639780936671972444e+00
-8.932503433281125282e+00
-5.637102990678626746e+00
1.316986265190457805e+00
-1.703540579299448687e+00
3.110297285373305520e+00
-1.490681098130717919e+00
-1.141021954877561306e+00
4.977528368959443839e+00
-3.598947381393516665e+00
-1.491484508179512503e+00
3.667063332978419687e+00
2.288875878731064351e+00
3.846468133267109124e+00
-4.637085582323799748e+00
4.258210866756911850e-02
1.982107880773135822e+00
2.054248531501270958e-01
4.550145767573009259e+00
6.901215463257348581e+00
3.952642435370439244e+00
8.388712486566981541e-01
3.532895744670553118e+00
2.178064169554652540e+00
-1.682475662722209275e+00
-3.445182728310264508e+00
3.758501701545786222e+00
-1.510078405291771064e+00
-8.534791444045481956e-01
-2.456530666972809751e+00
-2.712213294343138070e+00
5.164434954879355999e+00
7.109578391631133698e+00
