-1.806405822364272273e+00
-2.227817071417739214e+00
6.020070736747415552e+00
-3.702687883788498890e+00
-1.636253755965517698e+00
-7.710763762430181245e+00
5.548154456744047280e+00
8.293910278651738466e+00
4.611373242433486119e+00
5.177606030837636375e+00
7.716806440820330737e-01
-1.049638428922865785e+01
4.538313051990248148e+00
-6.094203339077657766e+00
-5.348951854125028049e+00
2.743549203002460413e+00
3.795010319540533139e+00
6.334311809452401576e+00
-4.290188047195910848e+00
-4.660547123601014974e+00
7.470477294282958924e-01
1.131029466567314756e+01
-1.027406805574358195e+01
-5.694227626248840934e+00
-1.087583504953575897e+01
-5.127525836637010670e+00
-1.443974308015646635e+00
-8.155176723331948097e+00
-6.259063918968401197e+00
4.100396116125447854e+00
1.451606260749053856e+00
-1.068913148220623555e+01
-3.927618511383532685e+00
2.195013993900764571e-01
-1.344924477397947182e+00
6.446767188102808355e+00
2.835110245116098771e+00
1.122072792381813855e+01
-6.701421798557947618e+00
-7.427180431428026530e+00
-5.776695663473114806e-01
-1.744804568498413477e+00
-5.607153802019847255e+00
-6.912317972919079789e-01
2.886466431689176382e+00
3.868242942287990260e+00
-2.700876217322270456e+00
4.189213657654075718e+00
-7.510641262637030025e-01
7.906532771970069540e-01
-3.372174987313582672e+00
-3.796770055633540419e+00
1.437517269010298371e+01
3.809876022194015111e+00
1.302282008885082298e+01
-4.924057542035543911e+00
-9.683499039073475423e-01
-4.414086753054833778e+00
6.288432761835465179e+00
6.418820679763138415e+00
-8.454197232276181584e-01
-3.392379995862808695e+00
3.478806116316242925e+00
-2.929614023005577383e+00
-3.924106522296694877e+00
-1.455141363398967602e+00
2.253123575005076429e+00
6.508660144619798693e+00
-4.379062608065221518e+00
2.293050875717567827e+00
2.981219809317861014e-01
2.408976151621887052e+00
-2.559127311555260409e+00
-3.698162433780854741e+00
9.071868931913797951e+00
-1.903154463096390359e+00
-5.267705677004318687e+00
3.301857581320013058e+00
4.680569558532577723e+00
-4.082217647738028532e+00
2.271155690883622125e+00
8.631274003908233183e+00
2.351320235118412150e+00
1.528243672286314858e+00
-4.298938299446767530e+00
1.748246049896407417e+00
-6.175517770867533507e-01
-9.336749167267539562e+00
1.756612702679501092e+00
1.579115840295215456e+00
-3.512320435347167091e+00
3.455958500200342898e-01
1.149882573565350896e-01
3.474780010897490445e+00
-6.084895259235991283e+00
-4.353917721072740221e+00
-5.560307815134912346e+00
-2.093211157769951036e+00
-8.741368009939153305e-01
9.163169991738634224e+00
-1.086616111998715795e+01
-6.770584792581675337e+00
1.131215308607348202e+00
-4.239491745264366784e+00
-1.256272942533916748e+00
7.253037146792960854e+00
-7.884612264262866876e-01
1.067844985428548199e+01
-1.946319094187646925e+00
-1.681673335680186732e+00
4.161677940045854562e+00
-4.331666227405078784e-02
4.068343865471456544e-01
-1.259017759644994605e+01
-1.355755055633448558e+00
-2.041648436577224057e+00
-4.428353497120311566e+00
1.099829965454888425e+00
-4.294632284158779179e+00
-1.418781242263066389e+01
3.414402110241721910e+00
4.506146490344859146e+00
8.200684758909803307e+00
5.378742925150438836e+00
-3.506491692845023156e+00
5.774807265339934048e+00
-1.646225550455336251e+00
3.997687605348190232e+00
6.684858416143083515e-01
-1.084710800640411676e+01
-2.604633840435705228e+00
2.355610982092544603e+00
1.163800864344972652e+01
3.949658462958578031e+00
-1.188891961389146701e+01
4.780925891138384287e+00
2.032059380033272689e+00
-1.042755512490580294e+01
-3.942354903554580847e+00
-1.395571011119051352e+00
5.555728007537681812e+00
-3.008830618844491767e+00
1.277798870103658446e+00
4.409936771934130917e+00
9.157126780206198191e+00
8.697939897172293211e-01
7.271504036074804667e+00
-2.973524675656384009e+00
4.819342519494965948e+00
1.850399414261482800e+00
5.379516305909896268e+00
-1.567990170245078918e+00
3.710730801747049723e-01
-7.240985478446275714e-01
2.249730462374308182e+00
-9.796847461686175151e+00
-1.287230600682482518e+00
3.901534874220390581e+00
1.019454094431061719e+01
-6.920706880898913615e-01
1.212767622157555891e+01
1.591083401998694846e+01
-1.761671728468406695e+00
3.115713482736198969e+00
2.871907029252979804e+00
-7.132813733113830601e+00
-4.803793020087386623e+00
-5.572563506912629805e+00
2.661415895205690330e+00
-2.692329965578941664e+00
5.027463130743321962e+00
6.223252036539329346e+00
3.162851960646014149e+00
3.673750238560702819e+00
-3.293718327918738087e+00
-1.247434402483815208e-01
-4.065833333749778511e+00
7.334641458512161982e+00
9.298171055241928329e+00
8.835218147089063834e+00
8.363278249233363937e+00
7.348931066246425559e+00
-3.145522178905361788e+00
-6.345246278289936370e+00
9.389253893353874947e-01
1.861864679350007767e+00
9.226547067272103941e-01
-3.100361850900217764e+00
9.775056377828663656e+00
1.530745216225812277e-01
4.705798889005746943e+00
-8.246745152684784586e+00
-3.022188403959296110e+00
5.364370387300932741e+00
-6.211011847015270870e-01
2.727495696932029201e+00
-7.000665556927117450e+00
1.448873484809088286e+00
7.260024374380927625e+00
1.952036460330393020e-01
-2.035967881450583050e+00
-1.423388777606433031e+01
3.713992271265253109e+00
-5.264694347329591295e+00
2.346597613436077090e+00
-8.562360458460963386e+00
3.090414664277482348e+00
-6.678511393423736564e+00
-2.733526886362966923e+00
5.272668235659682345e+00
-8.264198318755985539e+00
8.910344237211809570e+00
4.607150320352221939e+00
1.384561145882067024e+00
-6.739914835348735700e+00
7.703411653795741110e+00
8.402351257791702110e+00
6.826832600278883945e+00
3.428563328943767807e+00
-1.516165350286173386e+00
-5.016771506676513948e-01
-2.626308993054053786e+01
-1.199134253399526351e+01
-3.273619564736385268e+00
-1.487627155889642561e+00
4.234254927640079824e-01
2.763846368379560214e+00
4.705451863272976709e+00
-5.709233918704653910e+00
2.632026408012460905e+00
6.909796871791956008e+00
5.805010259305833031e+00
8.373380852983276057e+00
-5.320857037123288613e+00
2.964058625966243810e-01
8.016722637973799692e+00
-3.085802050921166995e+00
-1.297194179222931565e+00
-1.454023075531536868e+01
-1.628302815536788017e+00
-3.698677567391875698e+00
1.571276546379933858e+00
2.112526757243143205e+00
3.840888850523667131e+00
2.040122363410964978e-01
7.104347196095531558e+00
6.970269144494777080e+00
-9.056297255236344768e+00
6.310520657302435943e+00
-4.235421822845508721e+00
-8.873610769251108366e+00
-6.647680282156667175e-01
8.578567078791712319e+00
6.528950477468886682e-01
-1.962396488926402727e+00
4.991361956823665125e+00
1.618218671811149978e+00
-6.563564290844214888e-01
-1.473113499307465046e+00
-8.642608380609141605e+00
-1.235430974503377133e+00
6.984062005765829362e+00
-1.023259198047797014e+01
8.023909762274653801e+00
9.689839536370532525e-01
