2.779883029443086961e+00
-7.109948785289984308e+00
3.177873712618553892e+00
-3.312398051181455028e+00
1.222617047390607947e+00
-6.156754321187061230e+00
3.652777358228715965e+00
5.297935350350422290e+00
4.422425036127091147e+00
-2.851439726169809896e-01
-1.224752656674901852e+00
-9.642165378383475982e+00
3.650703920562085703e+00
-1.973952879281013262e+00
-1.958718165562788993e+00
-1.300964141230390947e+00
1.334436749183266935e+00
8.945645966811003547e+00
-2.397149664539147018e+00
5.867957606990585884e-01
-1.438334871506137702e+00
8.472778396562851810e+00
-1.128974124648514987e+00
-6.891190282902163844e+00
-9.594587469251624867e+00
-1.093568270955371702e+01
1.087777338525021342e+00
-7.345712608645021291e+00
-3.617881487261495721e+00
2.014092940654702346e+00
5.862570371041325501e+00
-6.469886371328673391e+00
2.789736904621888391e-01
-1.781506183847305635e+00
-2.693447620099236772e+00
1.411814206796607518e+00
2.305985462916195328e+00
1.029373156331056549e+01
-5.593896131865430554e+00
-1.009875264795472560e+01
-1.448778318765295392e+00
-2.643301240759003523e+00
-4.135327060608957161e+00
1.205010151975807187e-01
1.643005165740577089e+00
3.336785192036781922e+00
-5.363048057459929296e+00
3.772484458823415654e+00
-3.897565112375506402e+00
1.130452553589442743e+00
6.301292885447813408e-01
-6.824320432035533290e-01
8.527224939980207807e+00
3.427327544954160921e+00
1.247264466727476417e+01
8.128010813437136495e-01
-1.473742974544456352e+00
-7.658992461301852295e+00
1.628463720081852584e+00
4.739860981822531905e+00
8.699294713668742629e-02
-4.564210755907470052e+00
4.083462932438833626e+00
-4.444651685170258659e+00
5.797410617296495650e-01
-2.607853975152099490e+00
6.028311705192271885e-01
7.342286508183101468e+00
-5.071749035584462106e+00
3.946907922983486472e+00
4.775194705400889750e-01
4.240341616411226866e+00
-5.367995760499785440e+00
-2.266666556730951410e+00
7.891221583076470480e+00
2.476829481038995695e-01
-4.873676657969871151e+00
2.552712203510919764e+00
2.977638252563491239e+00
6.480049265627163546e-01
3.306409977058387462e+00
7.434944507872749853e+00
5.353401480211822383e-01
2.087076340365614513e-01
1.569850503665507269e+00
3.706959306263019283e+00
-2.400884008237732292e+00
-8.916552077114060282e+00
4.106595277577352654e+00
2.931477127995503196e+00
-3.755030271065734837e+00
2.028948581872268342e+00
-3.131035305338961017e+00
-3.090927870256086951e+00
-9.944478073643475469e+00
-2.659930659732970160e+00
1.740320735370562977e+00
-3.266506560929599345e+00
2.143826643208016414e+00
7.882380336242809982e+00
-1.044477589002221229e+01
-7.793896860090955059e+00
9.028564451874711017e-01
-3.952986870461304925e+00
5.434895177457240711e-01
8.958301915150428396e-01
9.279156854590007164e-01
9.505173184041995071e+00
4.523260232181864460e+00
-1.235451523865185752e+00
2.381679857344528806e+00
-8.605239807329306823e-01
-2.265719314119015948e+00
-6.177221021484091246e+00
2.144662772478270529e+00
-1.357390414570825765e+00
-2.895249213224802887e+00
1.088802067941045726e+00
2.492875993985887439e-01
-1.172903717104641785e+01
2.394978543668326298e-01
3.374321331882329300e+00
3.890119223782786850e+00
1.154815939704539218e+00
-6.857214615183468531e+00
1.964912108058247231e+00
-5.235262018428032071e+00
6.438511866741825962e+00
-2.529640793818849209e-01
-7.763146028268734788e+00
4.014827089290419204e-01
2.356974043752924963e+00
8.472167502118237437e+00
3.717063173825386091e+00
-9.149221762414807557e+00
1.671645451012659267e+00
7.973861154851862310e-01
-7.513614644508914253e+00
-4.971665625617844420e+00
-3.755016451922018050e-01
4.071308262574296677e+00
2.370251885649306889e+00
1.760352867925033316e+00
3.063363097957856329e+00
5.450901236964297070e+00
2.717357597335617214e+00
6.747075722058008651e+00
-2.540434939957149751e+00
7.824035353433805851e-01
1.514901689209112723e+00
2.935194613110492234e+00
-6.634835675402206423e-01
2.862974344336952193e+00
1.824515440385999776e-01
7.908852203181482299e-01
-1.029239458997254708e+01
-4.576190832351723081e+00
6.243254027681864216e+00
5.332558043715141416e+00
-1.391491494065725698e+00
9.293142430504799378e+00
1.162782532477841535e+01
-1.984981753534739379e+00
4.296906484777578861e+00
1.379731125595126784e+00
-5.509799629378923314e+00
-2.222298016480626526e+00
-8.074460539320252650e+00
1.227542156982887045e+00
-2.138337513254328748e+00
5.622414651074240766e+00
2.449365147158955036e-02
5.512544450091644288e-01
3.661363378749909359e+00
-4.236416821432085200e+00
8.939073060352510369e-01
-1.899928896646051024e+00
6.203450302605623357e+00
8.495075816772743593e+00
8.109727878448186544e+00
6.650502081652748032e+00
4.164337414860120212e+00
-4.170299283213675379e-01
-4.289237894099523274e+00
-1.613551295290780174e-01
1.226574297276990411e+00
2.499601209707552840e+00
8.431778930218323254e-01
1.183569930432682682e+01
-6.756593417016664160e-01
6.911626261590019027e+00
-6.243985730458579297e+00
-2.419665464342414918e+00
3.322527794594152262e+00
2.466144407435295172e+00
1.852781192081768946e+00
-2.341457323567416093e+00
4.083247677284259858e+00
4.008946404958195764e+00
6.106014965904813074e+00
-2.111059658309216158e-01
-1.486323596045314765e+01
5.637492532804178502e+00
-9.338353484247832625e+00
-2.489291047496305698e+00
-6.647131829344298914e+00
-2.982760724746646996e-01
1.887814720004227231e+00
-1.735215065385213196e+00
4.442327780618462896e+00
-6.876237403876809928e+00
7.581282572275249265e+00
6.791321346208853527e+00
-2.760799832569000856e+00
-6.500717051482515885e+00
6.509149740350252067e+00
9.551671919086963669e+00
3.552261478158524888e+00
7.622510136357785182e-02
-2.576735676507350359e+00
1.339108057196609081e-01
-1.514589449809233734e+01
-7.632512169507952748e+00
-8.216472069991702654e-01
-7.884861459545047802e-02
1.941417088521652845e+00
-5.517512941768680790e+00
3.761464997012398559e+00
2.473305553146397884e+00
2.078251094895890994e-01
9.508966494018121551e+00
4.896541195646973987e-01
8.250719692839270536e+00
-1.550303448176024945e+00
1.284836958673801544e+00
7.432028830296444788e+00
-1.093053698649613104e+00
-2.311197775243234442e+00
-1.095609031751023998e+01
1.151842576873776558e+00
-3.574138325163251473e+00
3.922590982789408098e+00
7.555831112085837908e-01
2.305914569213301846e+00
1.227658391770494184e+00
9.460618972182848196e+00
1.282765965025567834e+00
-5.403021358334030744e+00
6.592582463035821405e+00
-3.762823353889014122e+00
-7.945253154268222318e+00
-5.821519741893323996e-01
7.372711474083705419e+00
1.845204443049083931e+00
5.065769659732964669e+00
2.514713329906644645e+00
2.156598663644910374e+00
4.425564228240110864e-01
-4.873483093699322866e-01
8.073026654857144990e-01
5.118475286788189971e-01
9.338354232840158087e-01
-6.758661738478694225e+00
2.499976400253447473e+00
-2.430808416626997648e+00
