1.972920163486023837e+00
-6.008842815251355773e+00
5.195341092980777731e+00
-1.918408719559599351e+00
1.186480965114673936e+00
-5.244272776618685405e+00
1.949041947880173042e+00
3.797714483501550831e+00
5.496080750243137025e+00
-2.160465508053305950e+00
-1.434425720016170969e+00
-1.332141391891260795e+01
3.138590961688327852e+00
-2.275212959115146205e+00
-1.281137097439625894e+00
-1.353779412524831249e+00
8.844560299498923639e-01
9.154721752351976605e+00
-1.852804475875769796e+00
-7.760996382716778275e-01
7.377408986865108265e-01
7.649206125045211024e+00
1.879306483893497859e+00
-6.180747955713254527e+00
-9.327899319245039678e+00
-9.714235435714485334e+00
-6.018683640529448597e-02
-6.512733296726358034e+00
-1.419980388019763673e-01
9.778742571968364050e-01
4.321288159761937919e+00
-5.740012890431690273e+00
-7.690288271236438433e-01
-3.287265753582667926e+00
-2.579498892004250976e+00
1.992037237900771807e+00
4.349772074086963869e+00
7.463775722036922744e+00
-4.742161791095560908e+00
-1.178643935223321293e+01
-9.763322018338947972e-01
-1.346964025012727717e+00
-8.076986048685517172e-01
3.039768646087623316e-02
-2.268045660465057844e-01
9.726763837651724032e-01
-5.304372900142185543e+00
2.101105822050013394e+00
-4.620331622092360035e+00
1.453179915789214016e+00
8.077043350482115969e-01
1.125968785374930725e+00
8.797785192289186540e+00
4.550947543404456397e+00
1.100923982229750564e+01
1.056291743660573657e+00
2.689859891470469666e-02
-8.021081028375830257e+00
3.070025183713007255e+00
2.462009943136704404e+00
-1.221068568091767448e+00
-5.654254213871555024e+00
4.832412494282502635e+00
-4.957155527364068170e+00
1.153396957171147208e-01
-2.085658512605087500e-01
1.101597742514973888e+00
8.759997734954891868e+00
-2.534213120227882587e+00
4.068078264169987968e+00
-1.232478182557678326e-01
3.556917283514780870e+00
-6.122700598419263507e+00
2.352374772169568695e-02
7.817333740862624225e+00
1.039819671603596118e+00
-4.173434932343679016e+00
4.342123461078315927e+00
1.601441173719695188e+00
1.835507233257302473e-02
3.122170090485578697e+00
8.071200123249100855e+00
2.526971088513735975e+00
-1.270482086837425140e+00
1.285654713771949620e+00
5.672664540069225048e+00
-1.815518377322236976e+00
-9.123212050735176604e+00
5.519039314439418753e+00
2.289075760910230350e+00
-2.836923668062484083e+00
3.573968800336711382e+00
-3.648500507771916368e+00
-4.266833449400417422e+00
-8.735585672007252001e+00
-7.317344456368741756e-01
1.277604241758864667e+00
-1.209277389299014516e+00
2.294969663088794132e+00
5.613512636862221683e+00
-8.229045769049482928e+00
-6.424421791753220035e+00
1.226340271880388189e+00
-4.027026408428321602e+00
2.682456845385727817e-01
1.925074738593015811e+00
2.220473582688084591e+00
7.432515526814436058e+00
3.220453624795008185e+00
-1.661692442369724132e+00
7.817548886021230548e-01
-1.753098546135663183e+00
-3.045435462057827225e-01
-5.703812829512715510e+00
3.718988679794574814e+00
-3.312305121766660143e+00
-2.772804072682361287e+00
2.188235428974063090e+00
-2.440269237235618560e-01
-9.755311222171410890e+00
5.065173634822475179e-01
2.930892642111522672e+00
3.719121059264109963e+00
1.474393196491451619e+00
-5.478864949323662970e+00
1.536462216496139455e+00
-5.258613503881008455e+00
6.149611919644382141e+00
-6.955294514606594758e-01
-7.412647883035657692e+00
1.968972108999627046e-01
1.779956667942748538e+00
1.247279282531593658e+01
4.659613506861505883e+00
-8.679678084409358618e+00
2.039608608547364810e+00
1.257505353797768732e+00
-5.745494552495875595e+00
-7.365147264572216912e+00
6.995692416563910054e-01
3.100581416957139513e+00
1.803644968136046689e+00
2.657410107225599005e-01
2.636335749828919717e+00
4.472381848585437858e+00
4.527277949238629695e+00
5.750744215623778466e+00
-3.339861895396188718e+00
1.649516850615894814e+00
2.543242599047590424e+00
3.389736365141400753e+00
-2.762919847005907759e+00
-6.534122546543286170e-02
-5.414218599487727879e-01
-1.993801572808151068e+00
-1.006253594301480447e+01
-5.604561735409268053e+00
6.754069305807435697e+00
5.728771496280566922e+00
-1.912374574372724068e+00
1.007015820863763977e+01
1.088378627196413895e+01
-2.435103858732415638e+00
3.414405298398888178e+00
4.235567263891110379e+00
-3.959822140845274951e+00
-9.578506390329667441e-01
-7.340954531985746101e+00
1.874898856194515684e+00
1.807358991986862326e-02
6.549181522122551335e+00
1.277677167239526623e+00
1.778773969306189917e+00
2.599924907478094571e+00
-4.670488975290111533e+00
1.929957805842638541e+00
2.222156009914101338e-01
5.877188152569197577e+00
6.496616495624599530e+00
1.023294970095227185e+01
4.671943682992108826e+00
4.033023073553263060e+00
-1.979205985817636959e+00
-2.455689406651858420e+00
-9.581279976257468523e-01
1.086130415942028749e-01
1.763096427316238390e+00
-8.014126524312275013e-01
1.175322257847909491e+01
-4.271517482996529669e-01
6.368108758783595391e+00
-4.065270092300298899e+00
-7.258095835784534877e-01
3.223376629051106335e+00
3.910340307459795550e+00
1.479897805826121626e+00
-1.401489660633416179e+00
5.155563552838956731e+00
4.794301599019425097e+00
5.003359419549798126e+00
6.105905623350436073e-01
-1.412357282736826214e+01
3.203658368885534458e+00
-7.613511751421983220e+00
-1.642636019300261152e+00
-7.091191613548250672e+00
-7.889514831452639765e-01
3.822499392261891948e+00
-3.364258507660121023e+00
6.403221507027888393e+00
-7.105290111049056279e+00
7.916367271915076387e+00
8.121862316572652674e+00
-2.872887915919901669e+00
-7.258579687291850213e+00
6.840515809682099935e+00
7.437697785134744777e+00
3.926791875669185305e+00
2.495338252669331847e-01
-3.488678877355300134e+00
-1.331317384191038178e+00
-1.465734706984829394e+01
-4.375182716146717610e+00
-1.382408740549557091e+00
-8.378981464135163426e-01
8.889429490830336178e-01
-5.545586816568076394e+00
-1.621923377033029912e-01
1.096199444685533431e+00
-3.097842567680760828e-01
9.703903158054808742e+00
1.200825298508362060e+00
7.858736296392928367e+00
-1.656286317269850539e+00
1.608172040869696229e+00
8.023423573879977511e+00
-2.660533306138461285e+00
-1.877712508386220502e+00
-9.447778133618026430e+00
1.737371627713372613e+00
-4.822184708329618097e+00
3.580158403940767453e+00
3.051190797536333932e+00
2.172755156215109729e+00
2.047082436354152435e+00
8.330885442844225608e+00
5.705625555842124275e-01
-1.033212794458255601e+01
6.417013502036486017e+00
-1.400999762971617768e+00
-7.774789408844167582e+00
-2.264783047847791497e+00
6.289575837330805719e+00
3.927370871016360621e+00
3.878844329575439787e+00
1.507525479226949683e+00
4.445384934510192565e+00
2.462522311257941965e-02
-6.402942733203927927e-01
-1.988647582426614324e+00
8.845080908069490322e-01
1.487949866768716767e+00
-3.664281544799121715e+00
2.324171998374496173e+00
-1.823502380131028833e+00
