2.234135823258757814e+00
-7.177334807415849838e+00
5.479818272171633531e+00
-2.245594725501121935e+00
9.467164364468920734e-01
-4.986397388826858901e+00
1.739455425449785375e+00
3.716183791118924162e+00
5.743713505065826119e+00
-1.490233408140680726e+00
-8.368837351811798664e-01
-1.314021527666232636e+01
4.599714571901561300e+00
-2.980215429413012096e+00
-1.437589388052424866e+00
-6.878739848385971856e-01
6.276218057094546943e-01
9.687558181428292059e+00
-1.248203876256401390e+00
-2.221876218335002706e-01
3.203347609554341169e-02
7.780079954783220231e+00
1.642757100756816246e+00
-5.726123024661216476e+00
-8.317675884617724336e+00
-9.434663166798074485e+00
5.258516268534673133e-01
-5.455078044991465092e+00
-3.085841987678328291e-02
1.010310282663499093e+00
4.949809805562029652e+00
-5.005891419748113691e+00
-1.359506394583439359e+00
-3.346443678411736844e+00
-2.397750776397567396e+00
2.586189332327024637e+00
4.499492493618898692e+00
8.185983746991285059e+00
-3.830782765265022594e+00
-1.118975086523310125e+01
-1.781841808203686206e+00
-2.097928992448412799e+00
-1.314739504490874289e+00
3.230326190839102884e-02
-5.208141962386220181e-02
1.747390121125373952e+00
-4.073437244839879234e+00
2.321142039229247889e+00
-4.457869864445477504e+00
6.352111303860296099e-01
1.066448329018703900e+00
5.753659763784554348e-01
9.281586489313836452e+00
4.507264847915043227e+00
1.115357186668995304e+01
6.697976577267898968e-01
-2.004016170002302921e-01
-8.935056523612706414e+00
2.350676238197849433e+00
1.733414955614660302e+00
-1.027548906542148810e+00
-5.671443423512935844e+00
4.525806449187819602e+00
-5.869506990267515434e+00
2.224486167758351618e-01
-2.783271714086006376e-01
1.206748181316146251e+00
8.992363268707176616e+00
-2.800595794509834313e+00
4.670447808704983217e+00
3.406040885397144669e-01
3.589829219212655520e+00
-6.309359783904421981e+00
-8.197653145874297387e-01
7.652645477199294000e+00
2.393675907917532375e-01
-3.752574774782281519e+00
3.768467838001402281e+00
2.686965191137665077e+00
4.979259121856701165e-01
3.286706902088842419e+00
7.978212881424923353e+00
2.701998542628475164e+00
-2.088114246761735071e+00
8.800725645425900856e-01
5.354308230568777915e+00
-1.825630798342632088e+00
-1.002754842047882988e+01
5.427647176707826482e+00
2.387187541950232639e+00
-2.887773310555836748e+00
2.712602458216708090e+00
-4.553803817071241156e+00
-3.628188130430995528e+00
-8.838061069206839093e+00
1.894872780714547122e-01
-1.672422598468442656e-02
-6.627318347763854200e-01
2.520449240786714284e+00
5.911975300452985138e+00
-8.685513389453838329e+00
-6.624973132375400198e+00
1.195997686088564160e+00
-4.179403112420392752e+00
1.170500210255466689e+00
1.639036189734328852e+00
2.220405822475330471e+00
7.870429142043627202e+00
1.998779474027269076e+00
-2.007142525510534181e+00
1.056346004681434358e+00
-2.588286569342472365e+00
-3.512408814473628182e-01
-5.755472289047496304e+00
3.126634432913395933e+00
-3.331303163024336378e+00
-2.483348262079435820e+00
2.960614379059541612e+00
7.755520931608077539e-01
-1.075135568081153359e+01
1.622418204597904368e-01
2.676589834981434102e+00
3.485851471809433999e+00
1.832352311980848247e+00
-5.265522654822590631e+00
2.009028794669172946e+00
-5.746494227226199847e+00
6.349351697598418554e+00
1.102541386388963818e-01
-7.326812868180207161e+00
4.739838726315923068e-01
2.114315670661881086e+00
1.229490346235669840e+01
4.476973204145435759e+00
-8.201063083783683538e+00
2.155559545434650115e+00
1.876047660833690456e+00
-6.984057338424689121e+00
-7.657325262834318913e+00
1.442064696308563265e+00
1.738878729773549736e+00
1.677649586537170112e+00
5.151637316711918935e-01
2.150532126839101998e+00
5.216361158914864404e+00
5.114547236136528063e+00
4.583238130898005913e+00
-3.017876499281060276e+00
2.168534281509320483e+00
1.435017358797599618e+00
4.007457648572176012e+00
-2.719131102164926705e+00
8.397024758225410945e-01
-8.480079110080280813e-01
-1.925713985374297055e+00
-1.037801360962109420e+01
-5.298245107632555850e+00
6.158625677087038675e+00
5.442070902028562251e+00
-2.061893144964417779e+00
9.900891564420946978e+00
1.153693011444947203e+01
-2.401352950297421351e+00
3.807976433834094010e+00
4.630973704636384802e+00
-3.884045692516803872e+00
-7.853497884438215282e-01
-7.463617311156054868e+00
2.612585533274585536e+00
-1.665141003280078968e-01
5.664117333916449226e+00
6.517841918926536859e-01
1.760395977682583046e+00
3.113658447523953932e+00
-4.613569874999424059e+00
2.675340575143617006e+00
9.596121997108554569e-02
5.962697370258241314e+00
6.234980249704110911e+00
9.812835747899919525e+00
4.797818058452345547e+00
3.777351711407111789e+00
-1.207355504355732911e+00
-3.354023005165054805e+00
-2.946450085666896812e-01
9.946061055803318007e-02
2.182410875852529131e+00
-4.044347076327488022e-01
1.143307854952915115e+01
-4.993293519623396293e-01
6.139653256240190871e+00
-3.976567679339449768e+00
-6.361879087675762490e-01
2.906514182967137039e+00
3.664722465648895255e+00
1.316074899575726764e+00
-2.036733131389346863e+00
5.056258172769869219e+00
4.820294592542942347e+00
3.963789685885032110e+00
1.407417448064041954e-01
-1.410292086816809132e+01
3.563310092506280391e+00
-7.217443519562092291e+00
-1.868366286745409610e+00
-5.705243224864679163e+00
2.462812591326624667e-01
3.774724256751862850e+00
-3.323397070780042206e+00
4.915424331284844683e+00
-7.931928258714679103e+00
8.036150556523596222e+00
8.454957058793196367e+00
-2.936610724614189483e+00
-6.937312407914164147e+00
5.989059899956034272e+00
7.601943321797058672e+00
3.659322905973477980e+00
1.510006020959617112e+00
-3.286742759130949487e+00
-2.533588399099157229e+00
-1.437733501976125439e+01
-4.460506982825564570e+00
-9.688727194545583288e-01
-1.501444750723690769e+00
7.008366576321291008e-01
-6.672575284467156642e+00
-2.810461689359255999e-01
2.096621010773529470e+00
2.425423510903881308e-01
9.371993566051882496e+00
4.919795600831601279e-01
8.413630933941508516e+00
-1.071338120217632417e+00
1.477629879818068037e+00
8.877992364443596074e+00
-3.194373743628128537e+00
-2.408691485047909531e+00
-8.990768185276444058e+00
2.166622172206078112e+00
-5.061080481290187727e+00
2.466338060078095307e+00
2.794346618380956659e+00
2.848451762047205627e+00
2.296996434111545415e+00
8.898764012419000835e+00
1.235570082013740301e+00
-1.105685669000451909e+01
5.726094940498215990e+00
-6.426336126576707164e-01
-7.711062684358258146e+00
-2.248214447394711435e+00
6.686851034935283877e+00
3.735982195757696633e+00
4.304201428249438521e+00
1.157782550757812556e+00
3.715548277778709441e+00
4.571145365751434486e-01
-1.227921116840746119e-01
-1.660324169338516009e+00
1.746026658770278628e+00
2.088183973194207788e+00
-4.373152662146145175e+00
1.744160199203146577e+00
-9.283945321214621682e-01
