2.917054747136434312e+00
-7.220177871864040142e+00
3.716170450084435473e+00
-2.731288724773127008e+00
5.485089469426207565e-01
-6.264960664404246593e+00
2.792988161447298889e+00
5.979984812868859301e+00
5.266882144220398132e+00
-1.309035922171634558e+00
2.682297752301969762e-01
-9.586868001346193324e+00
4.345248825042226315e+00
-2.995054788041826566e+00
-2.497884390046354763e+00
-6.914839605585280102e-01
1.800377199329908362e-01
1.124314790075166570e+01
-3.153376988448254536e+00
-1.475143839542683577e-01
-1.409727903619694800e+00
8.693170075619088166e+00
-5.361783924357503839e-01
-6.878950039037658115e+00
-1.019643285613838302e+01
-9.986386690845112213e+00
5.050448346673785949e-01
-6.613073638387804820e+00
-1.818884430459397850e+00
7.781435560841531984e-02
5.948849984669356772e+00
-6.046029426677440810e+00
-5.869458546096235629e-01
-2.359977236406145984e+00
-2.596214696786068199e+00
2.093863105481504672e+00
2.916007055503462730e+00
8.236181586778482000e+00
-4.957512407191735804e+00
-1.057877768588667244e+01
-3.140454002061191741e+00
-2.972696259248264194e+00
-3.915697533139924413e+00
3.872522082132699439e-01
1.182183283325018319e+00
3.739312461211112382e+00
-4.589283929241934956e+00
3.709619038112117462e+00
-5.077838440288342525e+00
9.415893534794164133e-01
1.120594489621268064e+00
8.731247342640169329e-01
9.363053814793307339e+00
4.089240685687080656e+00
1.256454111236803506e+01
-1.202145766530560156e+00
-1.393935032638861315e+00
-8.041331636361691793e+00
1.112047908628202020e+00
4.082983000416515296e+00
-1.013741521201971807e+00
-5.971335928620272071e+00
3.620372149029844611e+00
-4.459377209366899741e+00
1.136453539382537015e+00
-1.210206325112584524e+00
1.164638482607988079e+00
7.342831953404917122e+00
-3.951199071962308462e+00
3.491194919753022319e+00
6.814012087883913882e-02
2.196020968240363302e+00
-4.510610678607609891e+00
-1.830905043459233994e+00
8.236059104979737810e+00
1.344343528042007740e+00
-4.870123949928944818e+00
2.896787777716832046e+00
2.434742996453806985e+00
3.799006514831717585e-01
3.559709055597128913e+00
7.561285634419437685e+00
1.657881584052428803e+00
2.341089750256662438e-01
1.650276238137029727e+00
4.659004207183699897e+00
-1.315900325549400840e+00
-8.561176058178693538e+00
3.528738863609953924e+00
3.757081070241534704e+00
-3.415999981288618148e+00
1.934816548637536604e+00
-3.971291567633891351e+00
-2.891166682949677824e+00
-9.731454428925626843e+00
-2.120502780566630552e+00
7.364606626451183358e-01
-3.007403986267466856e+00
1.932087468177726031e+00
6.901512793163647963e+00
-1.064012990066749254e+01
-7.471933883585069047e+00
1.189416525790876644e+00
-3.872196625479792598e+00
-2.482169161946493618e-01
5.825010539588632019e-01
1.084074902795197470e+00
9.216097825037159907e+00
4.414575428836356785e+00
-1.234124083580457665e+00
2.803133264434496841e+00
-1.553024796276974540e+00
-1.337243349676277893e+00
-4.389748753946313364e+00
2.540666069364549084e+00
-8.344679979033841066e-01
-3.751268192136326896e+00
7.452327885432701304e-01
8.146681776512743056e-02
-1.201190648354739920e+01
-9.307638326853767685e-01
2.633085709890399695e+00
3.478749480380716630e+00
1.512199397831893277e+00
-6.050625334882441031e+00
2.025570176815816748e+00
-4.826359242177513664e+00
6.081237072780220743e+00
-3.569216327347354278e-01
-6.533364939783148806e+00
-8.508683654162405574e-01
1.231618303994064689e+00
9.913206022934437200e+00
4.044443521165418609e+00
-8.725733872858844720e+00
2.171676598006890835e+00
1.051500396864437636e+00
-7.412758014812927954e+00
-5.888106914276892034e+00
-1.077796536835633034e+00
3.955851314816023034e+00
1.708562714967393870e+00
9.386603129579604854e-01
1.701585272876793731e+00
3.887732246851505646e+00
3.376611338888974245e+00
7.462803404032464449e+00
-2.154250955221312935e+00
1.940206816375428245e-01
1.668971023385684704e+00
4.008557662514498077e+00
-1.003010208486755594e+00
1.877664708357377865e+00
6.339033573003811650e-01
-2.735541172262090370e-02
-1.074793399642213032e+01
-4.374112481944426811e+00
6.867089166287525970e+00
5.360347493267331842e+00
-1.977376895268931012e+00
9.290766860146332462e+00
1.175523154242015522e+01
-1.795939876219619702e+00
2.631547499235984411e+00
2.308646826256787410e+00
-4.252293075107324682e+00
-2.003860535396176701e+00
-8.237927587819450892e+00
-1.132189934522289665e-01
-1.103303236722447123e+00
6.297169731576701679e+00
1.314384554737979771e+00
1.704621779763925371e+00
4.318774859650554632e+00
-3.713263837392343003e+00
1.683309474279245377e+00
-2.021507888886258097e+00
4.724365132950399726e+00
8.472896187169949300e+00
8.236933445634463169e+00
7.337444810477673052e+00
5.243036858036890457e+00
-1.195437653460575955e+00
-4.696593262560376125e+00
-1.597479291488788089e-01
-1.828263785912904726e-01
2.032831060055288575e+00
-2.416972427635006027e-01
1.087184651100177746e+01
6.443829224291652835e-03
6.804070048871669663e+00
-6.209981893280000165e+00
-2.914309547498612041e+00
3.337394047404965036e+00
2.157015360578142804e+00
1.119304141278425924e+00
-2.000064168906792617e+00
4.966763391565415020e+00
3.394509922020700010e+00
6.107257078539820583e+00
-2.199588891143054170e-01
-1.469259541036573857e+01
4.055282669930219797e+00
-8.009851454364969925e+00
-1.629442473724689089e+00
-5.819600445599765415e+00
4.502900531054140898e-01
2.023673176314030098e+00
-1.698174688862420734e+00
4.312999044103017710e+00
-7.621175873061908135e+00
7.078020462828497728e+00
7.143706822049116667e+00
-3.425674846570578413e+00
-5.012962786093513756e+00
6.713533127891703423e+00
8.954879044270613875e+00
3.954289401421228867e+00
7.787429551060567334e-01
-2.798870309635589138e+00
-1.771827996224586421e-01
-1.529383087958716558e+01
-5.588405989144897390e+00
-5.698192743644698854e-01
8.633609562452859709e-01
4.073077966856411436e+00
-6.640791830472953627e+00
2.913787400703639729e+00
4.419455035061244708e+00
5.763194901424698591e-01
9.701421563900863632e+00
-2.819382593727384201e-01
8.297872552765287679e+00
-2.022524277709276674e+00
4.980370296538716435e-02
7.295290313867822896e+00
-1.368793886293231177e+00
-1.844214589828964135e+00
-1.145710866373866033e+01
1.466112306548651656e+00
-4.557391731044118544e+00
5.341867137930656817e+00
1.059818398769559966e+00
1.076535895684247679e+00
1.453328768178916430e+00
9.475653351980573902e+00
2.282249492085156817e+00
-6.133460927370747662e+00
5.150113838673230582e+00
-2.541571232171986772e+00
-8.753432409212784648e+00
-1.851745155917569496e+00
6.231436682651761316e+00
1.505716506463538051e+00
4.641466840409653294e+00
1.825269942990131344e+00
3.357014241151601297e+00
6.387587536523964271e-01
5.918572370275215766e-01
1.433297860806555191e+00
-9.277853848620131183e-01
1.410532742373130644e+00
-5.724468250040828821e+00
1.518521965991806999e+00
-5.979194727592429537e-01
