2.093958411157031740e+00
-8.033220665511494829e+00
2.504262683765054120e+00
-3.559451294310660430e+00
1.538191484643684381e+00
-6.593481019520863740e+00
4.707135980639050032e+00
5.738241716140811022e+00
6.252474274088188011e+00
-8.522347280241276968e-01
-1.985981285606229774e+00
-8.934868467436215766e+00
4.394732106794091209e+00
-1.087694182632875428e+00
-2.630195372065700976e+00
1.524137972719405709e-01
1.255851152580762520e+00
9.285978020434404456e+00
-1.345715969343558083e+00
-5.822981073824965437e-01
-1.079509038579589131e-01
8.198674507155892854e+00
-4.163523816388970400e-01
-7.190771571850012478e+00
-9.910193890358053537e+00
-1.209964807186439373e+01
-6.117199636427959053e-01
-4.952621116679503999e+00
-3.088141293492487005e+00
8.798224344264197194e-01
5.028526433210117830e+00
-7.893993114344805662e+00
3.718226976723595922e-01
-2.273816619431011876e+00
-1.460878140805554670e+00
1.801420664102046043e+00
3.769657109597376099e+00
8.502803298071540894e+00
-5.153308847715496910e+00
-1.003143393391932392e+01
-6.988022544652803258e-01
-2.637194785670105457e+00
-3.699802029802881975e+00
3.150362908298106612e-01
1.089553679464004388e+00
2.920650159695143522e+00
-6.242183868915077483e+00
4.513142887099135692e+00
-3.795386449542446972e+00
2.869332702214369313e+00
-1.018795577860180379e-01
-1.869953948990855430e+00
9.520206250728163511e+00
3.870377450931518304e+00
1.243151817837802930e+01
7.793930985200255013e-02
-2.666471662482651883e+00
-8.208257461696337742e+00
2.171793548114815398e+00
5.032966330016495071e+00
-1.341869404125313192e+00
-3.462488307664438825e+00
2.984274801346662009e+00
-4.705298609650938602e+00
2.525773038528482228e+00
-1.827505750946395002e+00
3.973109344005834043e-01
7.185480905007660013e+00
-3.403708110686136656e+00
4.382782619040939132e+00
4.162391698446079591e-01
4.335476413269185869e+00
-4.961845543861494789e+00
-2.796402634446454094e+00
7.507581447936750862e+00
-3.231523602654452487e-01
-4.425498911524383239e+00
1.674792114958469691e+00
1.373532771970202848e+00
4.890232739563287745e-01
3.148126424344010132e+00
7.949599434460013825e+00
2.517482652900528972e-01
6.480519427930668819e-01
5.691915957581725749e-01
3.965994405784061261e+00
-1.191245126525694031e-01
-9.478031931350066941e+00
3.212527930723616088e+00
3.254866217510556048e+00
-4.114116299449952052e+00
2.157478527731476525e+00
-3.972338101695601864e+00
-3.784870511240599367e+00
-1.045174428945656864e+01
-1.227705762716718718e+00
2.316835377251087014e+00
-4.116290887545770438e+00
1.525928488287627394e+00
6.931396924724531949e+00
-1.136700775229344451e+01
-7.758401013662345136e+00
1.713750234050403221e-01
-2.937643229711033754e+00
1.176006627444892594e+00
6.815182759842975946e-01
2.052115387285924797e+00
9.066083016581353959e+00
3.131226330663661628e+00
-1.223856117061229876e+00
3.422578149740894915e+00
-2.604488779893739281e+00
-2.081054229495856056e+00
-6.042154436459117761e+00
2.740310983606005557e+00
-1.481876403846237977e+00
-4.565388984948908657e+00
1.284874845547790301e+00
1.168489099219554017e-01
-1.190187526643671667e+01
-2.977337920477378663e-01
1.895643355158890042e+00
3.638777681177141510e+00
1.869167579359920062e+00
-6.952744458510644598e+00
3.247582116810939556e+00
-3.940255232747892133e+00
6.632384791164469995e+00
1.773096098335354975e+00
-7.777579976518468108e+00
-2.273243743285942919e+00
1.849169903485647692e+00
9.217340180312691089e+00
4.530223094180497512e+00
-9.465844244949506603e+00
7.815488397937145892e-01
2.026655131145877586e+00
-8.366275582715672954e+00
-5.079491312246708468e+00
-2.979627392162037536e-01
3.961766254752650873e+00
3.397269098518988173e+00
2.297564479390966419e+00
1.917189989488251145e+00
5.167351340740722776e+00
3.388921532128969183e+00
7.684527078877903428e+00
-2.518856814955010570e+00
1.974711741903984574e+00
5.073097139508492281e-01
3.079175391368123016e+00
-2.983457932459598894e-01
3.862649081853358091e+00
2.273525198080569965e+00
9.803418837470107006e-02
-9.506173360443645137e+00
-5.026461431757626386e+00
4.913409230536977645e+00
5.420382066395681875e+00
-2.061059029182133351e+00
9.163202420546758376e+00
1.217821688658497337e+01
-1.447017302985524223e+00
3.068468671978593409e+00
3.683724498289608462e+00
-5.944167710938009996e+00
-2.214842439299900434e+00
-7.535656987774170368e+00
2.941056240780943742e-01
-2.546335431426179685e+00
4.383151726876892695e+00
2.501239612993935602e+00
1.063050281541957798e+00
3.522757402756395706e+00
-2.697941705155538550e+00
9.891099268411873702e-01
-2.434379208937681671e+00
4.833994202947567764e+00
7.964958896597475579e+00
8.828623556622659407e+00
6.745697580206200250e+00
5.473167631317409132e+00
-3.100424406787267162e-01
-2.267592671342986588e+00
-6.671266551722210281e-01
1.649224681485794708e+00
2.287599949493782425e+00
1.319452567612058869e-02
1.141387422189007061e+01
-5.145076659179327605e-02
7.369556414166412495e+00
-6.031844761946625333e+00
-1.811042068439036701e+00
4.115240740607701397e+00
1.570986577083367308e+00
2.892168819394750567e+00
-3.774132849183328364e+00
4.018541402696864218e+00
5.429115109095696390e+00
5.248345097307462126e+00
-9.706743686939918181e-01
-1.187436517401956593e+01
3.223634142160942240e+00
-7.742138278044158106e+00
-2.545685574710576216e+00
-6.538068781349401171e+00
1.707805345058029944e+00
2.121723064151057603e+00
-1.735313618142837466e+00
3.633286030514119247e+00
-6.961841329581929472e+00
7.751644843569462040e+00
8.420055194005636068e+00
-3.584339751302223487e+00
-6.580443317451637242e+00
7.987830590248999663e+00
1.089510239726406837e+01
4.256876510601406594e+00
2.828777611407001791e-01
-2.415012736247318159e+00
-1.249889462209240465e-01
-1.507304900593270069e+01
-6.854449185471604089e+00
-2.117655043811319526e+00
1.100804411477274980e-01
2.123231803137408225e+00
-6.232578363700323365e+00
3.747550033664790448e+00
2.066875581917129168e+00
1.197473564707939031e-01
9.426193249314895439e+00
5.037813700255641125e-01
8.890912520415440667e+00
-2.287632315925119286e+00
-1.113522513367490197e+00
6.305732269019351577e+00
-2.356383273012607749e+00
-2.504439433062162212e+00
-1.145661344902432610e+01
1.674245543519407020e+00
-5.058903272403084017e+00
5.011834226632882583e+00
8.156722894482344444e-01
2.100368793225204644e+00
1.914056847053237531e+00
8.671344463530358482e+00
1.576702409335425159e+00
-5.989193817792362928e+00
5.664001101681304995e+00
-2.538417415253420906e+00
-8.794794986582047613e+00
-7.083906298439391902e-01
8.596325064099985980e+00
2.673941569042864952e+00
4.665158364295141524e+00
3.275199354921819239e+00
3.396011026725321180e+00
2.585100390771303047e+00
1.051588542225125877e-01
5.735272232430921324e-01
-2.088532160598559173e+00
2.471510970970381749e+00
-5.490341333284091796e+00
3.692052095042119397e+00
-2.283336098347535703e+00
