3.417460025497869758e+00
-5.382481616564909643e+00
5.117488672729778365e+00
2.753655830773003022e+00
1.226026235336181269e+00
3.109528516424087119e-01
6.696879706589449477e-02
2.017613763822841744e+00
-1.154961094541449240e+00
9.423881724999616516e-01
-1.340652059196116852e+00
3.302455446647000192e-01
7.048809273329641911e+00
2.841502081924752510e+00
-4.465033100005176614e+00
-7.267847085845602351e+00
-1.761088687318839385e+00
-6.093757969672894070e+00
7.268283259987001088e+00
9.665146284257238873e-01
1.076396539906887995e+00
7.717684408556054976e+00
-5.346307546416308121e+00
-8.787667407456764224e+00
-1.693760264373875835e+00
-6.578987051478164538e+00
4.536371822889537775e+00
-1.923227658299317522e+00
-1.895372103266165675e+00
2.309500830362496870e+00
-5.936311477995825925e+00
-7.137631088716628325e-01
-8.632693406204738906e-01
-1.205941810533071701e+00
4.234301207028642322e-01
2.914208282527525729e+00
1.687970822180787867e+00
5.063547113796656340e+00
-4.644704303161768522e+00
5.378081285993672189e+00
-2.377526488453986175e+00
-7.634105547314526952e+00
2.818807291785731195e+00
3.187915114322044552e+00
5.962170369513435375e+00
4.657316444402812117e+00
1.735729075693683288e-01
2.023013058390079610e+00
1.948482295144890353e+00
1.641928319980267892e+00
-3.556728715313473899e+00
8.226850516815407133e-01
1.561723022097142088e+00
-3.408286535817145690e+00
-1.573486229162494587e-01
-3.140918878031111028e+00
2.977509298956203310e+00
3.044119184790602173e+00
-3.191809299570590230e+00
-1.298549066136093222e+00
-3.736508696479297953e+00
1.055731412277329362e+01
8.373406270294424303e+00
6.934062116774604156e+00
-1.684185752097567379e+00
1.749918986993803882e+00
2.373091607257037161e+00
-5.233996485108639796e+00
5.957091624732322899e+00
-5.359006532652903498e-01
1.550474973498574549e+00
2.870389773082708262e-01
-2.470055798603604025e+00
1.091894193663005552e+00
-3.886255083586132919e+00
-1.822932308215881037e-01
-2.011648301940130779e+00
1.256739664932777778e+00
-4.827892190079632329e+00
3.751443053224062241e-01
8.106464694447323538e+00
1.549081917579517631e+00
-4.367775959074862158e-01
4.158882555645161183e+00
4.030173465966488955e-01
-3.866549589340189108e-01
2.695859295088812946e+00
-3.477903094081849833e+00
1.045705814613305762e+01
4.445212164635217178e+00
2.793142260461755733e+00
-8.464660636499300450e-01
-2.156710645681022775e+00
3.715355240931056180e+00
-1.670235454539785058e+00
7.043478265769506308e+00
-8.861441549742695045e+00
-9.211370264620398984e+00
6.045267828285927347e-01
-9.626259534152674657e-01
-1.451233603651871373e-01
5.776581196209344071e+00
1.458645827785141735e+00
-2.627622189551567899e+00
-6.168967541934866627e-01
-3.517127826252803846e+00
6.247489062769070678e+00
1.394290100761316653e+00
2.743013051498707444e+00
-1.076262241389252416e+00
8.834082781686046104e+00
2.881389280464966340e+00
-1.954844012509738160e+00
-1.030237360228382970e+00
-9.442885994899622659e+00
-9.572388152771384995e+00
1.267985755733933795e+00
8.732338803370554015e-01
4.516138005366272523e+00
3.312602085414553255e+00
1.388079593125120637e+00
-1.066003427891597077e+00
5.706250157296860692e+00
2.898096474354255325e-01
4.744023645988768578e+00
-1.343109735203342758e+00
4.797822377552773965e+00
-3.587734169702067710e+00
-2.783843604729938637e+00
2.710191738384564175e+00
-1.198911403304856682e+00
2.375606350160296643e+00
3.784425742170387519e+00
-2.596844433179912759e+00
-7.753576568016193882e-01
-4.496700497429110044e+00
-3.118880531142183443e+00
-2.149140691983056684e+00
-3.217224756159199561e+00
4.374260197468274214e+00
-9.249529085589875521e+00
1.656639649942719172e+00
1.075652997818320467e-01
-9.276792644291725898e-01
-8.764542715066473422e-01
2.147161966957299217e+00
-1.421502427514024269e+01
2.698754170206477454e+00
2.813451077153766189e+00
-4.453183547973961431e+00
3.827724823097749862e+00
-1.327818646087813192e+00
6.330827953642740091e+00
-4.078578964242596805e-01
-1.696837011197421807e-02
2.113347970226064909e+00
-3.825699350597516979e+00
-1.256525627442567128e+00
-2.853459119090318019e+00
1.853862673157974594e+00
6.602324307283189420e-01
-1.079155286133027358e+00
-8.763583401886008151e-01
1.322864782843664377e+00
-2.685715200876331643e+00
-2.518913015970056790e+00
-6.552970109925805531e+00
1.033647430917996157e+00
2.764751420600298104e+00
-2.704315516805353870e+00
-1.597077841818012489e+00
-6.333379956374590947e+00
-2.426159810859563670e+00
-5.938530929734112895e+00
2.786444906982687542e+00
-2.538486776632798758e+00
-2.937170493300905516e+00
-2.950706679853476011e+00
-5.222629858221567112e+00
-3.579492906825654241e+00
-4.623111524973102959e+00
-5.378782837083391222e-01
-9.887599302422989123e-02
4.688046867906450199e-01
4.092603432966006594e-01
2.872802008177974820e+00
7.142636790722990403e-01
1.797281755290069949e+00
-2.277657076083413390e+00
-2.551861932671202648e+00
-4.254476044638006549e+00
8.361023227337881281e+00
-1.768987422974103829e+00
-7.056597550529011720e+00
-5.923737640449336928e-01
-1.411595108186794345e+00
2.677979357045672248e+00
-3.423651441577245436e+00
1.954142374063311260e+00
1.815776079450752256e+00
5.740549715476310766e-01
1.214567580068977692e+00
2.279489875441710334e-01
3.453631156191673490e+00
3.672440694229485825e+00
1.766505668121800099e+00
1.490625132562256594e+00
6.033579093625142775e+00
3.302639854465387437e+00
1.003054222134485940e+01
-5.450503078093407616e+00
-1.137897185437920067e+00
-2.115592096884544859e-01
-7.791006477156832144e-01
-3.566710947409962085e+00
-4.986246655584114507e+00
5.357355810475503688e-01
-3.300569683362719609e+00
-1.664560369186980360e+00
-1.322583729880149050e+00
-5.026040440609138571e+00
6.729705500311188082e+00
6.828508446178565450e+00
1.679576645856752704e+00
-2.304031954088002543e+00
4.259897456607722788e+00
4.698151529027065898e+00
6.205509828797440619e+00
3.960007941756097161e+00
2.006584437896306916e+00
5.598923031956059226e+00
2.060413148081080337e+00
-1.146182878568071439e+00
-7.493356184968098077e+00
-6.611011769253903658e+00
-2.563662193927895849e-03
-1.637083874071215028e+00
4.678168886461247511e-01
-3.407777774561530748e+00
-2.546370625351869421e+00
7.487354004653673734e+00
-8.012911377526619194e-01
9.031091148119896328e-01
2.270221665858199067e+00
-1.006946817174980136e-01
2.273206960407328392e+00
-4.580127867284316423e+00
6.898334562751011756e-01
2.811889906437086584e+00
1.028338353438920105e+00
6.179056129372489714e+00
6.403509932983721065e+00
4.957277337499859549e+00
-7.122199783171177856e+00
2.247981198688311366e+00
4.352343801691570313e+00
7.591124150522695624e-01
-2.086156346461956357e+00
7.490314193661901099e-01
7.808456279214611717e-01
-2.067243489773942511e-01
-9.915261471332126320e-02
-5.157438363744570431e+00
4.021363024522418783e+00
7.187866130077736671e+00
