1.684967070516815824e+00
-4.264629994194420348e+00
5.330833504591918626e+00
-1.485630725722015599e+00
2.659928968290529716e-01
-4.353861147777566387e+00
4.771018755739915740e+00
6.794564575144623753e+00
4.810600489067682339e+00
-2.098677825675354658e-02
5.884221417031109125e-01
-8.716916932682636343e+00
5.089125546186931359e+00
-3.438791447034827975e+00
-5.673616525516200326e+00
7.786358663492618515e-01
2.045656166200369608e+00
6.302224264410040355e+00
-2.027613313444182719e+00
-3.123873424894171968e+00
-6.289582074616395513e-01
1.002501172078639868e+01
-8.231868730502279519e+00
-6.552494899691946095e+00
-1.063387242716597925e+01
-6.288943377699578008e+00
-1.640460839025190687e+00
-9.867147515156471371e+00
-5.591718859939535768e+00
2.983223550822744041e+00
3.805317326685454304e+00
-1.086720752860579431e+01
-2.787169737681637560e+00
-2.043365527601841980e-01
-6.914581555204701857e-01
3.172135922255385321e+00
3.259312355766411429e+00
1.215662936801683003e+01
-7.623785194405359178e+00
-8.166677298904629012e+00
-2.531530286040927002e+00
3.342580112809226955e-01
-6.352900050955893718e+00
1.449863237328271603e-01
4.250329301582894459e+00
3.832968507272117797e+00
-5.187861377884254388e+00
5.493555288855187513e+00
-6.560510744152285856e-01
3.818834914119913826e+00
-3.212670518287630284e-02
-3.071399038419649230e+00
1.218041955812736532e+01
2.811354289309007992e+00
1.411631614917403965e+01
-5.476405177101890231e+00
-3.421841422486978646e-01
-5.000594885238225373e+00
4.423396624549975620e+00
2.031688267804124148e+00
-1.058888912856264852e+00
-2.966151692364742409e+00
3.491756024218745758e+00
-2.594606730411040729e+00
-1.059165853053634976e+00
-2.017555721684719749e+00
1.056382004896067928e+00
7.228918319585337038e+00
-3.385804076946160812e+00
2.754478822884596667e+00
7.917336876801692735e-01
2.784222986471993178e+00
-2.561203778337817649e+00
-3.338827152447745306e+00
8.915126441154786363e+00
1.665763101804671464e+00
-1.309205834713845107e+00
3.086096292030564125e+00
2.567355424411873255e+00
-1.122649272723009517e+00
8.383594574276593825e-01
6.744008622009113552e+00
-1.181095311988342722e+00
1.258583296408326113e+00
-3.302256980778586204e+00
3.287877770616947526e+00
-1.066809307950629560e+00
-1.053781481141024479e+01
1.935538919073700459e+00
4.970366431389634521e+00
-5.272347667803868099e+00
1.435031033777181442e+00
-2.147726418187192010e+00
1.063649197237228838e+00
-8.184268830421116192e+00
-5.818035686368793868e+00
-4.273979493668122132e+00
-2.152719115462043753e+00
9.284493805427899149e-01
8.297761539718344181e+00
-1.199680800182063045e+01
-9.491294843223373690e+00
-4.389182271671934060e-02
-3.686855699113949392e+00
-1.089311743464550064e+00
5.094309365600270922e+00
2.023378928192620663e+00
9.818444788989594940e+00
-4.083909305127151335e-01
-1.606404437520724260e+00
2.206708112350503348e-01
1.013069358383974716e+00
2.997842756287466548e-01
-9.405482336338595317e+00
-2.036307128465659755e-01
9.137171786155052766e-01
-3.205048432707660044e+00
2.376249304072244772e+00
1.796763533326091178e-01
-1.289996325420613843e+01
1.536846889214335654e+00
5.088648966631274639e+00
6.392937202230628557e+00
2.483637862273572861e+00
-5.349483796808820024e+00
3.833243613154884599e+00
-6.082644238487255883e-02
5.073329615976084561e+00
1.422803223258438443e+00
-1.054035170529437515e+01
1.274828094022423253e-01
6.691596424980291724e-01
6.611316790775823904e+00
3.402684062741957671e+00
-1.040225489986601559e+01
3.250804955936462459e+00
3.602282897911045279e+00
-8.666297965694136352e+00
-3.419758768492218159e+00
1.515160552307743824e-01
5.170682859639261331e+00
5.606168090784935387e-01
2.203783090701684433e+00
-1.165336793393570158e-01
8.513939673562450849e+00
2.776644186351808319e+00
8.058040202946834540e+00
-2.692195945918190780e+00
4.017429336458886446e+00
7.646300104139851506e-01
4.436392008676674159e+00
-2.319575237707201865e+00
2.466912391990456754e+00
2.905507578260805301e-01
-1.431139069770828165e-01
-8.186938620206358763e+00
-3.409448022871581330e+00
2.984583350493078768e+00
8.471741550315925906e+00
-1.478070038492818872e-01
1.242528724947714380e+01
1.626330133354864671e+01
-2.420169927507418883e+00
2.100129910427035451e+00
6.700280641367387657e-01
-7.955313178147338071e+00
-5.555042851395329606e+00
-7.278037705803522606e+00
2.366832987984071934e+00
-1.853429844633898593e+00
5.254320159477049224e+00
4.927336827600393043e+00
1.225488177899646924e+00
3.397359286839382708e+00
-1.430126116283217952e+00
-6.881929177954347887e-01
-3.439706695951008530e+00
3.003118693416080287e+00
4.323833196225808528e+00
9.398729351230345586e+00
6.796247204133007536e+00
6.145488357322911099e+00
-2.465310155060305153e-01
-5.849608886796583640e+00
-2.789353883814871260e-02
2.671409272044100280e+00
2.250349013358657668e+00
-4.280760617709654881e+00
6.484594751235897903e+00
-4.054378435499732536e-01
7.376956486452787232e+00
-9.272841724666871954e+00
-4.551114170243327095e+00
4.414333245280339213e+00
4.962189507097225505e-01
6.865304423475087958e+00
-7.157701010220132609e+00
3.177417630945051918e+00
6.488840625799040751e+00
2.984128712002276362e+00
-1.967568905877004948e+00
-1.734110168585101519e+01
3.264503559902034446e+00
-5.110045726798762900e+00
-1.677108636107415673e+00
-8.505036680295182450e+00
3.062537347192328951e+00
-1.107535946420308726e+00
-4.848877416838898391e+00
5.035993124770500984e+00
-8.775552488845240973e+00
5.223798246367620024e+00
6.289083137488665542e+00
-1.328848763073430694e+00
-7.547058269184838686e+00
8.331739382552671103e+00
1.328253761666249311e+01
4.831606103217654713e+00
2.935180108399984000e+00
9.653745438053216166e-01
-1.550199083262749356e-01
-1.888329749592339368e+01
-8.127228646449768945e+00
-3.323082114165138101e+00
1.709323014803105334e+00
2.571161339708122995e+00
-3.250083560398145943e-01
6.562410023234726886e+00
-4.345879037155842894e+00
1.441085171008190891e+00
8.583655129047841115e+00
3.364792351616421318e+00
8.410446066358282735e+00
-5.038668707085896870e+00
1.466305241201728560e+00
9.462010499336026115e+00
-2.487300629292152898e+00
-3.570704069722142826e+00
-1.308342774708443557e+01
-2.423991880784445829e+00
-6.140059039644498284e+00
4.651628532385641002e+00
4.148995966110876843e+00
2.766463563655694458e+00
7.498393206625671992e-01
8.470827934340130483e+00
6.521489439716962266e+00
-8.980777018667151168e+00
4.342435729883367124e+00
-3.158442342902442856e+00
-8.595534798988426317e+00
-1.335428031522527093e+00
9.257254521500680511e+00
2.648334837203000003e+00
2.135244229798441307e+00
3.035509347734622221e+00
3.168304561757167903e+00
-4.119876700253707891e-01
-1.658878234620577485e+00
-4.273061441065974186e+00
-1.313861806098116869e+00
2.864292223096362555e+00
-9.344381253845416069e+00
6.186571305355149875e+00
-2.656154218583792304e+00
