1.681249603326508302e+00
-6.563114858574166099e+00
4.285353903981633295e+00
-2.845733620763902572e+00
1.054952082085927056e-01
-5.408870627916384954e+00
1.999867464116806826e+00
2.646504395391848785e+00
5.518216371008744403e+00
-1.845075872046679111e+00
-1.259220720268320992e+00
-1.065799306823973858e+01
5.154099349639871264e+00
-2.706756134265188685e+00
-4.682986767711792564e-01
-1.628191925446258459e+00
3.598407292159540027e-01
9.945251749557838750e+00
-7.057001172581762738e-01
8.500930522468626016e-01
5.883900126984908940e-01
6.921235016193067580e+00
1.567446785692842903e+00
-5.911702489561670326e+00
-8.624233162524934215e+00
-1.085233074804391151e+01
-1.766826443545303604e+00
-6.688675007423574570e+00
-1.623911478886168047e-01
1.281597423543979986e+00
4.439829640769235475e+00
-7.560602808778901007e+00
-8.439603833325163285e-01
-4.037927791735882010e+00
-2.922462947235550335e+00
1.845217323313710800e+00
5.162748209600688476e+00
8.138771806549831567e+00
-4.020274811756162414e+00
-1.062953429726502996e+01
-1.667758775119498216e+00
-1.163702918524331942e-01
-2.461021093204263099e+00
5.010167437510970601e-01
5.515166961106240384e-01
5.578038710518978816e-01
-3.832608730313321388e+00
3.409318869596915658e+00
-5.078587375299637330e+00
1.862938344996955653e+00
1.427783382507671561e+00
8.558504806654675390e-01
9.832958103452632770e+00
3.755028430811889972e+00
9.905087397830360629e+00
-9.443152540129009509e-01
5.727527506557659187e-01
-7.453195615897210580e+00
9.746825638136210612e-01
4.263711762501442015e-01
-1.430240213970794816e+00
-5.935812120200554709e+00
2.502930998860806167e+00
-4.945841456855712082e+00
1.835947866503671588e-01
-1.905401665463739791e+00
3.874223531203826454e-01
7.808141495782004782e+00
-3.308147618145869107e+00
5.339531016626898108e+00
3.244414618404292128e-01
5.223826763818044228e+00
-5.998963011028533465e+00
3.300682216992115725e-01
7.129196986267800185e+00
4.337338067839691114e-01
-3.951233535522743701e+00
4.684711860117287685e+00
1.872134718252187469e+00
7.393492725983765723e-01
2.135076282321622720e+00
9.616638341992418404e+00
2.848372154373651544e+00
-1.472172719548841213e+00
2.198919309520483978e+00
4.984448580152524677e+00
-1.777501990825851585e+00
-9.352902776904050697e+00
5.120476602811551814e+00
2.133562097384952505e+00
-4.449663585293733625e+00
2.702679636477453684e+00
-2.937706461862810592e+00
-3.475655222355096718e+00
-9.324672606380355333e+00
-4.221385261909443853e-01
-1.434253875115804266e+00
5.355129303341734648e-01
2.495805753995052889e+00
6.202170374415892695e+00
-6.487602163361689378e+00
-5.855021213427551885e+00
-1.720677650001442016e-01
-3.497328825548606801e+00
-3.885686734740016468e-01
-1.024120045537578516e+00
1.098197222867222100e+00
7.405634397084453369e+00
2.267767532262689123e+00
-4.878699952962751718e-01
-7.603635418955539960e-01
-1.294800037178738705e+00
-6.056805313680444502e-01
-6.170168378943303722e+00
3.932883489245722952e+00
-2.625364207728782873e+00
-4.087592142480670709e+00
2.535250949159416400e+00
3.201851660947154232e-01
-9.589920660042185574e+00
-1.206427478530544883e+00
3.039974389020714263e+00
2.487151294773595200e+00
4.177287820954939113e-02
-6.851968755222694440e+00
2.186855190847858843e+00
-3.898472217196558010e+00
5.301765676378715320e+00
-1.478393122306155938e+00
-7.321810525413656734e+00
-6.357047587623277929e-01
1.073000132669677198e+00
1.229512344253023315e+01
4.081538863144398732e+00
-7.758598375461390084e+00
9.431523850753635863e-01
2.151246315837910927e+00
-8.034055311030904534e+00
-6.064967990030631029e+00
-7.436889147180032467e-01
2.092968120942970245e+00
1.008233776583682628e+00
7.917172366356117763e-01
1.481413460164574758e+00
4.288570374312434375e+00
4.307684924995881737e+00
4.563422953298179152e+00
-4.831687144070199835e+00
1.302207885389609299e+00
5.033682188553805226e-01
4.929873443408333777e+00
-3.605308061687148680e+00
7.308501644985285761e-01
-2.412240299579595793e-01
-2.623846689063209503e+00
-1.176547152721978229e+01
-5.006759779396210419e+00
9.184417498843487238e+00
7.146629429251969867e+00
-3.178389266461025375e+00
1.093200476944757327e+01
8.510328712463767431e+00
-2.253240604412990677e+00
1.891472069700130820e+00
5.259709656542112199e+00
-3.674783868538986642e+00
3.781515646805682640e-01
-7.706222626331305392e+00
2.487646824525502787e+00
-5.210440275211607464e-01
5.626341091386958482e+00
1.359767989059896376e+00
1.305483432512360764e+00
1.837392481176642223e+00
-2.709203195924378083e+00
2.035937736128480502e+00
-7.642263269988811558e-01
6.533873600532724701e+00
6.129841346957836556e+00
1.138998670436619243e+01
4.985793671880692557e+00
4.582749315060299367e+00
-2.146289977674705085e+00
-1.903138464465813140e+00
7.956200488262721304e-01
1.149186394087720275e+00
5.757342548236930035e-01
-2.778866448436921877e-01
1.200702792075726144e+01
-5.272700799615795964e-01
7.023597701664632709e+00
-4.663040406029353768e+00
1.317448517586978785e-01
4.408944049256616537e+00
4.599036414460806022e+00
1.513788967276201936e+00
-3.006221997194872486e+00
5.154882994486672310e+00
6.827172861482431188e+00
4.190990792706370094e+00
2.418614738799142183e-02
-1.360885152732388725e+01
4.726887708177372360e+00
-8.101733969832835669e+00
-8.733628585458113047e-01
-5.363049995947838156e+00
5.743504940472345943e-01
2.834303907155734326e+00
-2.367880134237585477e+00
5.705965410155662276e+00
-7.362705978229925563e+00
6.315319511111439077e+00
7.315605958619745053e+00
-2.668072130074374382e+00
-5.507384208660343283e+00
7.272345802422672811e+00
7.387933902053596569e+00
1.997219356218374653e+00
1.934584394636247318e-01
-4.314760189158558745e+00
-2.558873027949799539e+00
-1.395451987718136166e+01
-4.008070233882544464e+00
-1.378690013766364242e+00
-1.331612246409296541e+00
-1.551530365548134949e-01
-5.973792415059237193e+00
5.207051896613781317e-01
2.146372034826358188e+00
-1.264098097743041382e+00
8.744979365553190220e+00
9.426816465173104564e-01
6.668807914273287452e+00
-2.269161712957595611e+00
1.271139345795029740e+00
9.142240887178639142e+00
-9.698566532657810768e-01
-1.335614789352327580e+00
-9.148989208407646956e+00
2.698812180314228981e-01
-4.788811896629868059e+00
1.233818527521079345e+00
2.680858847115027643e+00
1.866254224408427920e+00
2.244791275512827866e+00
8.359806731330632346e+00
2.472802283344459173e+00
-7.623746770096473391e+00
5.454368861667465929e+00
-4.349057551983177561e-01
-7.310449509954933589e+00
-2.109817771483880833e+00
5.262279257721003134e+00
3.652438906781494410e+00
4.430626255336497010e+00
1.475359452819008599e+00
3.277783854851564094e+00
1.180608823348560765e+00
-8.651242576165194542e-01
7.201391067375795263e-02
-1.060594117682886472e-01
2.054929703349425818e+00
-3.191958036274426647e+00
4.224356453478451456e+00
4.629177245131643748e-02
