1.565647928168131031e+00
-7.044157917263508928e+00
4.825493546378344156e+00
-2.092152137234534415e+00
9.340958444555951257e-01
-5.166198639971345763e+00
2.062080959371791700e+00
3.506498351337979269e+00
5.624101817554794103e+00
-1.674919896732508295e+00
-1.942332931327821477e+00
-1.254274556896283599e+01
4.371897221591150462e+00
-1.518162915213061570e+00
-1.545803801076775175e+00
-1.987342903340447720e-01
1.165087089657353303e+00
9.579633856810204406e+00
-1.474355820272731599e+00
-3.876969410810311989e-01
-1.746726242683138697e-02
7.975706292419985743e+00
7.420321027273433234e-01
-6.855989363769597666e+00
-8.912614252453508357e+00
-1.046432677371293707e+01
-5.725811209588658190e-01
-6.398096583320326047e+00
-3.714517047459461319e-01
6.316242500227589041e-01
5.042855276994022695e+00
-5.408001900072907375e+00
-1.516956554347083541e+00
-3.148941307467158612e+00
-2.104326830460520270e+00
2.715419019573434234e+00
4.712977924347281800e+00
8.158901329428079663e+00
-4.505889873953807800e+00
-1.072184939694888683e+01
-1.595190780618989113e+00
-2.203672184428753678e+00
-1.828447447839179008e+00
-3.047033001207901104e-01
-5.442274218397384900e-01
1.182050843196813972e+00
-4.898991875710120958e+00
2.367009578218751020e+00
-4.260102475590096915e+00
2.399928984516256136e+00
1.108926447331623377e+00
1.252993904115172752e+00
8.678211872418552630e+00
3.663908013858191648e+00
1.090476939657388122e+01
1.459348618394216590e+00
1.154362051795833066e+00
-8.526051584511563419e+00
2.735989264794236320e+00
2.880665832406173799e+00
-1.486068319264199245e+00
-5.706627570390706339e+00
4.635400698729331026e+00
-5.213038260804629509e+00
6.250456681531870728e-01
-1.211147948914651273e+00
1.576116544201701775e+00
9.002275574847143247e+00
-2.486771637492672937e+00
4.124992822560405337e+00
-4.733462507830799026e-02
3.989293872923480144e+00
-6.084305379084204546e+00
-3.323706077957708782e-01
7.660484739862139847e+00
5.727813832059375221e-01
-3.504032986922991366e+00
2.816170804043925724e+00
1.795975144511486210e+00
6.895182062849124494e-01
2.692024417116122059e+00
8.122693739654646805e+00
2.361308572422102792e+00
-1.112569577337861881e-01
6.865278612305989459e-01
6.045824825509623857e+00
-2.152688071958427152e+00
-8.406572271900531135e+00
5.356114196298848107e+00
3.671538070585755875e+00
-3.393626241235212948e+00
3.807222114156778137e+00
-5.764393639445398065e+00
-3.125865381075026761e+00
-9.465846201210755595e+00
3.562583546248833111e-01
1.251504610105432125e+00
-5.733367019384394414e-01
2.497698557209004466e+00
6.430933569493325841e+00
-9.918846651567179151e+00
-6.474311525689519620e+00
8.940909375228704992e-01
-4.353987801290164050e+00
7.349230426940284167e-02
1.136112747652779920e+00
2.417163409446806188e+00
7.257770790198231126e+00
2.111271089438633286e+00
-1.115035014690024084e+00
9.256859230935731153e-01
-3.311078539134335585e+00
-1.434164887368269525e+00
-6.629653917799833707e+00
3.106606724341671733e+00
-2.645735442825161599e+00
-3.302775905182751437e+00
1.775422985535749953e+00
-4.005102952532866856e-01
-1.150856805550124484e+01
4.392717914339979712e-01
2.589570562096092488e+00
2.858985528814506960e+00
1.007383481589795959e+00
-6.455392159306704514e+00
1.247153987168848843e+00
-5.859210860621212547e+00
6.920064703810385076e+00
-2.652633721924481380e-02
-7.379053260070599585e+00
4.739835628151025104e-01
3.681972180398827454e+00
1.225194088528791347e+01
4.701310294402587076e+00
-7.927248701478250226e+00
1.568607744302833673e+00
1.680352460711708185e+00
-6.488470907124887610e+00
-7.203949016524783922e+00
6.650388265796544074e-01
3.901520736149710622e+00
2.323537400127927199e+00
7.149818754559363887e-01
3.257446672375729158e+00
5.351475973984747725e+00
4.929529828641363132e+00
5.407739429434753831e+00
-3.176975303192731470e+00
1.320602024016149123e+00
2.006112784998436371e+00
3.883651849684350843e+00
-3.255127272465318189e+00
1.340558932946417592e+00
-3.074708418380820985e-01
-3.215323628865134342e-01
-1.119931356105311515e+01
-7.043060894326705679e+00
6.488624821183510250e+00
5.410450732396856921e+00
-2.352680155741139423e+00
9.557798992320726938e+00
1.096471801380357469e+01
-2.373094081573146052e+00
3.135824335686424824e+00
4.498049099792636341e+00
-3.268389665024684199e+00
-1.512662745127007158e+00
-7.669689270617723764e+00
2.089714641925823901e+00
-6.708883442743707182e-01
7.137312785491404021e+00
1.110161304336470200e+00
1.661758215732641153e+00
2.278548341770807006e+00
-4.924327448217664660e+00
2.370962677647611372e+00
-1.380967339920663450e+00
5.218019447258586574e+00
6.833986476402470700e+00
9.845796418137075179e+00
4.745050905129749808e+00
3.486113325715197053e+00
-1.731874156509820573e+00
-2.338099845190422243e+00
-5.385448314436742240e-02
-1.148485390957497687e+00
2.821153200129490557e+00
1.070173048627272028e-01
1.085182836940818518e+01
-1.024602425713157405e+00
6.401888497333589889e+00
-3.893693403054037105e+00
-1.719073266472748163e+00
3.263063893134461324e+00
3.477330329344540338e+00
1.683147941583967633e+00
-1.325752900010130686e+00
3.565198509972493213e+00
4.051423770451279438e+00
4.113597320460423035e+00
-7.372906555247447091e-01
-1.378383247105519871e+01
3.183109791123796217e+00
-7.119555880409786042e+00
-1.066258122297044419e+00
-6.418808027321005305e+00
2.004319428332466124e+00
3.104967857433732270e+00
-3.568914515413846633e+00
5.731275295400729775e+00
-7.762361797053109136e+00
8.385820235758412622e+00
8.801898357046553656e+00
-2.950780249018865931e+00
-7.885897188453299123e+00
6.096258246164882877e+00
8.005597946768185480e+00
3.019452822098386058e+00
5.656602340796872408e-01
-3.181128476600501465e+00
-3.190885281634415982e+00
-1.506515725960130681e+01
-4.252256636324702299e+00
-1.463826570282964479e+00
-7.020598241694860908e-01
7.593173984494623330e-01
-6.288843260753848696e+00
-4.037331536611542537e-01
1.334124422001194077e+00
-3.509639030914557534e-02
9.789022206281979166e+00
1.136612999772958377e+00
8.018077517953447142e+00
-1.453393470070288629e+00
2.108595041655230595e+00
9.363696948681297982e+00
-2.141509488160174612e+00
-8.360118813533783388e-01
-9.528777702472009281e+00
2.459037789864350732e+00
-5.476435541594740997e+00
2.825270272087979873e+00
2.397064706926175681e+00
1.586155280027654602e+00
1.772607527382410675e+00
7.934929438128656365e+00
1.306008951777225535e+00
-9.575649831139976698e+00
5.869469022082596688e+00
-1.912740214663952942e+00
-8.526241582905642602e+00
-1.792093087340886903e+00
6.995033649287020872e+00
3.739722763207400824e+00
4.331217829198457991e+00
1.427292871877495095e+00
3.402662736355751338e+00
3.427080556766754493e-01
-3.054922031070895216e-01
-2.339498662698694442e+00
2.632125533266131079e+00
1.876258086149786175e+00
-3.876804027723773416e+00
1.949603526540553355e+00
-1.969449737923223420e-01
