2.206517078164103918e+00
-6.741100073228834866e+00
3.953625308009914630e+00
-2.793467135497480935e+00
1.764919700585957152e+00
-5.673291347481030478e+00
1.979295176988106642e+00
4.508339606771832209e+00
4.794356964172276747e+00
-7.229322269676985435e-01
-4.945477155901908950e-01
-9.261799634044928453e+00
4.141072601436555090e+00
-2.126757485733457465e+00
-3.181964784410178826e+00
-8.713912253180938761e-01
8.226582225693224171e-01
9.306381720597462603e+00
-2.830090326680738677e+00
-5.791282028907976387e-02
-4.100440194214620693e-01
8.541367862461784810e+00
-2.787554701248216027e-01
-6.567796992610209550e+00
-9.429151704704393566e+00
-1.050234726117201944e+01
1.555269717450402656e-01
-6.196439341036803050e+00
-2.578963928003757733e+00
7.623104530049149563e-01
5.869823506956161729e+00
-6.588517937877229613e+00
-4.888351398697396988e-01
-7.838036210546853733e-01
-3.266376218218901784e+00
1.527753476816357647e+00
2.723863751428402313e+00
1.117167729216991923e+01
-4.594379300200029270e+00
-1.158319598370546899e+01
-2.232189149361327729e+00
-1.966187181840608478e+00
-3.956071098801290820e+00
5.063207126127272639e-01
1.585267192427632477e+00
3.574953897579097095e+00
-4.721101599504964774e+00
3.917413698013278545e+00
-4.190417266362676862e+00
1.443378322970995997e+00
1.849909487619542325e+00
-2.571852668187121216e-01
8.707529259800683263e+00
3.432872829673216053e+00
1.214397482837582132e+01
-5.647190783188585916e-01
-1.877476488649193032e+00
-8.095000684581362904e+00
2.659411670915086567e+00
4.233745616991502203e+00
-7.605534556982734840e-02
-5.193569433328309337e+00
3.961046905021348152e+00
-4.206823673841419087e+00
1.227034986487392842e+00
-1.938409576244922716e+00
6.794409983026197253e-01
7.863099353309347173e+00
-3.590979849441804372e+00
3.703169592056100079e+00
4.286400382282105070e-01
3.338144283928041300e+00
-4.034318384702928917e+00
-1.941893571251319228e+00
8.773769056727942939e+00
9.002231650993516299e-01
-5.338285204242376736e+00
2.800736416237518345e+00
2.797904946575204832e+00
-8.596780328523740966e-01
3.090897699848891733e+00
7.217196236744463533e+00
5.631467218360119986e-02
1.110652585568906170e-01
1.597604517684331649e+00
4.196753117233244623e+00
-2.133431083073477286e+00
-8.650323251652970669e+00
4.053424700891897103e+00
3.376711442721538781e+00
-3.782065793194608894e+00
1.733941937186284532e+00
-2.759930774774714823e+00
-2.957057015311146397e+00
-1.054563973893487905e+01
-2.273205525104109892e+00
-2.814157942015904634e-02
-3.350678851108036760e+00
2.701081611097031931e+00
8.161245906754093227e+00
-1.062883704454373301e+01
-7.671940398341279277e+00
1.481200704272828350e+00
-3.495651452579047636e+00
5.030976236590747330e-01
7.648620796132775679e-01
1.057239562180257941e+00
8.959390013666956420e+00
4.691186366944108066e+00
-2.075846652828066130e+00
2.101112089463643695e+00
-1.389107605076239205e+00
-1.611935631830099691e+00
-5.898557472480175257e+00
2.588038733877727093e+00
-1.784442288895751405e+00
-2.613396001750258435e+00
1.175441025112678783e+00
-9.689836027306162336e-01
-1.076293948599734662e+01
3.295336674137672173e-01
3.506149156773584075e+00
3.882573307076022218e+00
1.429486978000591435e+00
-7.383206267748293250e+00
2.044656626769080443e+00
-5.140369617287212201e+00
7.305958264879182096e+00
-7.727309490003360093e-01
-7.828284397428792118e+00
6.757818365672046967e-03
1.832700224938800027e+00
8.060592794299569874e+00
4.041274134317703215e+00
-8.928717075204401610e+00
1.473382628949469586e+00
1.672240575280213415e+00
-7.201179055511901517e+00
-4.618925768702723644e+00
-9.573898471522718223e-02
4.691838407414580914e+00
2.480619523783670122e+00
2.170323753266658162e+00
2.740402216159258497e+00
4.253225819625333415e+00
2.350735916605337206e+00
7.305915268178227784e+00
-2.660953020295702132e+00
5.364026191437480939e-01
1.799190427189112818e+00
3.627247599198164085e+00
-1.347958408823211052e+00
3.408593554503998924e+00
6.141978004608844577e-01
2.510470343839630858e-01
-9.648461618489776015e+00
-4.530602677034592851e+00
6.230914116235063638e+00
3.995382460020961091e+00
-1.093813830329040560e+00
9.892504415495416481e+00
1.215364841997390499e+01
-2.930297414473991502e+00
2.759350149457560519e+00
1.786461428142812835e+00
-5.286900835475225158e+00
-1.868003161095790343e+00
-7.827517117431242788e+00
1.664675174929854062e+00
-1.460933696239314017e+00
5.480318707660546629e+00
1.069861017725169283e+00
1.555232812930474662e+00
3.089143186972476585e+00
-3.757795622125027268e+00
1.083054598227791487e+00
-1.943520581616649201e+00
5.342071338254458901e+00
8.868346530987379239e+00
7.837720610549681943e+00
6.468016473100524522e+00
4.122639406082257096e+00
-1.606492887309746154e+00
-4.728326995669546839e+00
-1.389672788534204728e-03
1.041533841512672920e+00
1.912585297366138803e+00
-5.785879642627128616e-02
1.128037122017540028e+01
-5.908138895661917411e-01
6.801603332401736424e+00
-6.008819463022097018e+00
-1.448776877523696882e+00
4.010304386209025296e+00
2.529599165541720485e+00
1.359499365036968221e+00
-1.658594230182904194e+00
5.503091486296590062e+00
2.673524391770761177e+00
5.720918169955332644e+00
-1.080808408001742382e+00
-1.287305212030077506e+01
4.106163955785780750e+00
-8.803841024895575629e+00
-2.428941582425666823e+00
-6.887070258870624961e+00
1.436240630484191705e+00
1.448777751061683272e+00
-1.041279477458926239e+00
3.563180684643968643e+00
-6.787345511510876506e+00
6.630600196791608170e+00
6.663180950054348628e+00
-3.890924581923330017e+00
-6.258595661953035183e+00
6.479538673857505593e+00
9.473063675295156472e+00
4.585045965062276352e+00
6.446320881263916114e-01
-1.536524006460796787e+00
-3.709827609766040424e-01
-1.563292588557773044e+01
-8.477855438223866003e+00
-5.837204243121011382e-01
-1.739014801482013095e-01
3.170708686873592086e+00
-6.339542759982834674e+00
3.839833071989608548e+00
3.466016191175001815e+00
1.056240577518442025e+00
9.116033319955175074e+00
1.811055900602041580e-01
7.719248903787784499e+00
-1.302049152113439856e+00
1.157196301072482392e+00
7.766262468592517010e+00
-2.321664152046634122e+00
-2.503687416013384848e+00
-1.131752758286696192e+01
8.833642838950352960e-01
-4.821703791079119839e+00
4.795947374594098811e+00
2.309051087244530787e-01
2.388233523789465185e+00
9.009531012790162885e-01
8.643888534850368899e+00
2.516393217937733962e+00
-7.089534827110856696e+00
6.513325853714596825e+00
-2.768100411848493536e+00
-8.366574924376010358e+00
-3.220137261408069662e+00
7.637852050799577519e+00
1.383800253042021478e+00
4.601899383733195847e+00
2.253762092849154186e+00
2.345231811006976308e+00
1.475120127281890792e+00
-7.425164620594486564e-01
1.106339039512387878e-01
-2.901606058853734016e-02
1.012210221401156129e+00
-6.627580904495553149e+00
2.197233192773782484e+00
-7.479905810164347857e-01
