1.049135535556938503e+00
5.586599828240607302e+00
-7.774144195761596876e+00
3.970479295481892379e+00
-6.125904714817479224e+00
-9.851427104839521887e-01
9.400297001492792237e-01
2.409520055640112512e-01
-2.263495662814090537e+00
2.102685087737362624e-01
3.311970614053249662e+00
-4.199265256403087676e+00
-2.386114220458122492e+00
-4.536624956805854758e+00
-1.415617996047247473e+00
1.301470408084282715e+00
4.077453316681189044e+00
9.707569555529574901e-01
2.223012766702152199e+00
-2.997285669798983143e+00
6.320208435440925143e+00
4.586840411958861274e+00
2.612067638528924540e+00
-3.428441541403942416e+00
-1.679141677850061409e+00
4.343857762430448410e+00
-1.593465491075429341e+00
-2.269501016835192786e+00
1.142734370568490698e+00
3.456726819291335850e+00
-3.474621846037823758e+00
8.272847790322976902e-01
4.426917030292271349e+00
-2.298975247421908730e+00
1.085299710908780746e+00
4.851519865635378181e+00
-2.950338365798240048e+00
-4.935972815904533739e+00
1.269337946475335599e+00
-2.796867382161425386e+00
8.240250937333056802e-01
2.022191454391649434e-01
4.856970206896761511e+00
-6.952631240209565355e+00
2.899387441868624737e+00
7.935124310987598406e+00
2.375087442888547673e-01
-3.113622686486013258e+00
-1.913457009598618974e+00
-3.113789538577833138e+00
-2.502300358602897568e+00
-2.840229746007914891e+00
4.235346964047730922e-01
6.698248870011348499e-01
3.473311347175272346e+00
-2.542722821429140190e+00
4.235451674345778184e-01
-2.913949167284434871e+00
-4.459659117280340368e+00
3.684326008534818175e+00
9.409688269160271235e-01
-1.271027119959494023e+00
-2.007164350727985713e+00
-4.043201414163917207e+00
-9.510271162482224483e-01
-2.226354085804342464e+00
1.589733611510786737e+00
-1.489355331763940749e+00
1.789821480458892555e+00
-3.222581054402107181e-02
6.279828058299274929e+00
1.420503042053624432e+00
2.723039198696973529e+00
-7.007355137785813426e-01
3.606699994700703016e+00
-3.699819028177975810e-01
4.579980983567733865e+00
4.028319379309317938e+00
1.234102377259526540e+00
-4.760345906912927028e+00
-1.586450248422033305e+00
1.461783757497538749e+00
-1.914463329856782359e+00
-3.772857113206269375e+00
-4.187990697696897691e+00
2.958735214237571132e+00
-2.504641533897317363e+00
9.174927947246024118e+00
1.132774581280630688e+00
-6.438466947294552156e-02
-2.468769733196421345e+00
1.685146529675250360e+00
-4.250765447435339794e+00
-7.543701076511655224e-01
7.820830039780886089e-01
-2.373817207257391537e+00
-3.491469983937641075e+00
-2.078339909255703333e+00
-2.236528378089553293e+00
8.932997826826887255e-01
-6.694430746360053419e+00
1.843619887809473390e-01
2.262810944980350847e+00
1.418794822248844678e+00
3.004143017217953293e+00
-3.817287486747781511e+00
-7.801523990139608067e+00
-7.456557077437639958e-01
-6.990042922178271390e+00
5.041790548616196688e+00
-6.078891512863830116e+00
-1.910122042931181596e+00
4.784873353906052174e+00
3.691465316837185817e-01
-1.176382674148658714e+00
-3.526893009690878156e+00
4.382485749552529342e+00
5.121004114438700405e+00
9.995833717061914925e-01
6.524576658081396308e-02
-6.148448794222910685e+00
-2.962620766911709058e+00
1.333925717833512881e-01
1.877673772702155075e+00
-2.104663803370994568e+00
4.063056932791917930e+00
1.148722059083602698e+00
6.357569714830215268e+00
6.333916956616804761e+00
9.569963588677534716e-01
-8.492170676022381404e-02
1.537519606653069637e+00
1.455460136465505094e-01
5.372625461659846557e+00
-7.684492166692933779e+00
-1.999208178190704288e+00
4.325744556141933650e+00
2.063601219013324162e+00
-6.371867841846778902e-02
-1.542604207174726350e+00
-7.710224987415095210e-01
-1.656690222342421581e+00
2.950371972132703302e+00
2.031703870426698089e+00
3.199194703751339075e-01
2.402590628044427135e+00
3.543669173764666391e-01
2.488511223720296373e-01
1.555141219107208705e+00
5.182316814278656203e+00
7.649314619786705682e-01
1.735283317706102668e+00
4.149618303152886600e-01
4.179895403511888929e+00
1.036998859134014572e-01
4.092278213034355794e+00
3.011417376592259831e+00
-1.593519519216553215e+00
1.424810644337066279e+00
-3.712953048611135287e+00
4.225894336981963484e-01
4.436715232748838389e+00
-1.062325893192731963e+00
3.509482482233456935e-01
-4.136634942372323209e+00
-2.965019457939976011e+00
-5.830911926648649768e+00
5.649688519321205415e-01
-3.178225237473115694e+00
-1.839536693134377732e+00
1.919667302799187514e+00
2.166527021110905338e+00
-3.004504768737753739e+00
-2.811342700916122705e+00
1.192036876161330694e+00
8.402323551056447570e+00
1.872024133511964505e+00
1.924709013612489583e+00
1.602482191082568175e+00
4.908602973286165572e+00
6.033111927664985608e+00
2.050677531140181475e+00
-1.878767661977654768e+00
-4.057029635175384286e+00
-1.574172899439675533e+00
-1.734242159438197817e+00
9.944797236570902754e+00
-1.151962461022115525e+00
5.061487361623617787e-01
-2.529343120079344587e+00
5.511623547215557473e+00
1.389075479051818718e+00
1.728001646445133099e+00
2.366615862611846310e+00
-3.097621012964602905e+00
-5.051081949697389994e+00
4.992629571458361837e-01
2.729291241901888654e+00
9.239198628320685058e-01
-4.303285322137873514e+00
-1.158270863539982098e+00
2.051505860817225635e+00
4.427728071392686537e+00
4.016388685376458767e+00
2.706748581995226388e+00
-6.134072823381252482e-01
3.756434721286399103e-01
2.666267306492020595e+00
-4.344847264431012657e-01
-3.001187536670171685e+00
-1.071073111766197572e+00
-2.126972510044522480e+00
-1.456240109296020879e+00
4.104225800942095326e+00
3.225456383485612033e+00
2.504799862016252043e-01
-1.958180770370666623e+00
2.698396629754443499e+00
5.461257312016419618e+00
5.070285942144798774e+00
4.932725856599749492e-01
-6.023685628341678422e-01
6.013546326056152580e+00
1.481941852217066646e+00
-5.672699582510482230e+00
-1.645936307051919734e+00
2.247736608855189999e+00
-7.664906347317318458e-01
1.061477412246676355e+00
-8.378527054057949286e-01
2.769535484837642780e+00
-5.523168573644793078e+00
-4.014765706551630231e+00
-3.036107084027870329e+00
5.198890295082962965e+00
2.334025811817413754e+00
1.150465448772917121e+00
6.851948515481648405e-01
3.555225602495220016e+00
3.936882809020394447e+00
-1.692258474109592736e+00
5.565952558935543415e+00
4.593604372209205144e-01
8.759342029021597753e+00
-1.164969196644260574e+00
-7.857326767795900224e-01
2.204490953707182399e+00
-2.051118848663726180e+00
5.214085907413748000e-01
-1.690740135715945058e+00
-2.191426037775845881e+00
-7.244927455449570175e+00
1.231913303329228215e+00
7.131436212174824263e+00
5.630798881904689246e+00
-4.478126143660842828e+00
6.610954048039667796e+00
1.598604935005877081e+00
1.167770008901166889e+00
-5.208938895885661502e+00
2.286026825324600775e+00
-2.959714923342437132e+00
3.828369785674432535e+00
-3.377761325971435191e+00
-1.763618990719351354e+00
