1.034818687948037219e+00
6.751264601366715468e-01
-4.515457055666527886e+00
-6.343398039918689335e+00
8.096825120292659994e-01
-3.866500588665111038e-01
-4.305070278060888489e-01
-9.299435595367886442e-01
-3.057854866715545850e-01
3.073925377230481981e+00
-9.618535582369393211e+00
4.327393723311320883e+00
8.651999407608244042e-01
1.217818711286610345e+00
1.234067391272219538e+00
9.779926366323669740e+00
1.717454750156240051e+00
-5.757277517158206237e+00
-5.772892473960042459e+00
-2.440437695865797618e+00
-3.406114218176999220e+00
-3.280017551692072431e+00
1.270742748520147458e+00
-4.419640493963031602e+00
-2.570245123986510727e+00
-7.995685529922476498e+00
-6.878354166710092699e+00
-3.676501026258624627e+00
-7.779921297713377371e+00
1.106819564883817719e+00
-5.736756503346740921e+00
7.633645197765599910e+00
8.395600106689487419e+00
-2.265584641511233066e+00
-1.274161661229512132e+00
-1.961145490383434442e+00
-1.707192282839274711e+00
-6.313743859022106442e+00
1.107205843269893464e+00
4.725526400744541888e-01
-4.510415960571625860e+00
-8.484329737329513677e+00
-5.667755291961728226e+00
3.093266164620829886e-02
-6.104652330378453229e+00
-5.227027893131922509e-01
7.808048996521571361e+00
-2.789997099584850648e+00
1.940599707599648394e+00
-8.228183478027602860e+00
3.815477118211989094e+00
2.918113847061477584e-01
7.773533748181198355e-01
-5.642729575946536791e-02
-1.972296805884151016e+00
2.498295595470962915e+00
9.730976302754330121e+00
7.854153664772898225e-01
1.599090737972195031e+00
-9.958893613192837391e-02
1.944050541964762457e+00
-1.230998022124828895e+00
-1.056176678192777629e+01
4.627663946314312327e+00
-2.876249775788301655e+00
-3.595481451952561969e+00
-5.877198824467082083e+00
1.095031560592808706e+00
-9.760927727483739602e+00
-1.879103334829592686e+00
5.135086180768499986e+00
-6.983313569112731045e+00
-2.159297662883886915e+00
-1.373220716805488628e+00
2.084153117469246475e+00
-8.155362082805902801e+00
5.658851273497068846e+00
-1.529472222808244242e+00
-1.400190774979597208e-01
5.186664797348736755e+00
-4.000787283174889186e-02
-8.691778830052326876e-01
3.484032774956143719e+00
-7.057425757260629595e+00
-1.604898998352087602e+00
3.107758124949623890e-01
-7.151828559519614048e-01
3.093393526997957887e-01
3.969524256123470707e+00
1.920651350104781052e+00
-4.776498666763680845e+00
1.941221964564840086e+00
3.562551851674128578e+00
7.709224518317043362e+00
3.900213552333518852e+00
-8.797265651971908795e+00
-3.042679364753786420e+00
-3.319620636386785950e+00
2.842181246176826548e+00
9.497736867949464923e+00
1.674785080388370595e+00
-6.031661546196909640e+00
-1.128122437977722470e+01
-7.338710463799043460e+00
-4.703754760547267821e+00
6.468925496110248474e+00
2.595951187998617016e+00
-2.707177717011927109e-02
-4.277736138767293639e+00
-8.186724362586289772e+00
3.988528345439096068e+00
4.494840374451122500e+00
-1.109296612471236188e+01
-6.204379819209140834e+00
7.427865466621610402e+00
-2.655939563911593027e+00
4.021869281204895508e+00
-4.470018024491543507e+00
1.404954696655690505e+00
-9.063078249397058528e+00
6.129675282462224040e+00
-3.671748410719832378e+00
-5.737312745689099103e+00
1.952552074419048767e+00
-1.018935942685986085e+01
-4.212433338700127816e-01
8.977425894824154540e+00
3.829829150141295102e-02
8.078099200484232245e-01
-5.883732673674482605e+00
5.262976729781689400e+00
-8.236089261331220879e-01
1.075115563706071642e+00
-2.603341459424391990e-01
6.896361459243444125e-01
3.078615845924611349e+00
1.344137869345741754e+00
1.305691164460878184e-01
7.714444818875934473e+00
-7.164507368321340941e+00
-1.720290472416166505e+00
5.333438127797467398e-01
4.624249633516766878e+00
-3.901987164142048492e+00
-3.596900721628637498e+00
3.562458950599360907e+00
-7.109757923128551482e+00
-8.320263407845054360e-01
-2.134285579483686135e+00
7.780935300404189015e+00
-2.767816831227019048e+00
4.714789587272590232e+00
3.273679717339248452e-01
3.771877498139620588e+00
7.377582441311616890e+00
-4.607486925791485000e+00
9.612008732111821274e+00
-3.139391232320122960e+00
9.945632690737596704e+00
-3.915299292011364507e+00
1.113992662077744100e+01
-2.438813320374669136e+00
3.745930270026616604e+00
-5.803222515851423680e+00
-1.641090164940918639e+00
2.951354108290823230e+00
2.592006101127370066e+00
6.899816053685183803e+00
-3.148623109830246403e+00
2.266676358307714079e+00
1.546454005139821675e+00
2.373030587055367402e+00
-2.334458941659557141e+00
2.734081432284507507e+00
4.325262402262366912e+00
-6.774395910399282350e+00
7.068955413714231639e+00
3.560755105860010872e+00
-4.041459202413725471e+00
1.658379310840851550e+00
-8.229519730769757402e+00
-3.367047220388783568e+00
-7.345789767007484983e+00
2.335146772042318020e+00
2.127953881580743722e+00
2.400239725936960333e+00
2.651623135465668746e+00
7.771691499524071567e-01
4.615351761459851154e+00
-3.676146554552254031e+00
-1.532139272189748214e+00
2.869798714141069240e+00
4.552499106270346374e+00
-1.443896581318328565e+01
5.320424704292211260e+00
1.104881516929412477e+01
-7.602345328331403529e+00
-3.450407677640052739e+00
8.427828668192782757e+00
1.269642728509531793e+01
3.228301283143647726e+00
5.479689505813448491e+00
3.268513683943138126e+00
-7.481863858562039837e+00
-6.949598379532908154e+00
-1.623308541285937157e+00
-5.364902628321358335e+00
2.838555927336005258e+00
-4.767748956167233487e+00
-9.704217564053179146e+00
3.053656580550326183e+00
-2.195699333567348255e+00
8.636058293929854912e+00
2.974631427334680112e+00
3.193700797120212265e+00
-4.808167126131534630e+00
3.953553674858960587e+00
-3.397653411017107050e+00
1.049479238524400504e+00
5.425023131692262801e+00
1.549930990912905315e+00
1.850250096381090970e+01
6.836206629689996817e+00
-5.784091018247742966e+00
-1.986151552767542849e+00
7.966195967746346085e+00
5.440486286365952218e+00
-3.862370995707911980e+00
8.442952425961149032e+00
2.525690621557764581e-01
5.454383698935314051e+00
-2.041186413932727817e+00
-1.208173627439706133e+00
6.369735451522458014e-01
6.039978335415705502e+00
3.850036917959014815e+00
8.240468319998495161e-02
4.362596898266422052e+00
-8.966898843248337414e+00
1.357198706429730395e+00
-4.030303243769731703e-01
8.410170238895439354e+00
3.154044898450364176e+00
-7.604694123924596871e-01
-1.374430685812057407e+00
-8.060612641578570603e+00
8.725246757350715310e-01
6.341333044949993614e+00
2.608495796896531438e+00
5.270831016899172994e+00
-1.085741198253351492e+01
-5.594467918124623296e+00
5.422364212084113122e-01
4.020052107982185596e+00
4.668532197066655343e+00
-3.519454307307408936e+00
-1.734695189542422256e+01
7.955020834840814459e+00
6.353992431298167709e+00
-1.036328912296522464e+00
8.871499915959650817e-01
-5.935544752802456081e+00
4.464029720664365541e+00
-1.179869250463349672e+00
7.586631838789219096e+00
