-4.838941432765453854e+00
-2.837065940021545885e+00
3.774670282598379778e+00
1.120586176525806898e+01
-3.883977134497702099e+00
-8.979957196418187237e+00
-5.637401636975155839e+00
2.504273632888414980e+00
7.532634983457280775e+00
1.384375099324376635e+00
-1.271138591773486537e+00
-8.509554657078847839e+00
-2.140870127451130589e+00
-1.634209499965548318e+00
7.640562234660586149e+00
5.716146775387575651e+00
7.019487982851067009e+00
-2.234240551143901854e+00
2.630532453694788497e+00
-6.545125086523255753e+00
-1.178553066154216289e+00
-3.604283320344726427e+00
-8.384298209729642792e+00
-8.834004371337154105e-01
3.351383875388091571e+00
-4.313289490726824660e+00
3.127515906735900408e+00
5.674881096982561601e+00
-5.293644960994471127e+00
-4.197885412815415052e+00
3.340118853542189736e+00
3.359647530121318226e+00
2.456479519358520935e+00
-1.519234437877843735e+00
5.468067133577803496e+00
-8.477376763590953601e+00
1.005910446299377803e+01
-1.945303096971538137e+00
-4.216006485020967531e+00
1.900473657219350909e-01
5.245681412552412937e+00
5.869078484787486616e+00
9.691105937871210330e+00
-4.708606352481504054e+00
1.075500657858574183e+00
-3.454165770480922770e+00
1.882907381799662438e+00
5.112146597876162879e+00
2.569200829113056361e+00
-9.198185008407419039e-01
-3.606606899478989270e+00
4.931414063192936403e+00
-1.106150713936695507e+00
-3.074556752956719707e-02
-2.190018319682564218e+00
2.532956559162444776e+00
1.205751393109311120e+00
1.039172477545385576e+01
7.425809437810462654e+00
-2.852168764738240991e+00
1.211158734414170990e+00
4.742797769214853965e+00
-9.194777257416925087e-02
-1.160921454837251954e+00
4.445674382643154843e+00
1.961363165334047753e+00
5.060255237597134581e+00
-3.539215950893319640e+00
-6.367104765615809292e+00
2.668637204717282163e+00
1.283167226761157664e+01
-4.372900715749429068e+00
1.193265708848121776e+01
-3.325542696221152728e+00
-4.846126950141388612e+00
5.637548839401635981e+00
1.894477537391334288e+00
-8.034133263294969129e-01
7.783124560831934602e+00
-2.708149117114795335e+00
3.568852900232538650e-02
2.334356933667278700e+00
5.053295814277030118e+00
2.480327631392722942e+00
-1.326023850339050547e+01
-6.589025804397279806e+00
8.235381138228353493e+00
-3.781510947654070698e+00
6.860985060187954510e+00
1.390398674211937635e+00
-4.227578393296771431e+00
6.508950422319349727e+00
3.141124155655907302e+00
-1.154279193862021025e+01
-6.281833244605054212e+00
8.440975655476767869e+00
-1.333802269294797060e-01
-5.636826084893489686e+00
-3.254204558211664988e+00
-3.408386977477136703e+00
-3.285423369100594293e+00
-3.549438408716118598e+00
1.531809968284382206e-01
1.767476324258050902e+00
1.120296399547189431e-01
1.654074771985069248e+01
-4.341676032004366803e+00
-1.398116556680274014e+00
8.449841506478890096e+00
-2.149495037504761896e+00
3.004292395267772697e+00
-9.490453257195673231e+00
8.425004770293273992e+00
1.233412133954152334e-02
-9.774006214606596465e-01
3.164799147778182054e+00
-5.036867398800075613e+00
1.159668965287256714e+00
-4.889682596483058141e+00
-4.203247202038637553e+00
2.685376495119423890e+00
4.895648641519036559e+00
9.800703791336701443e+00
3.354132690867237976e+00
1.325732003307166007e+00
-5.535822959528859499e+00
-2.913590923348130524e+00
-8.754011090178819288e+00
3.169423464577544980e+00
1.273437810912780632e+00
6.093389296963273694e+00
7.657461750897780473e-01
-3.173705599245495002e+00
1.267410243587784979e+00
-6.291503849881495469e+00
-5.572843845983104671e+00
-1.575975670102486603e+01
-3.675162981793895334e+00
3.883236823569774732e+00
9.986333212732404263e+00
-5.629555632213483207e+00
2.913881665287097356e+00
-8.780792650692765378e+00
4.312599962793826069e-01
-3.907062258080931549e+00
4.374749594668600139e+00
-3.061641807208707267e+00
-2.528179469591787409e+00
-3.080400679864780500e+00
-1.718280806679460149e+00
7.942253037995087972e+00
-1.653281906583783600e+00
1.150507301836664809e+01
1.880046339668978828e+00
-4.040686888630383722e-01
1.401259436997373875e+00
2.945764016824044429e+00
3.059525309846791163e+00
-1.357369853923058756e+00
-2.011926147963965406e+00
-4.265671162265000094e-01
7.336845691825908844e+00
6.446549183145172890e+00
3.852353438209018321e+00
-2.768388191294558709e+00
3.069954535432966924e+00
1.213570987138609247e+01
-9.924389519220173650e-01
8.989706471020054934e+00
-1.016448191601437756e+01
-2.212238461573795778e+00
1.112687938273944299e+00
3.610308523390653779e+00
2.345184223770924170e+00
2.929991475849387239e+00
-1.299222730194562025e+01
-7.963640741798494460e-01
4.919152313547497712e+00
1.849711614797403980e+00
2.499088613283408034e+00
-7.389243237825024124e+00
-2.076728347231711069e+00
5.225996183934343620e+00
-3.575079680220803802e+00
-4.044266338139450134e+00
-8.400455499215681021e-01
1.144462380103367494e+01
-8.162032596101829185e-01
4.229028737764649826e+00
5.835705557112133013e-01
4.452972000996561874e+00
-4.868269592549279157e-01
-7.717279801982485310e+00
-1.406962714567704786e+01
-8.040263487569367484e+00
-3.380208202250234439e-01
-7.679911368211526090e-01
-1.558757721495058979e+00
-5.261012492688933229e+00
-9.211889441142044888e+00
1.051696883000091809e+01
-1.311004104704023288e+00
4.343302959650396922e+00
3.519727085699938751e+00
-8.390108968475439299e-01
-2.371871692903358420e-01
9.622923737294943880e-01
1.453503873076191777e+00
2.598046395883848447e+00
8.174854060162960678e+00
-4.652824521997941942e-02
1.026606228422908274e+00
-2.532455182924881143e+00
5.021614341264095671e+00
-3.817502737307176375e+00
-1.067570039324997611e+00
-6.613262638711679742e+00
-2.507292785070380781e-01
-5.849358437595712168e+00
3.499674581733582812e+00
-4.255980228584098413e+00
-1.429755938640870738e+01
1.430488492376423615e+00
8.304995765624240134e-01
-6.174542939559251487e+00
-6.728523782791805630e+00
-9.038597921609639485e+00
-1.460681196135019677e+00
-3.727845785913967536e+00
4.392707666645329745e+00
1.220543504921059119e+00
-3.746124312614008467e+00
3.019095599025205523e+00
-3.635791172125836468e+00
-1.056833426261938946e+01
-6.926527027392796576e+00
-4.254046307146542638e+00
4.487865307363743561e+00
1.436762294919330385e-02
-4.929266022339032993e+00
-6.106180377150908889e+00
-2.548413123618534115e+00
2.452381565504283323e+00
3.927997072890560659e+00
-4.598331375539835286e-01
-1.477055698870740397e+00
-3.320162021333127544e+00
1.871217851012362487e+00
6.989099815785339231e+00
7.085855121771914789e+00
-2.970750203975024206e+00
-1.764910997610759313e+00
6.250407825864901845e+00
-4.716224696309914144e+00
9.902782732054026482e+00
7.208392103328687961e-01
2.791496333012100539e+00
3.207869554014123548e+00
9.519399294100091780e+00
-6.162880248608479050e+00
-1.406591514247559349e+00
5.198198457468565792e-01
3.636057492891641818e+00
-9.159382958224271398e-03
-1.130439779030608172e+01
