1.696871968318900414e+00
-2.445342153422289222e+00
7.951901021894031807e+00
2.709355624253537709e+00
1.579610297341639047e+00
2.092709347029048761e+00
9.459667448708414250e-01
4.130570956087828094e+00
-1.195137816136537801e+00
5.243563611588327733e-01
-1.650412051982264483e+00
-1.685129819730431633e+00
5.592509435362272185e+00
2.278247223271134825e+00
2.155722790335479200e-02
-3.525348235321047241e+00
-2.677481840271362379e-01
-4.034899844561602222e+00
1.549883356276472224e+00
2.917465850633880642e+00
3.038918458293786706e+00
4.475318027076801819e+00
-4.336097716337212304e+00
-8.457014060431269797e+00
3.804345102229941822e-01
-4.723839133065086848e+00
2.976299315077983731e+00
-2.512006934683480353e+00
2.138516021380053034e-01
-8.671280527348974587e-01
-4.492411781699800599e+00
-2.607860580971417264e+00
-2.107733699775789393e+00
-3.916784245237161066e+00
2.759904734716855046e+00
3.157257648779606463e+00
-3.838619878815645592e+00
3.258959282954646319e+00
-7.089016499050731390e+00
2.568313617166588791e+00
5.712124618671199361e-02
-3.264839677651676375e+00
2.854272581181156010e+00
3.465573349525165714e+00
3.989938273643261479e-01
5.483382125309756994e+00
2.156290607985621444e-01
5.412805947973818199e+00
2.436364672906441875e+00
-8.076300303818487736e-01
-6.538003889551539771e+00
3.031021898864287412e+00
2.685653749766517606e+00
2.594334883652981150e-01
2.744172813782789877e+00
-1.427729098648852890e+00
4.369733150862087356e-02
3.544814433264242837e-02
1.423507834584405440e+00
-1.229499488548867259e+00
-1.898739565559995235e+00
8.887622907231977010e+00
4.745293938929365574e+00
1.281004021609650101e+00
2.284639041019865258e-01
-1.704437315084795346e+00
4.328312875207928734e+00
-3.585671961887229031e+00
1.434423049640009884e+00
-3.169284747825062087e+00
3.217476799851908709e+00
-7.764183401132095375e-01
-2.938677876276569734e+00
3.128546149691648903e+00
-3.206317320309368224e+00
7.687573850288759170e-01
-6.085008580625341779e-01
-4.127683040666157765e+00
-2.844500545230578936e+00
-1.331640916078450587e+00
4.243025225748329632e+00
2.744986960200916482e+00
-2.549319017301821866e+00
4.107365313981885535e+00
4.709342177700712284e+00
8.263504038388711503e-01
6.409616725363123990e+00
5.608578659534906308e-01
4.294557635457680433e+00
1.565744748062853464e+00
3.700476305639061603e-01
3.678157495286576983e-01
-1.788935745165476154e+00
7.820621186253267076e-01
-2.600154641399995636e+00
8.424825923608045830e-01
-6.121377196574731450e+00
-6.750986895512965269e+00
5.765248193413934352e-01
-1.327760989323668817e+00
6.031514012490982735e-01
5.574214692164303209e+00
2.615308847684639559e+00
2.599035226482439676e+00
2.427340760623347471e+00
-2.988430879984333988e+00
4.722748211993923917e+00
4.131265353745590119e+00
2.540957511549281733e+00
5.315070798071950264e-01
3.566781845495996528e+00
2.413670363189927226e+00
-3.185452732005083387e+00
-2.205797251234170586e-01
-6.360538462992145980e+00
-6.955691701765859492e+00
-4.081870581158165479e+00
-2.623311192652185042e+00
5.853958300314356045e+00
4.190495202323436530e+00
1.248429924126718715e+00
-9.062844071849873728e-05
4.298713983784396397e+00
-1.890910249722773440e+00
4.681292837173435473e+00
-4.838499678757452571e+00
1.715297879734744457e+00
-2.622133612725951135e+00
-3.452597928508225333e+00
5.748905742993335455e-01
-4.106370218026555108e+00
2.711198505169957418e+00
1.751423745138360077e+00
-2.041910948936574322e+00
-2.472931932988303050e+00
-2.757120153289567721e+00
-4.879225430216127535e+00
-3.089547988189750072e+00
-1.172379571883203297e+00
5.790367551245662270e+00
-9.004042199847537731e+00
4.276043269558384097e+00
-2.608892981236489828e+00
-1.418033184723694440e+00
5.275145357513213451e-01
-7.286557034651547360e-01
-1.089797139473680332e+01
-2.285833661139694328e+00
2.739734881156626667e+00
-4.182851646629191400e+00
9.125440315698952753e-01
8.185867803981083934e-01
1.964430028679760021e+00
-1.872905452706778995e+00
-9.147368733137548613e-01
4.281651182230940544e-01
-3.431717179673403173e+00
-8.641934021333895766e-01
1.052817577425479323e+00
1.081492858760487730e+00
-3.192023647836076394e-01
-5.371105810784821966e-01
-2.252988420315288898e-01
-1.465029781219743699e+00
7.451858101820114655e-01
-1.982726495704651315e+00
5.244579742064555683e-01
1.726140784882129520e+00
4.588189506548635554e-01
3.340812619382297122e+00
-1.001554027842615824e+00
-5.715793228952388283e+00
8.817167599548925150e-02
-3.901859005999882779e+00
-1.268975881500501446e+00
-7.999835340566517905e-01
-1.511810524558359514e+00
-3.122963671820624398e+00
-8.746723262039087787e-01
-4.006675312873655415e+00
-4.755393422298210382e+00
1.289991937086262919e+00
-6.990135491649118737e-01
-1.761801940957236301e+00
-9.140816570812593245e-01
5.958686152090130861e+00
2.667114125824735282e+00
-8.970339483238446432e-01
-3.301822877099022335e+00
-1.550027532144496734e+00
-9.820069942905955696e-01
3.849967337987690197e+00
-5.188607707178018558e+00
-4.484697880422715777e+00
-2.660657888248397995e+00
-1.045677492929603103e-01
1.852532996120382913e+00
-1.639963122196503642e+00
1.996152010451659464e+00
7.144974257769112214e-01
-8.735960260294939328e-01
-5.865408232778139386e+00
5.059083889991966565e-02
4.305828420784203914e+00
2.353876055247268617e+00
-1.396146165482490265e-01
-7.797144988793128784e-01
2.679717391410430860e+00
6.164685101270371836e-01
2.487185021850836453e+00
-4.576021701080475346e+00
-1.128897092268910995e+00
-1.388531744096855647e+00
-3.722131609341288172e-01
-1.851329002827283521e+00
-7.866342311758161898e+00
1.858808099263743685e+00
-4.796735673490404750e+00
2.488099304750779894e-01
1.308013418375468806e+00
-3.339513152391385464e+00
6.828096662450998444e+00
3.855720524967826801e+00
2.917786381076488134e+00
3.220042931991186075e-01
4.298590285259508370e+00
3.965284739866795416e+00
4.373446650201284314e+00
6.883694905310207446e+00
7.402354885079232005e-03
6.990422649414848699e+00
-2.329367331590452395e+00
6.808553857037633605e-01
-6.296685803966857620e+00
-6.527800137206670961e+00
7.208207385027930458e-01
-3.214437543603967828e+00
1.264860278369854818e+00
5.953025243095522168e-01
-1.785827264343293086e+00
6.047301979610208100e+00
-3.224874573462471083e+00
7.618990607070001975e-01
2.283182584992442088e+00
9.631190586919798902e-01
4.520472215695661156e+00
-4.174844485457796850e+00
-1.782224970239888240e+00
-6.782234803080097185e-01
1.994432452380651588e+00
6.390821204099856878e+00
3.814564100496399046e+00
2.730010313072000372e+00
2.288037902805067692e+00
3.286168488739015014e+00
1.849854448452826539e+00
4.161721976016968805e-02
-2.742807103143982239e+00
4.131549906072700118e+00
-2.795436188684866874e+00
-1.214365111701346978e+00
-9.933272069374383673e-01
-5.528171558175316580e-01
4.675623120487607309e+00
6.086091186146811438e+00
