1.312494604003738408e+00
-3.056088339998318748e+00
8.438305695080536850e+00
1.776620889160000605e+00
1.616450143132434958e+00
1.775290248534862059e+00
1.566044518575735900e+00
2.236961789592175176e+00
-1.605738404649962314e+00
2.164371594236066954e-01
-3.056114576781119752e+00
-1.511514268551640505e+00
6.332038443644722570e+00
1.841359733811394506e+00
-8.438274966722881798e-01
-6.067977637309929229e+00
7.733318242551960875e-01
-5.880238857827671417e+00
2.918679750054861799e+00
2.114096209027723217e-01
2.434899354077690425e+00
4.546746637386727130e+00
-3.358390908541677877e+00
-8.132862527179526069e+00
1.791483510091350373e-01
-4.125837010479858513e+00
2.941313849271666836e+00
-2.373778945799763118e+00
3.164464709123551156e-01
8.667895035295369865e-01
-6.710403715712856432e+00
-1.411006632226647017e+00
-9.165746903607567830e-01
-3.821808609326586392e+00
2.285920289366004443e+00
4.724022917923122122e+00
-4.125115656774866579e+00
1.822780019640524163e+00
-5.849334141326963277e+00
4.785071584502223807e+00
-1.499038942373034811e+00
-4.370092954778765026e+00
2.548496178817092339e+00
3.542824217168009771e+00
2.959234771394604557e+00
5.496861071467779247e+00
1.304035259797824420e+00
6.698784460807292618e+00
-7.602561749400935653e-01
-9.719348076002713999e-01
-7.400939472003503994e+00
5.789716951441855608e-01
1.042575355248103186e+00
-2.925323764530152193e-01
1.519599941932905152e+00
-2.939566948198918395e-01
7.432635440213688494e-01
9.265505508396723044e-01
9.848693088382342031e-01
-1.433254304944187707e+00
-1.997802227581839007e+00
1.030109749661549223e+01
5.432850165950054766e+00
5.511700789060245853e+00
-6.435180137286338198e-01
4.366250084123305397e-01
3.327184931016702762e+00
-3.245175477328828606e+00
3.433168584999743089e+00
-1.919946503865145093e+00
2.377435789980028247e+00
1.255629774083389938e-01
-3.813389171696017321e+00
2.146098210451058197e+00
-2.606872050110118799e+00
-8.054419688708314151e-02
5.093922443615834794e-01
-1.149414399095932016e+00
-4.035070256646254627e+00
-2.675188941391218322e-01
3.157903760705332186e+00
4.011990935250784318e+00
-2.285203923240894497e+00
4.919277061176354771e+00
4.869454271211353102e+00
1.216763283057416878e+00
6.577011284727458218e+00
-6.726990589061071502e-01
6.391094196244754500e+00
2.405828235766850121e+00
1.037522559534882260e+00
-8.742811553863075735e-01
-2.325428372056196569e+00
8.419481658960527026e-01
-6.302387014601377402e+00
1.253734874679052425e+00
-5.472023822965069506e+00
-7.430619768289099980e+00
1.995497826155565591e-01
-2.351667284934730873e+00
-4.101699836251427311e-01
5.302722266649922744e+00
1.564285925729498317e+00
1.261799125491595008e-01
1.685244146489665917e+00
-3.696340745328826838e+00
5.764001052544290182e+00
3.327267710709735482e+00
1.563785009310707519e+00
-1.519549342957355664e+00
4.573186827656158471e+00
2.439780917691765083e+00
-4.147720424892411550e+00
-2.413204648570329569e-01
-8.672458120348464305e+00
-6.769331343656872946e+00
-4.967495672507427074e-01
-2.975407757225540628e+00
5.140327615270213535e+00
4.819907905170278006e+00
1.547504960481713265e+00
-5.240596641161450187e-01
3.977034679003188966e+00
-2.435960168214497568e+00
5.338955726889182074e+00
-3.346016711021572831e+00
2.845353437370556904e+00
-4.164025758043121250e+00
-3.799487702465000005e+00
9.175255060985634259e-01
-3.649383311725009627e+00
2.776730617739591622e+00
3.779372585031314902e+00
-1.233199101438906986e+00
-1.274332252810344901e+00
-5.471885480758038156e+00
-4.118637286413246557e+00
-3.108161544214429473e+00
-1.632781113383862337e+00
6.543967636930049458e+00
-9.153206427799341682e+00
3.081014889663185929e+00
-2.181858298041438715e+00
-1.316974794782777458e+00
4.346441736186837379e-02
1.757532327383391602e+00
-1.230183476001258747e+01
-9.011040165727782769e-01
1.873155130840027160e+00
-6.776319020413366090e+00
2.160153906421980796e+00
1.329544070101310593e+00
2.300131625199117291e+00
-3.240507806940335911e+00
2.894176016422279618e-01
2.400192482567808927e-02
-2.208825461808566981e+00
5.231968349660393036e-01
1.544206738141620683e+00
7.568187412206875408e-02
-1.070663328886385823e+00
-1.022957382026618456e+00
6.773566127613912524e-01
6.447771212791453266e-01
-1.184756401445804297e+00
-1.458063201411966769e+00
-1.251444164432377049e+00
1.179734484063290179e+00
-3.849395536617371549e-01
5.871496347292266549e+00
-8.810228018009953477e-01
-4.549856184203612486e+00
1.893441073672391894e+00
-2.663939825077603629e+00
8.577343969863704398e-03
-1.967615727671535808e+00
-1.500395135993571438e+00
-2.846895353497007175e+00
-1.343899230160010561e+00
-5.424068075365374497e+00
-5.870865020882263252e+00
4.474529050354112969e-01
-9.501850895976754474e-01
1.245297747546083800e+00
4.515839312408586048e-01
5.155082664111743540e+00
2.326135218522511927e+00
-6.014083167491770521e-01
-2.626705896507785631e+00
-3.115728385538529821e+00
-2.318927481086429765e+00
5.480611091443727823e+00
-4.884918134150120217e+00
-5.659163278893823978e+00
-1.731214329303511601e+00
-2.829896365423780757e-01
3.109641363682095871e+00
-3.507555229840664701e+00
8.667109424657252204e-01
3.187727368570999253e+00
1.912827207771277793e+00
-5.317420284154697363e+00
3.342416391597984315e-01
2.166739392145619725e+00
3.698607310362522327e+00
4.954900761587575087e-01
-6.784452798232863957e-01
4.248128601557993100e+00
3.078962493480273399e-01
6.389608051405661016e+00
-5.495526113267910517e+00
-8.429486095599787454e-01
-4.239599899809414763e-01
6.393310459881638153e-01
-3.460691479369287782e-01
-4.053115541205663419e+00
1.397367850612884155e+00
-4.375400435638712615e+00
-5.700453068758498665e-02
8.160772783355476623e-01
-3.348328562118173757e+00
5.070417119571545506e+00
4.397308560491961060e+00
3.873985781501785297e+00
-1.448611760435696283e+00
4.810416325055723696e+00
3.476876278904168949e+00
4.963188811354566354e+00
3.854562089959331583e+00
8.102416736579772794e-01
6.930554906243687974e+00
-1.283476645995506038e+00
2.005196673953727693e+00
-8.611636441236804274e+00
-6.283803902302667055e+00
1.066999310516991262e+00
-2.376203669099375304e+00
2.001756748423282772e+00
-1.203577991237880784e+00
-9.601254486548751466e-01
4.537218216676165206e+00
-3.833072642220642479e+00
-1.011308964845696767e+00
3.498292737149433229e+00
1.773882314557059248e+00
3.897236899194107096e+00
-5.347648812376910143e+00
-4.763491399335262333e-01
1.254238377278000804e+00
-6.761616702408603796e-01
5.716639794437712752e+00
6.590623977020761970e+00
4.034210468466502775e+00
5.833965592151781898e-01
1.752853675181367699e+00
9.577716589350437904e-01
3.318944296180891818e-01
-2.585424645033687963e+00
3.194791725939524873e+00
-2.004259883503589634e+00
-4.223113442335409418e-01
-3.272429372871137332e+00
-2.551285743685518526e+00
5.919083098528741260e+00
7.190995069930400163e+00
