1.004303919241236631e+00
4.240367963576498589e+00
-6.931701755539576126e+00
3.597180888413056721e+00
-3.820065967207178836e+00
-2.644711070604760295e+00
2.452762972497294136e+00
1.024128097860680930e-01
-1.063720598104058723e+00
4.534507435016332799e-02
1.632186348869201442e+00
-5.137012910155299927e+00
-2.043920385737266976e+00
-3.929086230043974837e+00
-1.035633148612475463e+00
-4.699096954386161040e-01
3.424151093818030844e+00
1.054093917820239534e+00
1.845279156293799128e+00
-5.095183803288692026e+00
3.243188440946410456e+00
3.436117104225435259e+00
3.706836070138076700e+00
-4.741341037965209004e+00
-3.060744223882120085e+00
2.270682091893743149e+00
-1.184953392088409441e+00
-1.334335235446859169e+00
1.008531013194444270e+00
3.736383571784867463e+00
-3.700650016946728016e+00
1.876918348759534449e+00
4.467146398257780149e+00
-1.682700752367496388e+00
2.391028929224367161e+00
3.145182228263573965e+00
-3.714806126445709733e+00
-4.983357331067343132e+00
3.624149227042394172e-01
-1.599394032043079728e+00
8.777476097506553554e-01
-1.062040055284561024e+00
3.058543017117609786e+00
-5.710778573723787055e+00
2.765897495678842688e+00
6.961804388573221480e+00
1.559652980815909307e-01
1.914339762203068895e-01
-1.935751958377480042e+00
-2.812900278127130171e+00
-2.867544433210329480e-01
-2.253714572640425740e+00
1.852980163594943608e-01
2.321958789945271828e+00
4.585640243734464327e+00
-5.380714595099560960e+00
-9.896934749482215743e-01
-1.391704131197925687e+00
-2.945946441062926802e+00
4.214017871809709881e+00
1.344718067505702663e+00
-1.617512122075888792e+00
-2.957492641580738546e+00
-5.565763522135543262e+00
-8.545631722796499519e-01
-2.644952488608101948e+00
1.238356022460064043e+00
-3.694070485977342111e-01
-1.942489777440675747e-01
2.928312916412907363e-01
5.944738044858031145e+00
2.507869439681988499e+00
2.740770018986261825e+00
4.415127242779843808e-01
2.261647037192757725e+00
6.304546515162797737e-01
4.611360587528325894e+00
4.082406139157352953e+00
1.315838688109016275e+00
-4.766407155495640424e+00
-1.408630828447050565e+00
9.567349819673616196e-01
-1.863890656998389961e+00
-4.647557935323614942e+00
-4.387745611731602047e+00
2.710501734512308136e+00
-2.292415876417346787e+00
7.523619271353638283e+00
2.088083514533378704e+00
-9.772183005426138269e-02
-2.546926819983474477e+00
1.172430383405139498e+00
-2.663261775749002247e+00
-1.687935766133375814e+00
1.867181875806814828e-01
-2.177259432395114214e+00
-4.152081289216624782e+00
-2.506624570292322218e+00
-2.845364283632674685e+00
7.461501559219867463e-01
-4.580644117130865389e+00
1.223298975720748194e+00
1.710326311819487133e+00
1.101459894793706207e+00
2.390015365735194131e+00
-3.410467095152425632e+00
-6.829660828944645878e+00
5.337800933838466877e-01
-6.218013178255382023e+00
4.763823160972596504e+00
-4.087534759652172056e+00
-2.257270152042910372e+00
4.462171850866351264e+00
-9.681563317844104066e-01
-2.163843015292749250e+00
-1.992288774334842749e+00
1.900918160511802846e+00
4.329045024539480480e+00
2.028953863589047391e+00
-3.484314489002311443e-01
-6.305268160045222281e+00
-1.467406433529890863e+00
-1.297305247044062249e+00
2.756364166195867327e+00
-3.325257847669732314e+00
4.986226743239252635e+00
1.397571320069280087e+00
6.189566324305692646e+00
5.844388578431149561e+00
6.721343655524107952e-01
-3.797316690947258322e-01
6.763705301590203778e-01
9.683344201689669806e-02
4.548871451225635631e+00
-8.221795478779080568e+00
-1.233394674833110827e+00
3.499641502415086425e+00
3.258291788995522964e+00
-1.113923203680626528e-01
-2.298989920303845302e+00
-9.141009129003502265e-01
-1.071196563552970549e+00
4.292923971132349692e+00
2.959219920370351975e+00
1.554463064288619467e+00
1.363891121657314853e+00
2.749566588880532070e-01
3.340083236007448941e-01
2.513177453192797728e+00
4.815329132361192421e+00
2.191461061994097459e-01
1.582329110202639333e+00
-4.955047709012506685e-01
2.939474663521595588e+00
-1.243377328038224761e+00
2.284814007750648468e+00
2.699515418974486103e+00
-5.469663372136610135e+00
1.424566557162538327e+00
-2.265072940915213273e+00
1.480091357690726861e+00
5.151101892008965066e+00
-7.172514540361728530e-01
1.609165669176178204e+00
-3.869097835827348675e+00
-3.798979441099592069e+00
-5.320360121348831406e+00
-7.981729780458740597e-02
-1.614023154229240031e+00
1.188475367939704430e+00
3.585134201375401730e+00
4.325250188933351225e+00
-2.352855947433536876e+00
-1.756527285506928493e+00
9.862915843799374693e-01
7.527735212424580880e+00
3.997525723573024603e+00
2.032379305942086489e+00
1.768003596556250834e+00
6.140000631716739932e+00
3.462460134431867509e+00
1.274666606509616829e+00
-8.732962024521473410e-01
-3.077347310258340407e+00
5.406115853384934056e-01
-1.825459854719154063e+00
6.170994008746237824e+00
-1.507281113959879404e+00
9.658885525565419350e-01
-2.792870603383748040e+00
6.403853363652357800e+00
3.013070832461864357e-01
8.421923146151895079e-01
2.809227329296096975e+00
-3.294362789642031331e+00
-3.683333828778307506e+00
1.100407539418299940e-01
4.381192198307974905e+00
5.733510469868131620e-01
-3.052199943020211581e+00
-9.700097080956127105e-02
3.049530770165107540e+00
5.890075584808094789e+00
4.670242206987320621e+00
2.157807681754249973e+00
-5.755073480503389849e-01
9.077912226491950953e-01
3.512426292014726226e+00
-2.072518823695973733e+00
-2.642047509379092052e+00
-8.649969103231534007e-01
-3.298185054451169940e+00
-1.155769130588885085e+00
4.350029055036790382e+00
2.828664617182447216e+00
8.714120423609871269e-01
-8.651295342707894243e-01
1.806171565456036632e+00
5.657563354424922863e+00
4.937567384421048367e+00
-3.200891555082059359e-01
-1.026982483372567811e+00
6.956939755719737661e+00
1.605181578639661932e+00
-6.554576375448062819e+00
-9.445709516572444731e-01
2.239071697167536179e+00
-1.595696120875229607e-01
1.369974165095353857e+00
-4.297664846954396545e-01
4.129765356296110634e-01
-5.642673774182000557e+00
-2.967384574125010666e+00
-3.169758993930086088e+00
4.071047391464631460e+00
2.589344781351784697e+00
3.032426194268566633e+00
-1.085574860021167432e+00
4.746138381467001288e+00
4.124898832896785272e+00
-2.506406560539674366e+00
6.638905480362355505e+00
1.346230213865383885e+00
7.857663098369876309e+00
-1.015703635938115301e+00
8.047652282047834671e-02
1.209458306263735849e+00
2.002555414263477718e-01
2.586854461904203095e+00
-2.322939787098206033e+00
-3.033207174096850700e+00
-6.296935530634349298e+00
1.145864298888547683e+00
4.735888970632107231e+00
5.107468200282703208e+00
-4.040743732338225591e+00
6.548637881335859667e+00
3.950453786304404802e-01
3.429456564546554120e-01
-3.730374417229358475e+00
2.605153882625151240e+00
-2.351715294013333679e+00
4.428800516916889585e+00
-4.649430852035926875e+00
-2.111474792328270400e+00
