1.474972506244104586e+00
5.235079829030779841e+00
-7.215680846863505415e+00
4.086252999042385703e+00
-4.733816716299743987e+00
-1.492843283999570003e+00
1.680882461937429850e+00
5.229243072881815113e-01
-9.808992584802345149e-01
-4.615679317254870462e-01
3.332547390565931078e+00
-5.159512111067424023e+00
-2.230214482671790677e+00
-4.001486251341226819e+00
-1.648945425814582810e+00
-1.519699295419912333e-01
3.623291234831668373e+00
1.927796602981438845e+00
2.726160242333238504e+00
-5.435513529533029242e+00
3.352735642581290421e+00
2.828437077021897395e+00
3.066842628697249218e+00
-4.652245540960491255e+00
-2.896823815831615967e+00
3.085263613441306951e+00
-6.423256200581916042e-01
-2.387767946860836599e+00
1.209944416737957162e+00
3.051142262226123947e+00
-3.538551541345669182e+00
2.133750245385382271e+00
4.096745826614344388e+00
-1.875131491660219973e+00
1.543664043423046195e+00
4.752240507507100808e+00
-3.653316035812989249e+00
-4.444039152231756162e+00
7.141503610425828930e-01
-2.505602331917238246e+00
2.505586021048822332e-01
-1.910737680787136794e-01
2.899755675285601075e+00
-5.354147735327269508e+00
3.662097031704797612e+00
6.556200577830322729e+00
-6.815422207353214468e-01
-1.510393238730079579e+00
-2.062980212611555952e+00
-2.498929040981958671e+00
-1.591814865804577650e+00
-2.105530522547602423e+00
6.185367331145913417e-01
1.622550782965168858e+00
4.988887242273061240e+00
-4.640251806478892682e+00
-1.006141884154057253e+00
-1.753472517008979992e+00
-3.085697883911739492e+00
4.848529290722781049e+00
1.478898503644822782e+00
-2.531171728233587714e+00
-2.473307029757313646e+00
-5.170858062209338080e+00
-8.106161664134614586e-02
-1.999730286749451302e+00
1.428284312579050752e+00
-5.256004042638323659e-01
1.137091464649105488e+00
2.498670580896711346e-01
5.429619544302805245e+00
2.873667827194791968e+00
3.682461646489210594e+00
-3.157456468077436407e-01
3.984140790928765163e+00
-1.849623767309825917e-01
5.334085418804424883e+00
3.788526807352672332e+00
1.495994164753406519e+00
-3.956398989665113053e+00
-1.532498868385797186e+00
1.261703668409603463e+00
-1.901859128384991271e+00
-4.129504944780231668e+00
-3.411236765027497064e+00
3.318398937938687787e+00
-2.565097071606983192e+00
8.766590332254029505e+00
1.108503004312774598e+00
-1.313288576441824951e+00
-1.480531970413143217e+00
1.250024333638646290e-01
-3.056341109193312811e+00
-1.272434507969157469e+00
1.038056001859904098e+00
-2.240970515973498500e+00
-3.996638556131845377e+00
-3.132818525416965816e+00
-2.577526624118839038e+00
1.442015327871637664e+00
-5.318405616558316673e+00
1.298988204287457426e+00
1.269212485420254222e+00
1.254873202127007703e+00
2.342708062578323425e+00
-3.516976386757247663e+00
-7.028139363992466748e+00
3.668405316836818031e-01
-7.212047814591899808e+00
5.485010275510393996e+00
-5.129833864222110407e+00
-2.401987818994384849e+00
4.649278934694667242e+00
2.250655396045347922e-01
-1.892251307143041128e+00
-2.497863908068725269e+00
2.065500027881737921e+00
4.634098177723243950e+00
6.731921842248429488e-01
7.174818351047230758e-01
-6.461517939480346584e+00
-1.436868547082818193e+00
-1.247337939819086472e+00
3.179700935726068600e+00
-2.666869540938220595e+00
5.016103481509343709e+00
2.285078416118351718e+00
5.425686521779181426e+00
7.161694996895452192e+00
1.230294962703988304e+00
-2.385430970370910064e-01
1.278342703727535890e+00
9.589699128747644075e-01
4.292402878566827340e+00
-7.912411742588993491e+00
-2.449233216508623023e+00
3.826526695961949720e+00
2.523376414444513660e+00
4.567680321224582007e-01
-2.632086585512043442e+00
-1.075439133519239920e+00
-2.683332870412414195e+00
3.384106532545466006e+00
2.958035638150394497e+00
1.586202998072421266e+00
2.060169613479396755e+00
-2.424064563779082526e-03
9.171681217318821133e-01
1.612798584686358394e+00
5.115681865695798969e+00
8.282520238762670628e-01
2.010324731548200905e+00
-7.357890458131837175e-01
4.337828784596941212e+00
-1.636946024731297467e+00
2.720512890259711547e+00
2.879382356451297031e+00
-3.953456154943567391e+00
4.122709244511667537e-01
-2.738170314098189451e+00
6.465690951227919259e-01
4.430858027038253155e+00
-5.317544610691167239e-01
1.566791143881144821e+00
-4.799314945047457037e+00
-3.366901445184911079e+00
-5.475015725878307649e+00
1.660212592824727551e+00
-2.657064851621805168e+00
9.492074373280314781e-01
2.250000109248030622e+00
4.048699682039654135e+00
-2.096337812568491721e+00
-2.135677098671188823e+00
-7.248829747528495737e-02
7.247737300246317460e+00
2.793503413744878650e+00
1.344247294359570244e+00
1.395828115987046258e+00
5.788000661333258634e+00
4.420167696514512023e+00
1.784532936120799551e+00
-5.293985043074311836e-01
-3.901670763423955357e+00
7.001593134409125341e-01
-2.007853992559122780e+00
6.942154627935972044e+00
-1.204171828234561037e+00
5.177725883236672377e-02
-3.013856970106187472e+00
4.411487083413522470e+00
1.133093406334946263e+00
7.339865565064197517e-01
2.308780583672900288e+00
-2.945689867654882832e+00
-3.350668957823098815e+00
6.693589453579010806e-01
4.121454655937075273e+00
2.589932552508659169e-01
-2.799189450337010054e+00
-9.748220842306762890e-01
3.053882047767160213e+00
5.380781901098249165e+00
4.540458120786889928e+00
2.420317192556289854e+00
-6.490949279031424934e-01
1.702544276483705654e-01
3.517947906592310936e+00
-1.579527592345348008e+00
-3.150081978922556036e+00
-1.566373401774488361e+00
-2.817938843092891776e+00
-8.841534795212746545e-01
2.898352918941053069e+00
4.114061939831217707e+00
-9.810036607801931874e-01
-1.872973377778637039e+00
1.451836964286205900e+00
5.399820356276840982e+00
5.208227348174633065e+00
-5.220502062967253831e-01
-5.168805770701208058e-01
6.453414120625664552e+00
4.244967377546655651e-01
-7.282878537776181105e+00
-2.642993240244917441e+00
2.164094140997382176e+00
-1.580166391134798731e+00
2.203606278280467734e-02
-1.223738768766000629e+00
9.802623622937238768e-01
-4.981724116514787859e+00
-2.772868121716909329e+00
-2.889478135861874186e+00
4.803984645433542866e+00
7.034596714253108507e-01
2.640409806780107171e+00
-1.099772834930121235e+00
4.812483547016983110e+00
3.377938034477693474e+00
-7.828687987313355245e-01
5.831328689348925565e+00
1.034670390369067272e+00
9.321503875907776404e+00
-6.853172467918530186e-01
-5.927005427555624983e-01
1.871588424516103188e+00
-8.785758322489167771e-01
2.225609337135624699e+00
-2.549346002309996084e+00
-5.806758180773514688e-01
-6.704543825581672500e+00
-3.679459934149965639e-01
4.752139248887912615e+00
3.802014503942090062e+00
-3.827005845140930340e+00
6.268728604999357579e+00
1.538197175079092816e+00
2.449350542144010101e-01
-3.970781310436900746e+00
2.990001758919982766e+00
-1.731636312624905250e+00
4.310504533500865598e+00
-3.913910233992654586e+00
-1.570693578783853184e+00
