2.140547514626091274e+00
-7.053792494508037692e+00
3.135838838684183560e+00
-3.223954336987298497e+00
7.080605659353331749e-01
-7.499221969573904190e+00
3.681176067400905527e+00
4.346005034392275590e+00
5.037937073209880268e+00
-7.841314479788098479e-01
-1.417374254329095473e+00
-7.578098262636656202e+00
4.063435285060764457e+00
-1.227315141446865709e+00
-2.578514127553519053e+00
-1.981102365037383239e-01
-7.505385910185853326e-01
8.186230159465045730e+00
-8.618459421576961654e-01
-3.254916493307981717e+00
-1.224220462831839162e+00
8.675136930675609648e+00
-2.555297329600746181e+00
-6.383132155055777801e+00
-8.532378807872900595e+00
-1.016486037002675502e+01
-7.547566914626397949e-01
-5.060414856011131945e+00
-6.934251509911978140e+00
1.458230102941779904e+00
6.932539335091433941e+00
-6.775778561619636875e+00
-5.683640823304463296e-01
-1.970837780166019293e+00
-2.677171124504484911e+00
2.020757258707842841e+00
3.840592347943083240e+00
1.105912112370704037e+01
-7.356667207169962808e+00
-9.388971816875653076e+00
1.076709825122542874e+00
-2.512965397406731749e-01
-1.625787359024971845e+00
1.201501517773942096e+00
-9.469449163235087452e-01
2.679976027212091161e+00
-5.467452096208526235e+00
6.920309765476004848e+00
-1.267418819908690875e+00
3.978188089966748997e+00
1.042178503873927298e+00
-3.853039496091340332e+00
1.012356091456419804e+01
7.127992453716363030e+00
1.267022307513161827e+01
-5.114183160170913123e-01
-3.346902991450485754e+00
-8.780474016338501997e+00
3.166025325805161383e+00
4.055086680514906838e+00
-2.052630706177640540e+00
-4.704653799716733253e+00
2.782593712355964310e+00
-2.857048897521060837e+00
2.095200735644138224e+00
-1.143988247316347850e+00
1.856355238553816234e+00
8.360743842441886287e+00
-2.811069413643952686e+00
4.224127716501539176e+00
-9.752310233075648371e-01
3.684624002234399676e+00
-1.980638703543010415e+00
-1.333174655510647177e+00
8.228918691082023784e+00
-5.812951987995407244e-01
-2.802868247173027072e+00
4.380545092351624259e-01
1.218202602976000914e+00
1.369813161276421942e-01
3.966101893207148787e+00
9.330215723000709005e+00
-1.765768670264715734e-01
7.858994168416100212e-01
8.275952502503881592e-01
2.287686770416999416e+00
-1.996786272850583188e+00
-9.960266104320568914e+00
5.441011533599595662e-01
3.126624367304669860e+00
-3.889412235695391740e+00
1.759636517647280129e+00
-3.671693408688871063e+00
-3.145309314371148801e+00
-9.643816796324543361e+00
-3.535028122430400987e+00
7.841555776746911288e-02
-5.690240151163841631e+00
3.948282485380735896e+00
8.914194170305343334e+00
-1.049897606542086237e+01
-8.877549186987135243e+00
3.772989835973989958e-01
-5.268561519081557343e+00
1.728464726152684650e+00
-1.747509446099037023e-01
2.965397749396663230e+00
1.037983915398024592e+01
1.354904547080612476e+00
-1.292916031710701574e+00
2.607094352524539804e+00
-2.414711550551173147e+00
-1.707114458219682884e+00
-5.606915862586750343e+00
1.132320935537616702e+00
-3.552980965522927748e-01
-4.523070590807715341e+00
3.237972407943344511e+00
1.429216046202080204e+00
-1.143585958957991799e+01
1.472169445661331011e-02
2.716227959180576246e+00
3.539179126781299978e+00
2.076105620036755361e+00
-6.483595041767462597e+00
1.978933871121569821e+00
-3.515919207307732997e+00
4.602588765669892723e+00
1.499736398299584383e+00
-6.932819378705271873e+00
-1.337580885124129149e-01
-1.441094039625249179e+00
7.345373305629628646e+00
4.622078377599585508e+00
-8.159267175853086584e+00
2.239235941025808696e+00
2.537688494876940482e+00
-7.737513704090446254e+00
-6.044018953070328770e+00
-3.653101723493579200e-01
4.370053773587344814e+00
2.513248536389123267e+00
1.835007238071988400e+00
2.636098784722068267e+00
7.525079269637271473e+00
4.547202867242494229e+00
7.850782122790750606e+00
-2.297608477505899138e+00
8.723258320595481674e-01
8.653551866252128244e-01
4.413430185234505032e+00
-9.697416675308316858e-01
4.253022658896959740e+00
4.744998082106856030e-01
-8.084974635583022096e-01
-9.787984320289661255e+00
-3.508011446946636358e+00
4.994725020502742474e+00
8.236351121574299938e+00
-9.054955146551060263e-01
1.046881457511165792e+01
1.478745103317713117e+01
-1.295568748721173780e+00
3.952777792861616568e+00
3.944193085149698685e+00
-5.904325355261374142e+00
-2.448047121050894059e+00
-9.525802920460918699e+00
-2.704278725333826294e-01
-3.831224027839873703e+00
5.742537810529191766e+00
1.737090804889603657e+00
2.375938443209997697e+00
2.894505328207281458e+00
-2.628769370666554472e+00
1.628588466730097384e+00
-2.222614004444081193e+00
3.408419572905563300e+00
7.735253058624108391e+00
9.274536785134788630e+00
6.801995192120528166e+00
3.810585589380967697e+00
7.555622464948017480e-01
-2.854281957242810197e+00
-1.345777622065159163e+00
2.842119932876786770e+00
1.471410741700640123e+00
-1.149277982056368774e+00
1.025119770338212355e+01
-5.907359557821753038e-01
8.186115051195633541e+00
-5.925317856129091787e+00
-5.127957099797828100e+00
3.771550407264265381e+00
2.423680680354497685e+00
4.214649421633652082e+00
-5.263591327848414103e+00
2.999453887960992216e+00
5.991688514280465228e+00
2.494821887680332306e+00
-1.391285401786657605e+00
-1.372739276604404779e+01
2.997948095852295491e+00
-6.986217397172969079e+00
-3.459284854192027137e+00
-8.042069682305070799e+00
3.169287083893974177e+00
9.220475162524697232e-01
-2.652624676809433701e+00
4.134943778302123008e+00
-7.486591392147841084e+00
6.792696985794968612e+00
6.927407682622036766e+00
-2.211493874428231088e+00
-6.491780777378330036e+00
6.253243246004038802e+00
1.094746122720889403e+01
5.811336448466244420e+00
8.253965930927538164e-01
-6.069309804907409012e-01
7.652895021475717430e-01
-1.637393555111131960e+01
-6.059739877452372525e+00
-3.241977019510789315e+00
1.297911942524129447e+00
1.929816421398355519e+00
-4.224373710679331317e+00
4.056844516316599147e+00
-4.417522150931024183e-01
-8.830027830793454324e-01
1.022025766949232661e+01
9.727075777053515449e-01
9.581506549762952574e+00
-1.314655815596583066e+00
-1.914768069440977716e-01
5.171009538242565817e+00
2.527984497588664503e-02
-2.204965159131561769e+00
-1.170331549965485607e+01
8.523912582540113525e-02
-5.971970122783279322e+00
6.115688067552663476e+00
3.594427251872460261e+00
4.994708998136664357e-01
1.510592306725663914e+00
8.501910592182145621e+00
1.461912579566847281e+00
-5.801363669831125058e+00
4.969899923189918134e+00
-2.091939658070677055e+00
-8.630397034472464313e+00
-7.207244864618167490e-01
9.043852763619231183e+00
3.236444933362890630e+00
2.710451635028765960e+00
2.609940093820537932e+00
4.359161544606938499e+00
7.322043359488447090e-01
-6.839111907496812082e-01
-2.029174565760279769e+00
6.746258504872781891e-01
9.142350728335868482e-01
-6.843338544066016382e+00
4.386965543401060152e+00
-3.842017861491976660e+00
