1.683962286218139592e+00
8.082703864567047702e+00
-1.003582672282622035e+01
4.534862145600427219e+00
-7.179019616619236821e+00
-6.715471362305389658e-01
4.984962195717655975e-01
3.041533245954839426e-01
-2.049577711490712328e+00
-1.664230031880278848e-01
4.494117468587763398e+00
-6.244719416700115211e+00
6.075087356729558241e-01
-3.706966616193976272e+00
-2.062552940218377096e+00
2.797628819211724904e-01
3.003939622354144579e+00
3.605187395511621484e-01
1.653601627585863598e+00
-3.974942413101963279e+00
6.721776590143451635e+00
4.984774561465393994e+00
4.102154207993822688e+00
-2.850011600641475962e+00
-4.083205555190260183e-01
4.547910226543612211e+00
-3.114416884537223318e+00
-5.261143691882048667e-01
2.495404428804909980e+00
2.532911935957763649e+00
-4.639016157714666022e+00
-7.000523938048605066e-01
4.835984574539018865e+00
-2.347415227642707158e+00
1.136419874381887407e+00
4.883580615641231581e+00
-3.980944399554482871e+00
-3.532340059086757300e+00
6.390274873925303467e-01
-2.821490577872726835e+00
1.282954726786328659e-01
1.753058363639020234e+00
4.959221774937430993e+00
-7.193958815528900708e+00
3.287491920184270722e+00
9.292981041837149903e+00
1.580510872143158219e-01
-2.755376035523531719e+00
-2.116849067290721642e+00
-3.010354737208936982e+00
-3.903822664723237690e+00
-2.500473195421780481e+00
8.219047621285154870e-01
2.160929514110687677e+00
5.910997935999466435e+00
-2.700045248957467781e+00
4.260793785287702029e-01
-2.461200621959688917e+00
-4.141820510185450388e+00
4.955242195891895740e+00
6.239421846096746549e-01
-1.266748588679115217e+00
-2.992831761998619111e+00
-4.070786732282841491e+00
-2.586192780783595158e+00
-2.994860235740381516e+00
2.011886343511215536e-01
-1.528325481663210805e+00
2.798257909770402119e+00
-4.546812663836827251e-01
6.153838781973400174e+00
3.797144636938600382e+00
2.303279506227614348e+00
1.821948831464672791e+00
4.382322596868855946e+00
5.767392058301736846e-01
3.817448364382038051e+00
4.335036559896424890e+00
1.113770804316786656e+00
-6.713184808523092073e+00
-8.849825488536300355e-01
8.977648548314736132e-01
-1.120421414320041054e+00
-4.428401162631888432e+00
-6.145763075100755479e+00
4.726719472314417025e+00
-3.386407045653441195e+00
8.652307738528300263e+00
1.309769350134003973e+00
-4.352420329295141332e-01
-2.166788951422524701e+00
4.520457655076815517e-01
-3.108003013811810433e+00
5.831270396140224577e-01
1.213263768946589993e-01
-2.348541851225997235e+00
-3.303854035697428415e+00
-3.685995136661821547e+00
-3.946905449331022275e+00
1.534676746134248759e+00
-5.313485325208772814e+00
7.304254375105171393e-01
2.491782675846649919e-01
1.358618645924043467e+00
1.519145762872606165e+00
-1.670039644412849356e+00
-7.983843965232068740e+00
8.897483800234651241e-01
-7.288101971028279280e+00
5.535765144802358151e+00
-6.414387801606807216e+00
-1.386760748897136519e+00
4.839205609493016702e+00
3.273630678611233469e-01
-2.431993192001484783e+00
-4.609928106383119228e+00
3.809326501698566680e+00
5.899829373008790512e+00
1.868662834156169295e+00
-6.528754634277089686e-01
-6.272316785986013166e+00
-2.081497338368112349e+00
-6.601632545305752275e-01
1.961111261454830057e+00
-2.506554414029455113e+00
3.830147368594171819e+00
1.737311629818333980e+00
6.238505359184756571e+00
6.034829968450417859e+00
2.577247817620001324e+00
-1.664922868190549909e+00
1.472142878798958110e+00
-1.099718988443605161e+00
5.689958494116540422e+00
-5.743523052293181941e+00
-2.196795990494262441e+00
3.378796597864063056e+00
3.387725237174529003e+00
-4.928931215339008576e-01
-4.535090060607125939e-01
-5.477390843196797698e-01
-3.267907262649947242e+00
2.537948555427495645e+00
2.516266265861158313e+00
2.278202898057554382e+00
4.724562750216267482e+00
1.426660507502853559e+00
1.455320944577978448e+00
2.557921239742987130e+00
3.169640090001773380e+00
-1.070285553654660715e+00
1.569693841938461620e+00
1.133868253152326311e+00
3.798908267165661101e+00
4.137027973612663612e-01
4.704547861279417376e+00
2.490868637187046097e+00
-1.798771278765729287e+00
5.811930318201896650e-01
-3.374828654769946201e+00
-1.278194154102498814e+00
5.398073435413514254e+00
-1.011742723987289150e+00
1.492808602398565110e-01
-3.989602020784682956e+00
-3.402336655033497248e+00
-6.238069545474351330e+00
-2.812013371189114874e-02
-3.114321248343181914e+00
-2.132235594932682332e+00
3.281609628453151295e+00
1.653930246585299191e+00
-3.019465370009640104e+00
-3.166041195060496527e+00
2.808228723362057977e+00
1.070689510001850486e+01
1.822897949694955333e+00
1.304148814682906110e+00
3.690374537838668756e-01
5.646672041068905301e+00
5.129420734404195770e+00
2.787683327483271523e+00
-1.873265191867008905e+00
-2.893209715419892358e+00
-2.620995524310174574e+00
-6.035520214244927129e-01
1.031184218820669507e+01
6.825196018938294307e-01
1.043132747207361488e+00
-3.854938992876643322e+00
5.173066698402633889e+00
3.352350868805826778e-01
2.124459158429576888e+00
2.259330066093779177e+00
-4.621894682749236871e+00
-4.057890437476834755e+00
1.783716812395345630e-01
4.459330493820477415e+00
1.033679217759828184e+00
-3.898257982553226419e+00
7.621835326561896551e-01
3.008321378963020098e+00
5.005288373090931664e+00
1.925122811601276407e+00
2.578013844438559854e+00
-2.305111718843545709e+00
2.625928613012083357e+00
3.480533181854397640e+00
-4.286528657801558229e-01
-2.054437295510516126e+00
-1.143855854536956596e+00
-2.610418591352816176e+00
-9.483939514467714105e-01
3.129823492336004875e+00
4.298016968461728649e-01
5.369424509041319515e-01
-1.223755086979423812e+00
1.686437197168642932e+00
5.248265684704477074e+00
5.417326631668776038e+00
2.620347939628296707e+00
8.124203069418021173e-01
6.561375516445466793e+00
2.555170498279819569e-01
-6.797642288781518438e+00
-3.483072585954325451e+00
1.387964802430876610e+00
3.838673371706651238e-01
1.415686324425240006e+00
-1.481203561448038775e+00
1.388107073694321070e+00
-4.781409606176302063e+00
-3.235128728567908674e+00
-3.219339255954053680e+00
5.788967138780768629e+00
4.002449495628993326e+00
1.582386762039725614e+00
-2.695279125769827200e-01
3.108879242035712309e+00
2.691942670446157759e+00
-3.519596246960196684e+00
4.731792809710313463e+00
7.959927823677687142e-01
8.825121088821996196e+00
-5.490026479485790034e-01
-1.592862448647395235e+00
2.380972913198490915e+00
-2.748196082654083661e+00
3.309136079531559194e+00
-8.282870604352662314e-01
-2.170946334082740847e+00
-7.961225836951000723e+00
1.897340932651767176e+00
5.074778814871444332e+00
6.044046083298254324e+00
-5.348833577930133032e+00
8.158930114954140222e+00
1.206210461507968290e+00
1.773695795688668086e+00
-3.012047065758831632e+00
8.425209665968529382e-01
-3.563458961368662248e+00
6.808169031964470541e+00
-5.787266061481232349e+00
-2.128823502519603394e+00
