6.812246807329158216e+00
-1.094086285070742903e+01
5.232892025644341416e+00
5.368426176627923319e+00
-3.060801135086435476e+00
-4.525889522458696135e+00
-3.415740434387120494e+00
4.374786703642397967e+00
2.997166196254201775e+00
9.093487326069632504e-01
5.599404777066913752e+00
1.162639111601841524e+00
2.728763865936413513e+00
-2.053106552311950717e-01
-4.037476161642453931e+00
-1.124660849722305223e+01
-1.175902714146438655e+00
-5.688220246891804166e+00
2.314113763841653348e+00
-5.353154413421152835e-01
-4.869019568719960667e+00
8.177323240034510832e+00
-7.631536358116203900e+00
-2.137901749982428967e+01
-2.252159555871497965e+00
1.895447560053021174e+00
2.302017680922694431e+00
-1.268805796295426092e+01
-7.029901875140125433e+00
-6.013820520548160964e+00
3.598505154344350032e+00
-7.020762659187349541e+00
5.199226719100631833e+00
4.857765157498826980e+00
2.163953739320686687e+00
4.862579431205805491e+00
1.359953222441515841e+00
-2.712511293001499180e+00
-9.489150234560376873e+00
1.687558425010347252e+00
-4.465704598772094691e+00
-1.139624748853873548e+01
-9.643857156803235853e+00
5.427226338277230333e+00
6.864752604068576680e+00
8.265502978025192959e+00
-5.840874082502791609e+00
4.638211525810983282e+00
1.256570366038777031e+00
6.176624636222845410e+00
-5.718724515420242405e+00
3.691268864703345365e+00
2.781756787438027789e+00
-5.391321990725638003e+00
-1.894926321787957280e+00
-9.356161715318236816e+00
-2.223720996574326314e+00
6.040519969110467180e-01
-5.335937944256247123e-02
4.964760239508771988e+00
-2.192078072451125959e+00
1.455089461637912507e+01
1.200603865171640727e+01
1.083788974888590317e+01
-3.428615207785914887e+00
1.984625534985391182e+00
7.649797267378316334e+00
-9.741438680811199902e+00
6.828137228629606703e+00
-1.875614216656534161e+00
7.221435510659394374e+00
5.837928744603527065e+00
-1.199403954295064167e+01
-4.087290703201447606e+00
-1.196411964427877095e+01
1.852718390212797717e+00
2.277637577910191613e+00
7.348984213072581539e+00
8.403931285398696716e+00
-7.677371110536173937e+00
6.983421915263258839e+00
4.037117123503070282e+00
8.649938285715892405e-01
1.512693730124517444e+01
-5.443181544756545698e+00
-2.174918797915458057e+00
-2.906660000759031082e+00
-7.344541725039651636e-01
1.250848694062749367e+01
7.527576263895053188e+00
1.059612404709736388e+01
-4.330541328808209300e+00
7.036212545369227911e+00
4.302650112960206386e+00
-8.310299927579585244e+00
1.030140477061217474e+01
-2.348156471950171742e+00
-3.356985326311134443e+00
4.427977517370480065e+00
-3.530954493799186800e+00
-1.143983538670984235e+00
1.356240205250394659e+01
-2.260095470797855999e+00
-6.030388929548507804e+00
-1.367809029321588987e+00
9.144467719956751450e-01
1.374161687277017485e+01
-4.126226974541809867e+00
6.006641899576893984e+00
-3.332376533972331245e+00
5.216827054883273362e+00
1.748971824763978722e+00
4.441586405379708280e-01
2.939955472332058672e+00
-1.385189162008900610e+01
-1.874694742161908678e+01
2.325338171313105828e+00
5.112545795646373570e+00
7.716874016803563663e+00
7.836611317841504665e+00
2.324769406162759733e+00
-2.141133117399188990e+00
1.162291024129205219e+01
-3.575935632281098453e+00
-3.100866869543022819e+00
6.153291948091497154e+00
8.976425437782898697e+00
-6.827863702219479691e+00
-6.574502380321634476e+00
-1.362724264103472915e+00
6.173080611071968260e-01
3.519558583720796552e+00
4.715215788684472997e+00
2.254572930572036782e+00
-2.479283256419751780e+00
-5.416211352848915084e+00
-7.768684918455318389e+00
2.049453982543482322e+00
-1.444654094058898108e+00
1.276490982324519052e+01
-6.097631700886987360e+00
3.663876470939409824e+00
-5.035704649968374191e+00
8.208484984439719412e+00
7.514328498439102333e-01
-6.675211574035021300e+00
-1.110543022076478437e+01
4.617456157951083107e+00
-3.998607445822434103e-01
-4.441872661377820108e+00
4.355949322176609684e+00
-7.381236304952430771e+00
-3.289099862182029987e+00
-7.848953711081357199e+00
-9.424821318925646896e-01
8.198338350021458609e+00
-7.852431271882473141e+00
-5.594741591162376793e+00
3.340567238198914879e+00
8.144166475022604601e+00
7.024916615443790313e+00
2.424458552838396841e+00
-4.030448390070881182e+00
-8.676404067562495381e-01
-1.250349889643720180e+00
2.997005824763957271e+00
-1.571777312321993136e+00
8.285054568660497054e+00
3.450515573845631234e+00
-9.773197448360284589e-01
-9.647162033203919407e+00
-9.985046661882627461e+00
2.896338937721385953e+00
-8.714193648409231940e+00
7.494459515815574235e+00
-2.840384635366970834e+00
2.391781947599966429e+00
-8.176684051068052739e+00
-9.391779376446086403e+00
-9.251688539161373015e+00
-1.870778008366001055e+00
-9.922275326312465893e+00
6.792912799482598629e+00
-2.925459697682673887e+00
7.062850875151736041e+00
5.635014301669113657e+00
-8.124127955279849544e+00
3.675360048857593043e+00
-1.007059126325372311e+01
-7.637089894109552191e+00
-9.074033059230725229e+00
1.388058850109583808e+01
-2.531026202533682934e+00
-1.111938327411132299e+01
9.382157759210807413e-02
-7.799658536585798885e+00
5.891562447570828809e+00
-8.181274695372067640e+00
2.202896168155730194e+00
9.463885770895892335e+00
-5.088220933680006830e+00
4.895965487947036898e+00
-5.120492226622050391e-02
7.466567970303838564e+00
2.143996153525978610e+00
-3.889845721884450214e+00
1.391652025969073447e+00
5.175711457302559104e+00
5.939554496405537343e+00
8.733732841081714326e+00
-4.377179299756029707e+00
-2.793051280880776699e-01
-2.735804669375616616e-01
-5.203960413722985567e-02
-6.812391095531730834e+00
-6.236176344686822581e+00
-1.636830762898482838e+00
3.080702723037813673e+00
-1.980667669387131458e+00
-3.626505156693931475e+00
-6.113764437494488391e+00
7.770710585875978182e+00
8.323084621423808116e+00
-3.333183185004472193e+00
-2.829204636010830942e+00
5.307760990641728682e+00
7.025552130645912108e+00
6.258731977775689792e+00
-8.230823253010388640e-03
7.747731662569408151e-01
1.397943469820345364e+01
8.758065846862553627e+00
9.376994647138734429e-01
-9.751156431502383981e+00
-7.860410480628548413e+00
-4.307302383659656009e+00
-6.434261283584699065e+00
6.102031997769510330e-01
-2.661472661847321675e+00
-2.781805691267998704e+00
4.384036785947894033e-01
1.850426339760316008e+00
2.375029858883189515e+00
3.308570857225709094e+00
-5.806127213793345732e+00
2.856152010191453705e+00
-2.615133569617664189e-03
6.926320963116589624e+00
1.167481412218595693e+00
-1.061335680531105830e-02
5.577883228112519021e+00
4.210268781296771401e+00
8.027415862149801740e+00
-6.631005392498519058e+00
-2.537157449851012991e+00
3.841929170033897556e+00
-3.495726977679603831e+00
-5.910738891375030946e+00
-3.526672613797190881e+00
7.342786381773096505e-01
-3.739176251608520740e+00
-5.364678223256693634e+00
-7.373615687736990054e+00
1.366738711188967947e+01
1.534585940231715639e+01
