1.456028299059572984e+00
-7.223634347816267898e+00
6.167589451131591183e+00
-7.022877474645951024e-01
1.108308923557543846e+00
-6.289687243536725703e+00
2.857518053711265438e+00
2.191687628869424032e+00
5.513097197907930180e+00
-2.522883975680935809e+00
-3.298812076635129209e-01
-9.493219107519689004e+00
5.041363301506252448e+00
-2.592771970868834597e+00
-4.783854616279762384e-01
-1.188504389674287065e+00
-1.222445886438782381e+00
9.996138647246379350e+00
-7.390172870530591354e-01
1.980776952182671025e+00
2.419673334146941635e+00
3.984956835879007286e+00
1.857575067183171225e+00
-5.107569728909897577e+00
-9.256375046181176458e+00
-1.105886339607378943e+01
-1.177287918941170908e+00
-7.549888378459589156e+00
-1.431358956415136330e+00
7.945656770601627894e-01
1.620888709266143701e+00
-5.175080041008933485e+00
-1.098481281125721853e+00
-3.521151320007806174e+00
-2.068210809965218555e+00
6.036390536334688139e-01
5.815481682273601294e+00
9.546086484591203458e+00
-2.441248182264837308e+00
-1.104925076895803748e+01
-2.089598899512496999e+00
4.667630455353829477e-01
-1.176917850992500236e+00
7.078419392585153513e-01
1.610105215464199047e+00
2.781190083055307127e+00
-5.837755896528351585e+00
4.045459902497840154e+00
-5.178315032942999885e+00
9.639139748104399441e-01
1.542296703585600781e+00
1.310928238112936350e+00
9.745872205982928804e+00
2.305458998326585629e+00
8.345901157714250118e+00
-1.168706646348607769e+00
2.686872604538234288e+00
-8.505641719665046452e+00
-6.965998041373689942e-01
-3.520310783187946546e-01
-8.254339015721853245e-01
-7.448518264031320335e+00
5.090395947758199924e+00
-3.735628200388334541e+00
-7.250916471613997327e-01
-2.101601968790757891e+00
-8.475414603884920961e-01
9.190569650914325095e+00
-2.060270671837640233e+00
4.492518003961259332e+00
1.847765367940053860e+00
4.512150261394428874e+00
-4.205086135887121657e+00
-1.171394927278820886e+00
4.397869223833958507e+00
4.860345368307640301e-01
-5.202798483139443597e+00
5.053484364122693862e+00
3.671090860449840232e+00
-1.264525318053374203e+00
3.516734333703024795e+00
8.239561968517318036e+00
3.757833397456483482e+00
-2.446055948818149250e+00
2.240977060620270578e+00
5.482953877845759827e+00
-6.297533881964387792e-01
-7.487090063161129905e+00
3.597401654523506132e+00
3.966608203554846224e+00
-2.191983530540695391e+00
4.413079700994135379e+00
-2.995742450850258809e+00
-4.147863217023781246e+00
-9.258610747432536314e+00
-1.698558852613122783e+00
-5.852752752715787432e-01
-8.200578929199049405e-01
2.112865898977612567e+00
6.621743254256885258e+00
-6.249618210312906541e+00
-4.988737137721288128e+00
-1.252569642664052296e-01
-4.250683622519375149e+00
8.265017601863223762e-01
7.160565529180757949e-01
1.935402539763314556e+00
5.437896647607977307e+00
3.124611754206948255e+00
-1.389569535657025678e+00
-2.194372763562627338e+00
-3.215020665440231351e+00
7.392622988691279762e-01
-5.002989865709253969e+00
5.355462912107599394e+00
-2.227574716440525293e+00
-3.573242923219551059e+00
1.169788398949981323e+00
3.971431164416214799e-01
-9.099347474121916690e+00
-1.900270213235532024e+00
3.985196695620873975e+00
8.768907502199148052e-01
-4.458260808699565092e-01
-5.765026388233223997e+00
4.360611417243432264e+00
-3.965563313532139755e+00
5.226439290300205265e+00
-1.555871523109416898e+00
-5.606876272508433345e+00
5.903147054805315541e-01
-9.497683662560293394e-01
9.589985632882644495e+00
5.379401445001880333e+00
-8.047596102194590983e+00
-5.962665289986959216e-01
-1.146503927819458868e-01
-5.242706266480111843e+00
-4.927334336625493805e+00
4.507863474871368070e-01
6.025942228515908106e-01
1.529011164411248069e+00
1.039012120135663242e+00
1.798922779409091399e+00
3.173467056298688416e+00
5.596605167748227139e+00
1.732788348218305963e+00
-5.569829804786903260e+00
2.057226600218057255e-01
1.719664500640696314e+00
4.329052920476244459e+00
-3.200958351221776077e+00
1.701271112939634289e+00
-1.738284051910036432e+00
-1.424310150370847960e+00
-1.018314277138591706e+01
-3.561770261766203038e+00
6.782692620631791236e+00
6.370540815079833941e+00
-3.266380617543778619e+00
9.762525189737631948e+00
8.656821635287066385e+00
2.760094482643137836e-01
1.111503725707222001e+00
2.416025327504593090e+00
-1.450162366149057247e+00
-1.308254520656293440e-01
-7.459552859054947582e+00
1.638151117396523970e+00
-6.899331984806266194e-01
5.782377772249193804e+00
2.642180819019604332e+00
7.940271056560491703e-01
1.873733597395651707e+00
-2.360186050831210025e+00
3.211154522514830800e-01
-7.045500597921607877e-01
4.660359350056853422e+00
5.824497701466859745e+00
8.662379833818382835e+00
4.236495716766487618e+00
3.914377456709260628e+00
-1.245860194622135930e+00
1.420553605945787945e-01
1.509054916940025137e+00
2.483474174436247850e+00
2.123606996244023382e+00
-2.171840094495316453e+00
1.103398925083586057e+01
1.160247719731486216e+00
5.552970524246221729e+00
-2.919872941563558477e+00
8.759826583127495736e-01
2.311908182816120760e+00
4.255080395386469760e+00
1.401549297918147641e-01
-3.291306472500272307e+00
3.388583806547031063e+00
4.991328335112132919e+00
3.410452248254037588e+00
-5.628228879701436815e-01
-1.336655477035308870e+01
4.624586400302185929e+00
-6.252269237716696182e+00
-2.188435935921884568e+00
-2.483681939833079610e+00
3.201962581338749114e+00
3.284719782717127501e+00
-3.008869120103212946e+00
5.445598741274178423e+00
-7.505365040541667199e+00
7.621086969029700064e+00
7.143826637382963973e+00
-2.975695210740579189e+00
-5.726273539866374662e+00
6.779850941393270602e+00
6.181110683248219217e+00
2.085752953127662401e+00
2.435940493140065777e-01
-3.568351201451398502e+00
-3.410663759040911458e+00
-1.351305739959623153e+01
-3.145784419138569987e+00
-7.090283730391071515e-01
3.074614453797328562e-01
1.460879364079248788e+00
-6.361713582218690100e+00
-3.662037445219825105e-01
5.609152936522457944e-01
-2.092735399167650279e+00
8.927336235770736650e+00
3.182090018270387510e+00
4.251491647388012218e+00
-3.717688399051429116e+00
2.117489017274029717e+00
9.528267688051517581e+00
-9.406438921346167437e-01
3.374498989124430914e-01
-8.570201887895699144e+00
-2.414111188571997635e-01
-4.489373785344498380e+00
1.551573698743034191e+00
1.688241200345638848e+00
2.430872096966591123e+00
1.596515435007314743e+00
8.217255986196256856e+00
1.836783619708634685e+00
-7.176233683364181992e+00
5.205415789036996088e+00
7.663027880211419340e-01
-6.227274300357419357e+00
-3.371497990209777917e+00
5.490991830102021964e+00
4.743621337397646798e+00
3.613255226527003483e+00
3.484820641945691744e-01
1.925173727791394285e+00
2.365094112761134681e+00
-1.287541803739782997e+00
5.359195429867433802e-01
3.354198000914338507e-01
3.017958494913274947e+00
-2.276489648205643146e+00
1.950849972412732614e+00
1.010739039249153537e+00
