-2.675109320666813062e+00
-3.042114081557127925e+00
1.127701203300063959e+00
1.442881183953457214e+00
1.626130054692843441e+00
5.874476378552415667e+00
-3.475297033237975119e-01
1.173603505016718174e+00
4.640587342659824088e+00
-8.215207857100081057e+00
-1.196633511469740618e+00
-5.567219868736084543e+00
2.647900090926274430e+00
-6.390203415436754852e+00
-8.358453779321356691e+00
-1.445182152573555090e+00
-1.326091862126113963e+00
-1.051474186623763130e+00
-3.624592649481031437e+00
7.513649175559331539e-01
2.640711842527713737e-01
-3.284005474721110041e+00
-1.075639394967338625e+00
-2.712894903914206068e+00
4.149819124534888992e+00
-3.712202611387431350e+00
-3.743428464249154874e+00
-7.765974280112408756e+00
8.295841116044462282e-01
-2.547204170491308872e+00
3.521885038142201108e+00
-4.267681801302686928e+00
4.868189121887748883e+00
-3.505516860248802935e-03
-2.525961247809240362e+00
1.108916299000502592e+00
-3.906599044568188184e+00
2.204108530418789513e+00
-6.697753407288771221e-01
4.375114809337887767e-01
-3.807447946382138682e+00
-4.412237903504826697e+00
-2.298280466987304038e+00
3.552147062991778625e+00
-4.271241370991139874e+00
2.263720739836959872e+00
2.113785535640938740e+00
3.237427666237287838e+00
-1.015965393763892832e+00
1.503202364059335050e+00
-1.121511565427636192e+00
-3.731833312915051604e-01
2.211481204478245588e-01
4.031759790829950951e+00
-5.214174986027508396e+00
-5.480252274026598674e-02
2.898311366976311199e+00
4.467839518219570039e+00
-5.719329751383720684e+00
-1.029620998067223736e+00
2.262143952757832199e+00
-5.298633368957341716e-01
2.214992936455846273e+00
1.139680674557970175e+00
-9.401410673206782587e-01
1.606432767607577361e+00
2.891334214671417158e+00
8.350006068676385507e-01
3.749179043137154999e+00
3.483350836553411600e-01
3.790770092598187535e+00
-2.538984398043750090e+00
6.306980147911414036e-01
-2.028486299594827180e+00
-1.761140933613645654e+00
-1.451951604142049934e+00
-2.883770996099372930e+00
1.870035102101510915e+00
1.849863676763945364e-01
-2.726784646194291284e-02
-1.929988488932291801e+00
6.987353708218779325e+00
2.473186354428102085e+00
-5.758811980298324862e+00
7.543035924268715497e+00
-6.887859596514031679e+00
-3.505648544704261793e-01
-4.706943951785525826e+00
1.307207011845635591e+00
-7.006560302603455082e-01
5.533652057661303525e-01
-3.373954872699402863e-02
-4.920111614692110891e+00
9.820444601673119500e-01
-7.235115723562564938e+00
1.715537436364834134e+00
2.934310973100751507e+00
-2.157971394914374841e+00
-1.271603630357619252e+00
1.300063931172004361e+00
-6.735343421266557939e+00
-1.392188610085405509e+00
3.514262651274896232e+00
-4.165935537919068787e-01
1.309035185000349433e+00
1.707022705077848368e+00
1.521383226304347636e+00
4.081717498807293509e+00
8.611725996371129455e+00
1.804898554867747862e+00
-4.338497605788043110e+00
-8.202165020221629632e+00
-2.272663297065086407e+00
-3.488107697248364669e+00
-3.072289619145226691e+00
1.890601097535629993e+00
-1.263972352766200347e+00
2.316669326558139286e+00
-3.341436515889589565e+00
-3.092311221989389569e+00
-1.613692189238832508e+00
9.412609124986669462e-01
1.575480545846202007e+00
-4.929145098707099493e+00
-2.902742536979613153e+00
1.125392143416588553e+00
-1.200168285252807276e+00
-1.455759006479623308e-02
-7.194661140929341503e-01
-4.661224852071737423e+00
3.539279460677857259e+00
4.662527153200534791e+00
2.811348271222453565e-01
4.754098420439199835e+00
4.208094642018322062e+00
1.048622664729432996e+00
3.434403470795706514e+00
-1.197713867583332092e+00
7.726095690515105474e+00
1.247307437221834014e+00
-4.024254365256394905e+00
-2.472460215799483496e+00
-6.468671275342614546e-01
-1.225856943599434423e+00
3.590721475128492157e-01
-4.371728628704541819e+00
-1.626606976205401844e+00
-5.438646023649368999e+00
1.462058980052507007e+00
3.870089086642693132e+00
-3.784032177618428250e+00
-7.254474099565115353e+00
2.545945568376327017e+00
6.083084168368158906e+00
8.071372172579069915e-01
-6.515573483933335908e+00
5.679383418400684169e-01
9.157564141201787189e-01
-2.071278753834344233e+00
6.070627165776743439e+00
-2.539067837412152695e+00
9.109773221270449639e+00
-2.763020351235891070e+00
2.613483645149924595e+00
-3.408540655640795336e+00
-4.144833782323453231e-01
-5.652676854910040127e+00
-7.502556242098035177e-02
-2.718402386617997823e+00
-8.519919543898295533e-01
-1.893181819532347987e+00
-8.772878285019425348e-01
-3.250619598087102879e+00
-1.088355447385943364e+00
5.538532989495496217e+00
7.866874179707031622e+00
6.378507596194182838e-04
-2.466717618012582491e+00
-1.130327558969971946e+00
5.583084271982518665e+00
2.463555803132448485e+00
5.286391234194052657e+00
6.268363936373144707e-01
-3.340253342208289400e+00
-7.867193653017055865e+00
3.489244380822381864e+00
-7.728026415013677486e+00
6.242745716804536799e-02
5.027657700138769670e+00
-1.273341463843574717e-02
-3.359044076041396654e+00
-5.569154471503050097e+00
-3.960686835108456538e+00
-5.605191117255065691e+00
-2.540452590389221665e-01
-6.381851419491436417e+00
6.944804158805228944e-01
-1.146421857724776228e+00
-5.769657393304752802e+00
2.279100891408433860e+00
1.446054821129925949e-01
2.275525901211744362e+00
-4.396845744147485746e+00
-2.512691464593773460e+00
3.420131164269998525e+00
-2.511361998477028568e+00
-3.040216660659679881e+00
2.761737904304984781e+00
-5.438954939327542704e-01
2.200546281831858852e+00
-4.900948057938242286e+00
1.059566583389980554e+00
2.445017792610108209e+00
4.793279479948721722e+00
-2.345232569119795052e+00
4.283675024998285785e+00
-1.095241181179379630e+00
1.808302973440345074e+00
-7.264032185135812725e+00
5.906248621537309340e+00
-4.910252371944596739e+00
-1.271833976606681738e+00
1.118849022985529462e+00
5.490651982581157275e-01
2.807776111736471347e-01
-5.988552872877862754e+00
-1.937729458812387229e+00
5.239685086446771223e+00
6.749939717317381405e-01
-3.420110107876555894e+00
2.137635720962995034e+00
-3.596084335806840615e-01
4.739484517867368352e-01
-2.971922287818901331e+00
2.149057801625034791e+00
1.129476330558636832e+00
-1.166269839276845577e+00
-4.455095233787505826e+00
5.796827124478990179e+00
1.023789469439686073e+00
5.089094910884381484e+00
-6.382158225470595525e+00
7.993987617849125371e+00
2.661641222554718134e+00
6.542262792085454137e+00
-5.085785734051981866e-01
-9.432980936674031369e-01
3.704070065285526514e+00
-3.984090360316230317e+00
-6.273795304865199540e+00
5.881899830534840223e-01
5.399179217202232373e-01
6.011048870022794866e+00
-2.831475144784613374e+00
4.196976350190713134e+00
-3.950397925901032892e+00
3.793084585456303337e-01
-1.426047930408068654e+00
7.495324720143359265e-03
2.371132213970797320e+00
-1.175431302351709117e+00
1.634261502342580830e+00
-1.867535376559215643e-01
8.433761744314281827e+00
-3.579090649273660496e+00
