1.129824540439215319e+00
-5.678537317586730637e+00
5.148122957640845598e+00
-1.593270723026458002e+00
1.347517720312281675e+00
-5.419362556229380345e+00
1.667987352774264131e+00
1.856015185863008732e+00
5.789953512436206040e+00
-2.054687775301479835e+00
-1.517516343887565178e+00
-1.097629365711387450e+01
4.353584908767540895e+00
-3.865499527911933964e+00
-4.103632773566678327e-01
-2.228397733186575191e+00
2.788186956428891361e-01
9.469766637917409469e+00
-7.547228877926619450e-01
9.516113558509584625e-01
5.399415418141750855e-02
7.552287322485879528e+00
2.507141462264792064e+00
-6.050359844826740385e+00
-1.005012742093978595e+01
-1.116775689198862942e+01
-3.062284277986002223e+00
-6.858629686421019223e+00
3.095384542022450169e-02
1.044688649818087622e+00
4.448538007616784640e+00
-5.409553847578894015e+00
-9.324827439204909085e-01
-3.331181105856824587e+00
-3.160418993019927125e+00
2.318169451481262300e+00
5.499587514435359203e+00
8.903233275034304839e+00
-4.529731482534969267e+00
-9.477443238991979158e+00
-1.050237397635470193e+00
-2.875111478012408739e-01
-1.854712375602420416e+00
-3.548580437723158898e-01
-5.489659017315548506e-02
1.751067294177969247e+00
-4.451894897117297134e+00
3.990225184608956255e+00
-5.546249315814722358e+00
1.393463994167895681e+00
1.371818037656904465e+00
6.645468728412037285e-01
9.416562848290489285e+00
4.292600547363596419e+00
9.802648112586858531e+00
8.410716586034872044e-02
5.797806712284790942e-01
-8.419671671939013891e+00
1.584353686879573342e+00
1.072351733426037734e+00
-1.596879907121537823e+00
-6.804643262822802185e+00
3.779458007147721066e+00
-4.913353289937595569e+00
-5.450088440759914832e-01
-1.311973839573808309e+00
3.674364976364743463e-01
8.283908950850142006e+00
-3.026380021305066226e+00
4.426300910079421058e+00
1.121432936881728848e+00
5.396819008000854012e+00
-6.417861244547355071e+00
-8.715381780984599036e-01
6.745166918591910310e+00
1.447825626130109899e+00
-3.487252578392459501e+00
4.326138587890442366e+00
1.170769892794878420e+00
8.882293056146572940e-03
3.453515421368531957e+00
8.661312479756457350e+00
2.420750294102920641e+00
-1.908802275002619675e+00
1.604330029822605086e+00
4.791200939924341817e+00
-2.894840362075576046e+00
-8.546150478444499043e+00
4.947274649587961370e+00
3.218728421469942980e+00
-4.196261434823410852e+00
2.114357211040825302e+00
-3.845581811780702353e+00
-3.282550545812159548e+00
-8.936306284028439961e+00
3.454915433650791456e-01
-1.560079156484023066e+00
8.244233081528224982e-01
2.157421626653834856e+00
6.501401198832559736e+00
-7.048934705720199645e+00
-5.002332755326724723e+00
-1.881422635484331640e-01
-3.001268457632743747e+00
2.642638381552232518e-01
5.026767350561720527e-01
1.862516047114492812e+00
6.456382699120522872e+00
1.986187187502250318e+00
-2.708178045773060871e-01
-5.042049777555330792e-01
-1.853209736025746235e+00
5.424076237880826046e-02
-6.167374703703677241e+00
3.803577667522115568e+00
-3.999606778985849154e+00
-4.838819826744319208e+00
2.392017703393035433e+00
-6.037242798406113886e-01
-1.079806963743388337e+01
-5.180590447832617018e-01
3.004045138002447768e+00
2.476372202007440571e+00
1.181913635023918024e-01
-4.828796928089062135e+00
1.023784210484842250e+00
-4.356676457602785213e+00
5.475806002477301426e+00
-1.435472690068792634e+00
-6.857668859260177996e+00
-3.194717983174441001e-01
6.682199247370367301e-01
1.233083021745956387e+01
4.515971045436490527e+00
-8.354492126456230849e+00
1.346946753044760747e+00
2.046867396156675234e+00
-7.367670033115547135e+00
-6.704409772029939596e+00
-5.001205578721696909e-01
1.154771071028306118e+00
1.306341033116045214e+00
-3.339582352727740178e-01
1.953067895537933252e+00
5.137351343732753151e+00
4.719558456027566073e+00
4.886247070606309251e+00
-3.478444760846821637e+00
1.641830616299121193e+00
1.654429648178321166e+00
3.742389003210905063e+00
-2.865856563325745565e+00
9.780172665055296699e-01
-5.957560366870446877e-01
-3.257495183887865409e+00
-1.133110720185083764e+01
-4.229112881332348195e+00
8.617057665596407290e+00
7.940378903539218491e+00
-2.768314538964684601e+00
1.021366036717284942e+01
9.115780397380506272e+00
-1.769427348687729440e+00
2.016280792737627170e+00
3.822509332029567553e+00
-3.475570894262189903e+00
-2.850552136643591528e-01
-7.276877493968767929e+00
6.153925175856864715e-01
5.015547818194118213e-01
5.443092038700837243e+00
1.387348099414004832e+00
1.578184291658929483e+00
2.804594816803774648e+00
-3.848475245249434629e+00
3.544688605719621854e+00
-8.028533180158098359e-01
5.749933667291326600e+00
6.972739173546683489e+00
1.085630086490562718e+01
5.894217843081897001e+00
3.965789540510621158e+00
-2.342200156913840647e+00
-1.674445401267230071e+00
7.413571647353446314e-01
1.034615669642809710e+00
2.291107017922699107e+00
-1.029475841704792671e+00
1.135524648126563108e+01
-1.877912410598336912e+00
7.109303992012995899e+00
-6.071531189608827539e+00
1.145575972401835230e-01
3.212636911421197006e+00
4.895593048336287723e+00
1.287052461972918893e+00
-3.716861338288511174e+00
3.998939165368372795e+00
5.604239662597898075e+00
4.462112165477738479e+00
7.854980585199107246e-01
-1.309928699621912429e+01
3.996875037057044722e+00
-6.313929795692003744e+00
-5.604969408039044421e-01
-6.258967204999101419e+00
1.727296640819172335e+00
3.044087126856334535e+00
-2.654240003899515532e+00
6.406204506617114269e+00
-7.064773246208152280e+00
7.137646937197882124e+00
6.922659766503849177e+00
-1.157249801746071949e+00
-5.798088730831500115e+00
6.459246636204598602e+00
6.844505740343135969e+00
2.523949880224560793e+00
1.168804755907868920e+00
-4.743794535054095540e+00
-3.056103988535968874e+00
-1.458840196249446031e+01
-4.673887517028266991e+00
-3.199055151880781933e-01
-1.650271601979496294e+00
-1.032086668306746668e+00
-6.206051727203124813e+00
5.174660237324165690e-01
1.396291324114201648e+00
-2.504622165076957341e+00
1.020051497219609615e+01
7.575773723686224370e-01
7.018483080839367894e+00
-2.015535934912474847e+00
2.048804021879538251e+00
7.896103683096617587e+00
-9.236178183114664986e-01
-9.430400865169952240e-01
-8.595061950990304567e+00
1.060944017361692637e+00
-4.608592319770827395e+00
2.170511121619275841e+00
2.016314773367590352e+00
1.080331739223308940e+00
1.879338750276851489e+00
7.857900804260159688e+00
2.336367484436620678e+00
-9.146663034138027726e+00
6.024595091906616240e+00
-5.404252480067180120e-02
-5.891880449333388725e+00
-2.378764665885759300e+00
5.183348602794942472e+00
2.860230809339310287e+00
4.354266417882501905e+00
1.512240632048823308e+00
2.669151161752022716e+00
6.512779233747250096e-01
-4.422369454471810624e-01
-1.272084091153622865e+00
-4.559247241750749580e-01
1.718121388140354533e+00
-2.935283074281387350e+00
1.986126148208205544e+00
5.476169874043043118e-01
