-1.342839993563903767e-01
-4.675324939786200673e+00
7.173045696679571925e+00
3.662898053547158028e+00
2.002805725445119478e+00
6.843977763255615354e-01
1.950635985786279392e+00
1.928411481322002130e+00
-3.285624295754789870e+00
7.760100869007224844e-01
-3.141710693311887237e+00
-3.367397420198228741e-01
5.605635406234255491e+00
1.921551850118343729e+00
-1.200206339913810538e+00
-4.594933982532613648e+00
5.315379171362047961e-01
-3.208090717986491036e+00
4.915880774326911506e+00
5.921929172862652191e-01
2.230783838882429038e+00
7.287071652242562259e+00
-3.259985801028177477e+00
-1.116180457493654998e+01
7.237681849739713291e-02
-4.595254055697024498e+00
2.182427488372329805e+00
-2.098133269290194391e+00
-7.989294067867849236e-01
-4.754248721993458160e-01
-5.492503489171139286e+00
8.648660917764846578e-01
-1.210080718754082296e+00
-2.876166290557208072e+00
2.145317300336718080e+00
3.242412874536040324e+00
-6.743680555021429601e-01
2.075263665411634317e+00
-3.723436392844717169e+00
3.661956509288636141e+00
-2.852285252282900974e+00
-6.311527513187805027e+00
2.979400233273970855e+00
1.092796912406793997e+00
3.680251496735080785e+00
5.371682186707831264e+00
-9.732053131173747929e-01
6.370960891713616903e+00
4.462637948260969045e-01
-4.040652204756455812e-01
-6.030733888397898923e+00
1.137192480962420982e+00
8.191952598115006534e-01
-4.804098344871158277e-01
-6.145626257591052521e-01
-1.531016184122547585e+00
1.256348152731008305e+00
8.434242037499044553e-01
1.251978120880188339e-01
-1.998321470005713474e+00
-3.249031490473659023e+00
1.117247136824706466e+01
4.961724380351579811e+00
3.510720522268308663e+00
-1.788277686132336175e+00
-1.685373808469005363e-01
3.222879219288040886e+00
-6.133426996727814107e+00
5.695366371689088325e+00
-2.848511312143336305e+00
1.882509047493058585e+00
8.096799179882224751e-01
-4.364072982058967654e+00
3.106622728963150060e+00
-3.169178101484782406e+00
1.093790728477824770e+00
-2.120774380280465277e+00
3.177238469917178509e-01
-4.098538634718340568e+00
8.485150010384931996e-01
5.655210170942884140e+00
4.576384537278391562e+00
-1.893154577585575371e+00
4.134444898516766997e+00
3.001851453565334893e+00
2.987652753565475106e-01
4.799563473434567129e+00
-1.290671817645738795e+00
8.465083038302626761e+00
1.167068321005946263e+00
2.147557469148845488e+00
4.277204483709742266e-01
-8.992486365724996489e-01
8.315240194879185420e-01
-3.917498624681652331e+00
2.765863293411648716e+00
-6.110168069604829277e+00
-5.981081811767790413e+00
1.142306820818039803e-02
-4.638593484630675889e-01
1.438927785141198012e-01
4.784220111649233331e+00
-3.270875137343512429e-02
-9.654812811599707834e-01
9.848573088953016530e-01
-4.798752449693835409e+00
4.553766879830081216e+00
3.438157699018026925e+00
9.827801610837589852e-01
-2.196556688704781823e+00
7.555680122038507918e+00
1.208213832270939037e+00
-2.708281223190721398e+00
2.831285415812678785e-01
-1.184973633286442940e+01
-6.351985303609445133e+00
-9.785304081668512177e-01
-1.872942686438691995e+00
6.675859148113278074e+00
4.031985061236380119e+00
1.985576138599827622e+00
-4.825078028758358339e-01
4.902464021197840083e+00
-5.866065653354536336e-01
6.001026367979750198e+00
-1.276786936951801898e+00
4.958691096996276748e+00
-4.151436282965822677e+00
-3.666716109681382729e+00
1.657279547174018486e+00
-4.475859897130048282e+00
1.584570934826252442e+00
2.983688634682500229e+00
-1.222245060531615746e+00
-8.578930902207172471e-01
-5.786510887372906531e+00
-3.320194609891971904e+00
-2.720344276827813879e+00
-2.186889831223224778e+00
6.793108980936717778e+00
-9.410133511849442911e+00
2.995687526612661244e+00
-7.667212711473474496e-01
-3.287502047535317828e-01
1.300148033897136290e+00
2.845649386855410246e+00
-1.280411056373505829e+01
3.910589307531776582e-01
8.041934341744115811e-01
-5.289535519605069069e+00
3.935413563388424407e+00
2.424515364165454656e+00
2.276587159491016532e+00
-2.483944782075518720e+00
-2.632657818188755439e+00
1.097272251695494028e+00
-2.457793069123092256e+00
-9.574086595416739787e-01
-1.301254578275796714e+00
-1.895688628039624846e-01
-2.606365823894983835e-01
-5.613205442959817715e-02
-1.288414916744486272e+00
1.298594610199281352e+00
-2.918430506290732307e+00
-1.751703104260260879e+00
-2.403354270378965207e+00
1.491224690580382761e+00
-1.667688067913945638e+00
3.384720499616304057e+00
3.242100327304308083e-01
-3.980401753905410622e+00
7.218276342111623611e-01
-6.087104965657470501e+00
1.990868844603661980e+00
-2.592174640440166655e+00
-4.080688629634070530e+00
-1.544272357432896703e+00
-2.006375551215441533e+00
-5.575652125072682708e+00
-2.551860437575823148e+00
-9.116156526635932345e-01
-1.231863036388656241e+00
2.169809867990130314e+00
-1.667124077187630560e+00
4.189994250190757441e+00
1.538557435723431732e+00
-2.552663178309326764e-01
-2.470307278517902105e+00
-2.649602287225499175e+00
-4.237149572762850092e+00
7.844404291784210947e+00
-4.852589329899120507e+00
-5.382737550808873728e+00
-1.104028481596350142e+00
9.750938716221015934e-01
1.994704617911055688e+00
-5.807145581612157770e+00
1.971629083751584188e+00
2.129420205137628752e+00
2.144840103927310171e+00
-3.906592545482399981e+00
-1.001807215619672897e+00
4.535533731394413515e+00
4.019598775674377400e+00
-1.037333041108436493e+00
-2.068320034701581100e+00
4.790727876138913821e+00
1.153194688324752804e+00
7.299334205934902897e+00
-7.501623757902966538e+00
-3.552276864707638593e-01
7.241160495148228904e-01
-4.161070713614915539e-01
-2.070732810290980108e+00
-3.342627209351590523e+00
-6.698848654366121869e-01
-2.918322216245400114e+00
-2.155887696157762434e+00
1.254297672287425947e+00
-2.600542184436594351e+00
6.819957559739924235e+00
6.157738727199298268e+00
4.051567751046731836e+00
-7.358929214574458921e-01
5.634817739861892605e+00
3.170171629256302914e+00
4.878324910890491140e+00
2.926604928592612787e+00
1.352321127917482713e+00
7.444693850504589427e+00
-1.870809781132709571e+00
1.290152708093523115e+00
-8.195407237285298407e+00
-7.895086113194162536e+00
1.167943304418049610e+00
-2.984412993591257113e+00
2.612205997929125001e+00
-9.701648372740302451e-01
-1.664568761831899169e+00
3.580882989513406667e+00
-2.464084535871674309e+00
4.257782463593220434e-01
4.072113563760148658e+00
1.577829807162593134e+00
2.986675017210053795e+00
-3.283640499475107166e+00
-1.548932949282757487e+00
2.122570886930882583e+00
-1.191411133004301348e+00
7.410401382004496718e+00
6.840648322774436352e+00
5.415510073816752090e+00
8.294014407865164529e-01
3.605990860508594853e+00
2.985373033957376521e+00
-3.391229362131580327e-01
-3.469406406434115464e+00
2.487975863005536414e+00
-1.402953327862925814e+00
-3.121250208031460804e-01
-2.212572942338390192e+00
-2.415774408397378448e+00
5.353993878812808305e+00
6.620065560019358308e+00
