-6.598531641625327016e-01
5.566279568254075549e+00
4.699582658554583681e+00
1.905478953844262024e+00
-4.032370629961052444e+00
-3.683591135271695904e+00
-5.278535315164019082e-01
3.391181699986922204e+00
-5.377367878868205331e+00
2.838482488599953335e+00
-2.603588017404486088e+00
3.461368920260068371e+00
8.139662003818464164e-01
2.014918703089766949e-01
5.674518969731968454e+00
1.637543101550412494e+00
2.576266905849092570e+00
5.268663218856144859e+00
4.720420598185626204e+00
4.154603747103466915e+00
-7.109204658581679048e+00
8.976417287693525537e-01
-2.194995029920776553e+00
-3.907424774823387459e+00
-4.183950407049093378e+00
7.691637020326229646e+00
6.239593495484904828e+00
-4.837820314683937362e+00
-6.689840435110427919e-02
8.258568768418818706e+00
-3.330671067111719896e+00
4.504424011958317209e+00
-4.166465851994066938e+00
-1.379940718671547550e+00
-5.345168339186301409e+00
-2.951978666676549512e+00
2.564012879500057629e+00
-4.807917933897825513e+00
-7.797183966784905218e-01
1.959408441870758022e+00
-6.768566944199089441e+00
-2.733294580772396731e+00
7.272687729180319138e+00
-9.066267697113238100e+00
1.233446809338061945e+00
-1.121955285724716145e+00
-1.037523151433672908e+00
4.739029372656812455e+00
-4.921466370854968853e-01
-3.030326345626178863e+00
1.754154822702676642e+00
-9.528795716789105752e-01
4.669971127979409609e+00
1.558958243496039175e+00
-3.565820138123656502e+00
2.413079539775232263e+00
-8.711774666424646485e-01
-2.736020459091078605e-01
-6.122836033603707762e+00
8.896268416387955735e-01
5.104727403450944223e+00
4.121044418888704541e+00
1.464472098001616152e+00
8.716804999213764171e-01
2.683085629435334685e+00
-5.372359537206743418e+00
-2.612473909991730459e+00
-1.345580459906496607e-02
2.592370350200519091e+00
-9.883666541540763184e-01
5.237116028099638498e+00
5.363890431625815580e+00
-7.799496325471622082e-01
-1.220321078998480635e+00
-1.600842285675030841e+00
-2.413519541918431877e+00
3.831971083114307675e+00
-3.231574599790813185e+00
-5.971862152323814676e-01
-9.174297889133411488e-01
2.882855557311172046e+00
-2.519314608102274811e+00
6.510128653342480476e+00
-3.287430759503297217e+00
-5.114369998047875399e+00
-3.718791346294328282e+00
7.758552175840737419e+00
1.103175207896988752e+00
2.657052618287145673e-01
-3.018867659932603864e+00
4.459994067453216360e+00
-1.387630317372161359e+00
2.872325119342703736e+00
5.506772613460359622e+00
1.410733704520591880e+00
-4.801751925399937448e+00
3.182876824151528616e+00
-2.993668722683378025e-01
1.361252828026012329e+00
-5.412229213341019474e+00
5.465467841878568933e+00
-2.841472249439296327e+00
6.988167349787222093e+00
-2.908370357364181036e+00
-2.970562598051524006e+00
-3.044637977760973335e+00
6.818148524186219639e+00
4.533301356586942887e+00
2.171056848026446495e+00
-2.376489666881368201e+00
-2.895067579261325186e+00
-7.031025661028895701e-01
-9.009224764637385752e-01
-6.793512046948262828e+00
5.825715907953332717e-01
-2.018488563079961384e+00
-1.385154688868107442e+00
2.894124316076878589e+00
-8.839253404224793442e+00
1.465631102257752616e+00
-1.490616684539720849e+00
6.565816951586251893e-01
-5.397560321369623271e-01
-4.828742653811352037e-02
-5.021054414446773251e+00
5.061844317621577716e+00
2.843586095599618391e-01
-2.454603107112179217e+00
8.818317409570054499e-01
-3.640154194508395058e+00
-6.294617074375672416e+00
4.897062453925474124e+00
2.727312206909840331e+00
5.428841468254754332e+00
-2.167167887631380019e+00
-4.364662366989093267e-01
-2.295258981102231921e+00
-2.766327613361466042e+00
8.678134940105620032e+00
-6.454650349214660743e+00
-1.114057877365432825e+00
-5.010080311613429593e-03
2.869293122731274570e-01
9.846779492598956018e-02
1.063369695482537569e+00
2.520233673033438482e+00
-1.960314139930531940e+00
3.792717253650993214e+00
3.060518123095828269e+00
2.903579312477998275e+00
6.998858403450015864e+00
-2.266127364502853236e+00
-6.118274858461489885e+00
3.028658566283282116e+00
-2.013559310430135252e+00
2.148774696488523261e+00
2.859419791086326601e+00
2.854136162801516718e+00
4.607855027258999314e+00
1.371045517546623849e+00
4.955483302596521145e-01
-6.844400408905936262e-01
3.079069929596364386e+00
3.983391588455401422e+00
3.169664955470234524e+00
2.322288289566400987e+00
4.766352638186438284e+00
-2.836554802151022514e+00
9.889500207018792066e-02
3.721213949652963038e+00
2.399588784402112207e+00
5.298337229390629233e+00
-7.374354361353876453e-01
4.089269586057003636e+00
1.843094868475006587e+00
3.694267891031537410e+00
1.262001602621928731e+00
4.134407108288803201e+00
-3.855893301300734599e-01
7.785949540118475287e-01
-4.168317750545706524e+00
-1.026807240146579314e+00
-8.999638647290890692e-01
-8.617413684172733346e-01
-1.985573970872861693e+00
-3.567344889149370868e+00
-4.976866309256798848e-01
-8.368228213577069696e-02
5.140090078353221070e-02
-6.112852148305239375e+00
4.100490621705509042e+00
9.971467612946919301e-01
-2.677135721430160764e+00
-1.667370445736368278e+00
-1.472216737083722471e+00
-2.033496500799279350e+00
1.228842668147210326e-01
-3.058477644974987530e+00
-4.980914352768341935e+00
3.601026854968591095e+00
-1.843542667127863632e+00
5.941967632880501782e+00
-8.811306118336448279e-01
1.183697299585420248e+00
-1.452551878081598247e+00
1.572260647152972091e+00
-2.268752720148575763e-01
-9.396719482948212576e-01
2.504977518822851135e+00
8.050859538626419010e+00
5.703047472993929556e-01
-3.729233647339629698e+00
5.647471807358258822e+00
2.221409970741013318e+00
3.965857940322479180e+00
-1.509211459661788046e+00
-4.472084477763571542e+00
-2.036899565618190522e+00
-5.792495583574484019e-01
-6.078639807397664185e+00
1.829662627490055149e-01
7.190250969836795569e-01
5.121696213570164247e+00
-1.711037548445000667e+00
2.572850401251324914e+00
-6.404373746592376904e+00
-5.357651205409756479e+00
-5.876424074429742461e+00
3.392500432350739725e+00
2.998807929553556573e+00
1.233352617668950213e+00
-8.022229721215433429e+00
-5.875893810717700561e+00
2.752388845221227509e+00
-2.774019476894477698e+00
1.003271719193677081e+00
6.302096967514718706e+00
-6.679843765705694381e+00
2.749877624798353626e+00
3.490978512328777317e-01
-7.910507263080129192e+00
-2.489585966049954191e+00
-3.206198143886395791e+00
-3.669284268852207820e+00
-6.722702526603582918e+00
-3.042239357080571249e+00
8.686679326339337592e+00
-2.693556767319500889e+00
7.841076935349631682e+00
1.157512505395021041e+00
-1.994592878584813711e+00
-1.448059152311742759e+00
2.232878791507426186e+00
1.177232726784239514e+00
-4.193092723425234425e+00
6.113402014122002015e+00
6.204742997021789108e+00
2.695257702082873408e+00
2.331718734416059036e+00
-1.649046623146201540e+00
-2.035909119893511754e+00
-1.927790500041012489e+00
1.896211184570167685e+00
2.323219701661508818e+00
1.399730695152357374e+00
