2.464150526965118715e+00
-6.790005849845565322e+00
2.828319786454327023e+00
-2.622195006315054311e+00
1.628783877842582051e+00
-5.442820238804298327e+00
3.704840239548084391e+00
5.674651417806839682e+00
5.184903162021845091e+00
-1.212114541562621106e+00
5.555396218928416729e-01
-9.249455323932648909e+00
3.600863839086820395e+00
-3.128785761641876384e+00
-2.387409431845232355e+00
-4.213029700369967934e-01
3.910387414174516518e-01
1.045840934878434503e+01
-2.714180793558579996e+00
1.636879993664848709e-01
-6.143691384021361390e-01
8.302870635738006655e+00
-1.178989568199033888e+00
-6.569086692869828603e+00
-1.055712628261784225e+01
-1.086375569178276024e+01
9.434105257249669751e-02
-7.195427183674633298e+00
-2.424256611770096104e+00
5.292660020861029713e-01
6.131839007039326717e+00
-5.946301045121845874e+00
-4.155536408132242676e-01
-2.417247462124092472e+00
-3.239864226792366519e+00
1.779056315615059169e+00
3.310096052598036742e+00
8.764035615351666308e+00
-5.113202157337895848e+00
-1.127957731092912042e+01
-3.008916384493922180e+00
-1.689725085300513019e+00
-3.349928661370205507e+00
-1.387552422353276471e-01
1.155869270172757979e+00
2.558434569060636488e+00
-4.924728947157809067e+00
2.589238596603108178e+00
-5.075497237975683085e+00
1.015060598937870040e+00
1.738056785029765461e+00
-1.908083872503463230e-01
9.349732436902622013e+00
3.388495851952490590e+00
1.270579506156738070e+01
-1.601409628777080707e-01
1.325192623114157531e-01
-7.362542116419592553e+00
1.272319811053318261e+00
4.203209167655055367e+00
-3.570081669210155018e-01
-5.013924836128531126e+00
4.241681823578516308e+00
-5.245958660658681438e+00
9.013316284547137069e-01
-1.990858742942675841e+00
1.038459196274695628e+00
7.169944597386534113e+00
-4.039234769171454076e+00
3.767673351620609790e+00
3.132704114533863549e-01
3.045168846358273562e+00
-5.087477036224906435e+00
-1.461779272784423211e+00
8.024606680190199626e+00
1.517064314845258277e+00
-5.027056724748569572e+00
2.130253653611127618e+00
1.005110527551690947e+00
-1.060655282893137041e+00
3.134215708455745375e+00
6.991284444155040134e+00
1.052021874795477263e+00
5.751231644656222830e-01
2.479083801091281014e+00
3.974511192309662100e+00
-1.561486096973599080e+00
-9.139753931095857098e+00
3.968449455696431372e+00
2.864889228186755066e+00
-3.245200597065328818e+00
2.383338510131499000e+00
-3.150582703451019650e+00
-3.068327918081820371e+00
-9.086217777429110853e+00
-2.300963897577111172e+00
-3.333434610110885821e-02
-2.958437522125426433e+00
1.202108463384912174e+00
7.871111014504566405e+00
-1.008717629282595851e+01
-7.928784701743249563e+00
1.051958113476006984e+00
-3.863537642680564321e+00
7.935222259911682563e-02
1.023794162427335896e+00
7.347014848845072610e-01
9.178103988034779448e+00
4.276721976759763066e+00
-2.282196431170111950e+00
2.536697166863481900e+00
-1.894135555155241235e+00
-1.356304350102738088e+00
-4.670253165380756855e+00
3.299617934851668100e+00
-6.265119835695244221e-01
-3.745359815191589004e+00
1.438131357130611354e+00
-3.366355673033086249e-01
-1.161638616179788741e+01
1.382994522622098543e-01
2.660025966034923250e+00
3.811706924737238378e+00
2.251000633258069428e+00
-6.335011120101477822e+00
1.013893104056409644e+00
-5.918335577353413868e+00
5.785811018638890246e+00
-1.247890253995561638e-01
-5.900281380358205929e+00
5.754805738227004586e-01
9.655154293813590360e-01
8.591894796032859105e+00
3.938343739824246015e+00
-8.836795110030106315e+00
2.681986118626575433e+00
1.256988390945247946e+00
-7.844183153084167692e+00
-4.818435498939209971e+00
-4.322837610109582229e-01
4.021679096064189274e+00
2.385069917499436087e+00
2.374221081272780420e+00
2.587467891232988038e+00
3.926322091310437301e+00
3.046598849663914699e+00
6.981652659491905055e+00
-1.810681369272096886e+00
1.184560179862156115e+00
1.912132535137005540e+00
3.727630140611340348e+00
-9.872705398318543102e-01
1.782218060407996241e+00
1.030317345611526658e+00
4.835321041296729017e-01
-1.091064744362736860e+01
-5.478117129212787262e+00
5.631063741345480267e+00
4.309419020771338538e+00
-1.295331389721604332e+00
9.180059121309051662e+00
1.215095278488961839e+01
-2.677454703888087817e+00
2.254781028782331997e+00
2.404517612850428421e+00
-3.609667837136456559e+00
-2.609259805717008884e+00
-7.948141131453083652e+00
1.717093597461325505e+00
-8.472412622152227790e-01
5.880295533675062636e+00
-1.098668507483461232e-01
8.802846934122779965e-01
3.317392481803379756e+00
-3.739725663902651931e+00
1.942859454500668548e+00
-1.472385146269018064e+00
5.067902868495650637e+00
7.944094611638528924e+00
8.759784833046859731e+00
6.623595647597248615e+00
4.920381771290101014e+00
-3.403042739596988664e-01
-5.411367127076356809e+00
-1.222384911840013189e+00
8.804301660556977938e-01
2.714377024687856910e+00
-4.811933397250683919e-02
1.113561721195773302e+01
-2.938069122994422799e-01
7.221735625931318125e+00
-6.683492153829885041e+00
-2.126411494043305428e+00
4.452852275308142538e+00
2.345730213072954928e+00
2.203228307849377288e+00
-1.042335438251686286e+00
4.927711246955806423e+00
3.447959183956633922e+00
6.261982254098708012e+00
-8.507189022194927563e-02
-1.423286891065323978e+01
5.068838255490932809e+00
-8.699834369832899483e+00
-2.009815198206068132e+00
-6.008176067910403262e+00
8.744773845002058454e-01
2.091907735218546005e+00
-2.107466528175434561e+00
3.590401012160070238e+00
-7.426852499800186358e+00
7.581978875306221610e+00
6.323605316488882799e+00
-2.965086156884123803e+00
-6.613607551526957451e+00
7.033745994612076835e+00
8.303119638307746797e+00
5.150562077480000944e+00
1.643390463907540067e+00
-2.079027250011849404e+00
-6.007150747449923056e-01
-1.596661333464748012e+01
-7.066693343869729027e+00
-1.290277548038603284e+00
5.670382251587855471e-01
3.098075289451568182e+00
-5.414064441688825724e+00
3.204743395119610927e+00
2.993354374031988119e+00
5.419866783286730882e-01
9.331288167841970349e+00
-3.865703161937674714e-01
8.868793388676692757e+00
-1.423575502934775194e+00
1.231519311956224660e+00
7.145001395247781772e+00
-2.330250201168050594e+00
-1.897333219103479962e+00
-1.179393047408718154e+01
2.167835737576230937e+00
-5.040345881191002242e+00
4.437744056051019292e+00
3.721551171494671406e-01
1.454582768976257157e+00
1.999857576424444172e+00
9.233403259665189822e+00
1.166506042901451323e+00
-6.271343449955761429e+00
6.141137898780774762e+00
-1.709305778125248976e+00
-9.199316974514438527e+00
-2.254015687281235358e+00
7.510489697529173725e+00
1.239347241694629620e+00
4.674320059385805415e+00
1.826228834850954552e+00
1.776140849061823790e+00
1.234351386109015625e+00
1.932116914647364347e-01
-6.981843801209134392e-01
-6.318046196514708335e-01
1.809705525573403806e+00
-5.720339816212765882e+00
2.293410656343819465e+00
-1.781555217579419148e+00
