2.785320179283134134e+00
-2.824944767923325273e+00
9.054662880563245864e+00
2.301379253376076406e+00
2.236565003353931935e+00
2.738511737066065432e+00
1.993787120427146231e+00
4.213655244760823315e+00
-9.031123879373150753e-01
-8.381099774748351772e-02
-9.733956572844958410e-01
-1.297990932993037028e+00
6.111956035742620585e+00
3.006908255620744708e+00
9.135753187857412749e-01
-4.818006519753258665e+00
-3.382936131131486501e-02
-3.891544482612755651e+00
3.359503512730810382e+00
1.647830328567236213e+00
3.791478340345367570e+00
4.797788858009014668e+00
-3.951352239886530171e+00
-8.438520244754123212e+00
-1.177204423334315520e+00
-3.529800391497618595e+00
3.535996810454409722e+00
-3.048783951600201547e+00
2.610360850053852211e+00
2.456078446436561480e-01
-5.616942811888492315e+00
-1.702881441965449660e+00
-2.790866995043841392e+00
-3.142065990795889441e+00
2.166770504406325681e+00
3.349150492414146640e+00
-4.107184797252283026e+00
2.283012021320455442e+00
-5.166406390185759534e+00
2.721499236592999971e+00
-3.170518262583582603e-01
-4.547840770259113263e+00
1.588297894169753866e+00
3.264106419939089232e+00
2.114105464802951140e+00
4.918748174759222103e+00
6.953041034740247150e-01
5.274425156745598642e+00
1.369599663154435598e+00
-2.059773526840220637e-01
-6.449224384428702272e+00
1.603949326499433559e+00
2.612348871589507127e+00
-2.781170998354938195e-01
1.464892681104334127e+00
-1.115969263459513083e+00
-1.069182356801083866e+00
1.602028748946650705e+00
1.011205323770424824e+00
-7.829005897573007022e-01
-2.878486058953252602e+00
1.000719387702931762e+01
4.917117182710116552e+00
2.984403971132472577e+00
-6.286867706217231788e-01
1.826587504969945375e-02
3.886835817166880425e+00
-3.684064024004415572e+00
1.636915443551017146e+00
-1.832422816937141263e+00
3.390340485925107838e+00
-4.254276356398645764e-01
-3.916578622970670054e+00
3.544298833932032267e+00
-3.253625266437654595e+00
1.635920110430473251e-01
-1.278498726012266218e+00
-2.233956791405321773e+00
-2.698734893060787954e+00
-8.981314352348011010e-01
3.458409853747501206e+00
2.733860468005597344e+00
-2.371469004289497473e+00
3.613954921614423998e+00
5.247647664205401519e+00
7.756600908549762252e-01
5.537496738459067203e+00
-2.082685292001939636e+00
5.015133381886729858e+00
2.254641819255475355e+00
2.625108823413748738e-01
4.201001535061009706e-01
-2.601217053350653341e+00
6.339671362956964540e-01
-4.817341418517104401e+00
4.793257277764395585e-01
-5.487490902659897252e+00
-7.212741616293343760e+00
5.537605499932495290e-01
-8.662234424534369648e-01
-2.938513128773256877e-01
4.045240585915867548e+00
2.301329175047686526e+00
8.448274739952266188e-01
7.668279868319239911e-01
-2.910210510711650489e+00
5.630329711000086945e+00
3.802780201300516971e+00
1.650473308795018079e+00
-9.906743625403122699e-01
4.264672742372703773e+00
1.717392072766002586e+00
-2.889415375730186142e+00
-7.873313159378996229e-01
-8.181149314604095224e+00
-6.165352111370225430e+00
-2.455528334250676625e+00
-3.695644382825398200e+00
5.139573987486364182e+00
4.307876192236368418e+00
7.371117902541095557e-01
-2.997740159499945878e-01
3.304826590538731068e+00
-1.979039992721782104e+00
5.616148328612770690e+00
-4.092166562345535219e+00
2.129772391498013118e+00
-1.502142680954266396e+00
-4.006233382433991075e+00
5.941772635469436681e-01
-4.070398681903703242e+00
3.924906439387422896e+00
1.695217206122798581e+00
-1.106637033096893541e+00
-5.732358722075006074e-01
-3.393996025714772102e+00
-3.249574938507902910e+00
-2.778334734223498526e+00
-3.807165958521461224e-01
5.012260147066174731e+00
-1.076617446864711525e+01
3.802708236859949409e+00
-3.275692490741137330e+00
1.264283103637839911e-01
2.135133658807286117e-01
-4.622362648681993536e-01
-1.237017321453357432e+01
-1.479271759818249876e+00
2.935891492280138237e+00
-5.627204836595926629e+00
1.710466461692356166e+00
-2.917064651326284896e-01
1.219557466167763060e+00
-3.376402504091800871e+00
4.886145046903486167e-01
2.544285870441789221e-01
-1.807784378913825263e+00
-7.936885669338369365e-01
5.761088156997108412e-01
1.252922358040336581e+00
-9.421604761592099475e-01
-2.294398187309397930e+00
1.011103677960632385e+00
7.680355355286335728e-01
1.137653724277672307e+00
-2.297471644675065594e+00
-1.101982620561489323e+00
1.903331338411081042e+00
-2.545649357117644729e-01
3.696946424260954434e+00
-1.358206189179830936e+00
-5.045033905776599603e+00
8.785298399327973184e-01
-2.320373655988581252e+00
-1.589762579518186447e+00
-1.958885869012078063e+00
-7.317893433930624525e-01
-3.902835939535242105e+00
-5.655185620196716278e-02
-5.299848022462185781e+00
-5.129127570118854784e+00
-8.766203177595788265e-01
-5.378748136241019440e-01
-1.156301804970199854e+00
-1.128767365943164069e+00
5.720470646875862819e+00
2.949325848156834962e+00
7.605221031544290300e-01
-3.750651256568012126e+00
-2.207893257022496059e+00
-2.208735363815637953e+00
4.813603095096390838e+00
-5.256932540650125496e+00
-4.861900900855734342e+00
-2.846569028262531553e+00
-4.855906742387616770e-02
1.770680800394085486e+00
-3.222948908751626096e+00
7.154246673150871372e-01
1.402325150901571948e+00
7.870584271385869801e-01
-5.516313390194211408e+00
-5.396745957602789856e-01
3.678773273226938034e+00
1.776870582585659220e+00
-2.294217231768233556e-02
-2.316242309651645570e+00
2.493345172706735724e+00
-2.847130256160774198e-01
5.147245018927935511e+00
-6.295713933238441307e+00
-3.909971737350458887e-01
-1.125428209639230293e+00
1.432235659110118409e+00
-5.958367421431032263e-01
-6.348925236629786362e+00
5.160110769648615925e-01
-3.424051524189134277e+00
-2.904753645939883722e-02
1.391025114892001868e+00
-2.805067800645240084e+00
6.269713310869916789e+00
3.543449162526755458e+00
2.653449906275231029e+00
-8.744877540712203690e-01
4.686358519704848291e+00
3.517397990883690539e+00
4.727923755940339312e+00
5.793664896689846522e+00
6.929696160630499646e-01
6.896806555634919178e+00
-2.183970711351449268e+00
6.384355570223927412e-01
-6.541674561556180656e+00
-6.285498030974741468e+00
1.195853025394961966e+00
-2.907679395962192270e+00
1.797142464188063560e+00
-2.132570571867272169e-01
-2.552214937025710784e-01
5.652918839075202762e+00
-1.798798012287742054e+00
-9.770029531233519471e-01
2.896344373790372462e+00
7.569730432689061317e-01
4.079527079257297295e+00
-4.759894191829462606e+00
-2.192687495207949144e+00
3.737503154333754463e-01
7.812212715104155381e-01
6.105294489698287919e+00
4.500873436928119808e+00
3.112835115243518302e+00
1.974341316971401472e+00
4.053989008909416825e+00
1.836450260761029796e+00
-7.307023675543006247e-02
-1.557149676811921513e+00
3.077851883914100917e+00
-2.578424796752480930e+00
-1.619682681732117491e+00
-2.570123490300918245e+00
-2.211554032153299154e+00
6.078628331164391163e+00
7.521715968570651611e+00
