8.385469008089554421e+00
-9.479148417894545986e+00
5.564374273628655665e+00
1.698510648612447493e+00
-2.272144076945925573e+00
1.327891851987401117e-01
-6.630171510274376345e+00
3.821155029712828277e+00
-6.602136570208065880e-01
2.450574416561022151e+00
4.104039532192450324e+00
2.206916403520533088e+00
4.713787415296302186e+00
2.431274175464232190e+00
-7.031604773851685586e+00
-1.006304643423854550e+01
8.622876542502157238e-02
-3.475290384492239593e+00
4.898847686689848935e+00
1.774640389685394837e+00
3.396242578791886513e-01
1.140157201551380162e+01
-5.825964850560671593e+00
-1.548942133815426558e+01
-1.427400430005501430e+00
-9.761111620339847361e-01
4.512108990172715828e+00
-8.105432393377048683e+00
-6.959962125274498312e+00
-1.270423802600486596e+00
-1.397620107798226874e+00
-8.726737020337626660e+00
5.970190049012067401e-01
3.102486543720809564e+00
-5.732704948667567413e-01
2.777579015409075147e+00
1.810376294423853505e+00
-1.327929301695077946e+00
-4.688607496641052919e+00
4.852583315872346148e+00
-2.324532528071309390e+00
-7.518639846051280884e+00
-2.295842317466081361e+00
3.345922022904646909e+00
7.963665385866924851e+00
6.131156831743020952e+00
-1.668066915227092606e+00
3.369340990337390984e+00
3.350185950161495008e+00
4.211465126612993437e+00
-6.442209902960073009e+00
4.345953826350858473e-01
2.608816358070974228e+00
-3.228841586987968970e+00
5.816135054421855966e-01
-7.949173916452861199e+00
2.142601396642207501e-01
-1.091395575403808493e+00
1.010371952473138490e+00
3.204272339268621206e+00
-4.521523221135243631e+00
1.233131306585857168e+01
7.912512240250841877e+00
9.671783322606927413e+00
-2.284309781144314933e+00
7.271543574456657000e-01
4.855588832021274115e+00
-1.095588447265831356e+01
8.036195139149549860e+00
-1.160018597926238737e+00
4.985290181730120729e+00
2.445789583486067009e+00
-1.051547554672225715e+01
-1.420162558734880953e+00
-8.392813039243737450e+00
4.239277350350164397e+00
-2.032587514723652955e+00
4.333954903813876491e+00
6.293704553871013907e+00
-2.137633792713165004e+00
8.698576775842060016e+00
2.047555162718365906e+00
-1.603524724565830839e+00
1.175695977066880005e+01
-2.197237389063750435e+00
-2.459587106103325205e+00
-1.988193967919376526e+00
-1.196614023943686655e+00
9.380127774513081107e+00
8.072551612536644328e+00
1.116006485168910167e+01
-2.141385377298993475e+00
5.192117126175354258e+00
6.048010548541530085e+00
-6.385242093087738269e+00
6.270903889617185811e+00
-2.347633295985596114e+00
-3.684006857757800013e+00
8.523382113440927110e-01
-4.591137430006059006e+00
-3.051139227733933978e+00
1.202964963479565164e+01
2.076618065239990152e+00
-2.311214336300637218e+00
8.139786594507001372e-01
-1.548758534459222069e+00
1.195605588359717153e+01
-5.183242824329628462e+00
2.594768304399598158e+00
-1.561663930239516773e+00
3.863124405548011620e+00
-1.203745327345191907e+00
-4.196804604928632276e-01
3.606801329318730431e+00
-1.377341847391554630e+01
-1.276402885866170500e+01
2.326541765379730897e+00
5.110016678313135330e+00
5.250621015964207494e+00
1.702288482151654403e+00
5.358788995728492210e+00
-4.210625725344085524e+00
7.002960594821499463e+00
-8.229386399638601191e+00
-2.757770537217554718e+00
6.474944247861748714e+00
2.968919226392834787e+00
-3.126748877494592849e-01
-9.630614225759295266e+00
-1.885725851432349831e+00
2.702166995029770202e+00
-1.078539395940214113e-01
4.801876069691564552e+00
5.699525033660650664e+00
-2.168165325353633044e+00
-4.518728247922854990e+00
-4.505938939492398099e+00
2.409526007562230010e+00
-3.542251231969935965e+00
1.193779127887567881e+01
-7.557692121618218017e+00
3.331804557578343040e+00
-2.200946849122673576e+00
2.320225637174508471e+00
2.290713845985979269e+00
-4.280950492389288264e+00
-1.327605989858291657e+01
5.594425711020951653e+00
-1.173913507217997143e+00
-8.541746177426031039e+00
4.922540318393533454e+00
-3.081239905329915985e+00
9.792498894691775702e-02
-6.702740153058329042e+00
-1.190452521025176846e+00
3.238909894083522811e+00
-7.993443798380249099e+00
-4.673474243360053570e+00
4.995863430229628754e+00
5.114995337084274674e+00
1.627975705892032110e+00
-3.428514109791234721e-01
-1.846241968501693531e+00
-2.949876449280997903e+00
-9.765127543695459877e+00
-3.661394142514476924e-01
-2.250919805010157315e+00
1.478213827345780373e+01
4.862681761304005867e+00
-1.635125066095999502e+00
-7.461401283829199649e+00
-1.133889463492910110e+01
1.587827437413200093e-01
-6.206129084950410046e+00
4.090897931487338823e+00
-1.804373062392617300e+00
-3.452330020299957392e-01
-8.315762295467949983e+00
-1.066384704234174663e+01
-6.885602750409972828e+00
-4.326724352803085871e+00
-1.130941900153282553e+01
2.290373572491080090e+00
-5.681942666915202444e+00
4.359814222218113322e+00
5.119903192571924500e+00
-4.119202772990768757e+00
-1.164864532512202899e+00
-7.353494138993032614e+00
-5.568312989606217123e+00
-8.244715273086494989e+00
1.606843418424779912e+01
-7.976717382046949467e-02
-8.891965166934378217e+00
-1.131313018973756579e+00
-8.372690353694840937e+00
4.572410488415362018e+00
-3.290027161910753062e+00
2.490294828241963909e+00
5.753556981931247094e+00
1.473182111951966133e+00
6.121366952096071401e+00
2.882743151518613711e+00
7.638682128497478629e+00
3.065586910365746931e+00
-1.126094793831616370e+00
2.452713938968984042e+00
3.701377097267396721e+00
9.341272001012693948e+00
1.060163168682957213e+01
-4.209914848401774989e+00
-1.009188105929025525e+00
1.905552809010488513e+00
-1.373764553084586337e+00
-7.253389211622310206e+00
-3.845244075204246048e+00
-1.565027219093054978e+00
1.084531263711226101e+00
-4.156224136523050561e+00
-3.103476961187447536e+00
-6.070986236139195746e+00
5.884932693888915267e+00
7.932575872421043783e+00
-3.442757452501389981e+00
2.360185353496807803e+00
2.616741506442551213e+00
6.490459981463973627e+00
7.041177194010492357e+00
5.408141856828185823e-01
1.605475795588272803e+00
7.385279307050955921e+00
3.425772892487440657e+00
-2.558647170555089279e+00
-6.968628536905526971e+00
-1.158338439535484454e+01
-4.990433112636718960e+00
-4.427949384078116779e+00
-3.801039938641733507e+00
-6.002938936926847546e+00
-3.970088962306209446e+00
5.005118349165484481e+00
8.121038579337769292e-02
3.504425034521942539e+00
-4.322512620425751906e-01
-4.342155605011781994e+00
-1.561805488316188040e+00
-3.448050770139924559e+00
6.100282508868737352e+00
1.380755248017223158e+00
1.804334040282274287e+00
6.630642544184565779e+00
7.868592809296552026e+00
8.441269273574365073e+00
-9.676473428512572639e+00
2.914891682808973705e+00
5.411307485556967833e+00
-4.709499258333709193e+00
-8.143865448105719551e+00
-3.618268895145321906e+00
-8.709706679086307024e-02
-2.131647906457610375e+00
-1.414856540143988095e+00
-4.969140729048242555e+00
1.427689552092811276e+01
1.188000809213676057e+01
