1.673233344019520175e+00
7.475278323781748391e+00
-1.024504121471172269e+01
4.089767216384428750e+00
-6.741230447606068488e+00
-1.719003200372700491e+00
1.761487448268203693e+00
1.870581955839386135e+00
-3.005841516355139742e+00
-1.757360110828403710e-01
4.767223717892509427e+00
-5.845937250542278640e+00
-1.189887027265958741e+00
-3.988141746751415972e+00
-2.531107394010851941e+00
6.931389585187016644e-01
3.624844061274184348e+00
-1.195007832365163614e+00
1.487490999157030647e+00
-3.482350407565230288e+00
6.773181722326038212e+00
4.457780435928212270e+00
4.313400610493533627e+00
-3.965822428292847590e+00
-7.325691147265611658e-01
4.135326028728571579e+00
-3.019214001886318499e+00
1.285376803378878163e-01
2.064080436382254469e+00
2.869134166349038839e+00
-4.003864578185150513e+00
3.409272328555352227e-01
4.796169148954206207e+00
-1.913073120488498757e+00
3.355986160987697309e-01
4.876521101948992687e+00
-2.970295925958151617e+00
-4.693397375265528915e+00
6.446457342927401912e-01
-2.493662365724978791e+00
1.981297830712211994e-01
1.078018170349101412e+00
5.327910757616009185e+00
-5.666648332701060831e+00
4.567297786125643633e+00
9.522417346319532072e+00
-3.375825550521881491e-01
-3.578615546618030052e+00
-3.171815040679015318e+00
-3.641113085655749426e+00
-3.082334810047811846e+00
-1.308175413644421470e+00
-3.413659344481542179e-01
7.483993803246820065e-01
6.015842715401266361e+00
-1.969744521802780479e+00
1.583826466968226709e+00
-2.714780137511435321e+00
-3.535734726933859484e+00
4.894369898978207623e+00
1.034477647202602046e+00
-2.336647732289824475e+00
-2.496847452432697345e+00
-4.642663106931516737e+00
-1.251387336089120561e+00
-1.920225466849091900e+00
1.718843085774327761e+00
-2.936501769977361231e+00
2.578019547733954475e+00
-8.584985771596107540e-01
6.138683377932151686e+00
3.033859943693789418e+00
1.827994517780502370e+00
1.726669660673484819e+00
3.902367748034379247e+00
7.009227285649816119e-01
3.533870429878325226e+00
3.733052690095091997e+00
5.618416359333189281e-01
-5.289224941329134566e+00
1.501364960595819309e-01
6.385382053868684515e-01
-1.636246013078273664e+00
-4.550619120587207078e+00
-4.583942077267868065e+00
4.221896552111135570e+00
-3.460346046075431392e+00
8.529209989362708910e+00
1.128251973143546305e+00
-4.108853891898008870e-01
-2.043610021185419789e+00
1.110103983446429021e+00
-3.180235923617352523e+00
-6.731173285057605593e-01
3.032532605451723762e-01
-1.842947053993315487e+00
-3.043873505439352201e+00
-2.882081280161743031e+00
-1.899896037342179600e+00
1.721135259995848266e+00
-5.265748469015065325e+00
2.762541111719259979e-01
9.567796961634913444e-01
1.380259924483386413e+00
1.787975625165655114e+00
-2.384724879495089045e+00
-7.916322878574793442e+00
-2.896531999021190185e-02
-7.098665854637814299e+00
4.643563523686271566e+00
-6.279635350884719358e+00
-1.230623435483378714e+00
4.736633433204493038e+00
8.359005459043770125e-01
-2.261721916324207271e+00
-5.071276909361817076e+00
4.123051581369076679e+00
6.344176962893686600e+00
1.750566342831458400e+00
-2.822771192665078921e-01
-6.219585696285547805e+00
-2.201259268199597052e+00
2.285767813399363912e-01
1.936259387857601988e+00
-1.623588088618443948e+00
4.633237380435758723e+00
2.200085796690957718e+00
7.440433959880512482e+00
6.030994084997678861e+00
2.821142410955761903e+00
-1.679572236189099010e+00
2.354639370689791456e+00
-1.600634614023542124e+00
4.648032451290415423e+00
-5.715632652732852037e+00
-1.559444581457818169e+00
4.027353618754635711e+00
3.007026986747278308e+00
-1.049812326470769414e-01
-5.633062272454141262e-01
-2.562883302611218550e-01
-2.371286236593205921e+00
3.210244082676988242e+00
2.204981414822342778e+00
1.876373952269634771e+00
4.660032433061102708e+00
1.226228204483008399e+00
7.915122943534809163e-01
2.099401086127934857e+00
4.405657214306176961e+00
-1.190627037635359153e+00
1.822169067938132159e+00
1.150334016014713079e+00
2.487590424245296195e+00
8.296760377453400448e-01
6.620460186901431676e+00
3.018003201692278648e+00
-2.207166472330687412e+00
7.833240625271646884e-01
-3.269054821665176469e+00
-3.353139846306308902e-01
5.151423960343571196e+00
2.410193985198139099e-02
7.018673533307999701e-01
-4.125993871465476914e+00
-3.266366184155812924e+00
-6.822754695604115405e+00
1.542317975015966347e+00
-3.103546111313613576e+00
-2.816391882311188422e+00
3.422970502850641861e+00
7.299513720811134920e-01
-1.883226681807449676e+00
-3.223302452141616925e+00
2.188553789506416436e+00
9.988066039113711270e+00
1.891686097725894466e+00
1.605983918759769757e+00
8.196536692250605549e-02
5.596362955523536797e+00
5.977908654654071618e+00
1.993137324524444587e+00
-2.048599261612753519e+00
-4.068842262054102044e+00
-2.489423205994361510e+00
-2.691067315780991898e+00
9.563668776765334556e+00
5.086376236215792712e-01
8.537319991006520059e-01
-3.655964314404809290e+00
5.317714095033929667e+00
2.943178376116479811e-01
1.260893070334202282e+00
2.099778620793843142e+00
-3.874493933613489371e+00
-4.930274006619728588e+00
-2.384636569074838341e-02
3.986475842122302993e+00
1.254889678151550614e+00
-3.580291960774494076e+00
6.955236190771076910e-01
3.143909317304478979e+00
5.675891547238194335e+00
1.627137957729968276e+00
2.126646195340378576e+00
-1.869901398731718123e+00
2.587139191957301243e+00
2.204719782683051577e+00
2.491496043036430796e-01
-2.900749277895800837e+00
-1.526375994728056629e+00
-2.577105170174442517e+00
-1.156235706371179228e-01
3.349062102048879108e+00
1.089972263806138875e+00
1.762180621838128625e-01
-6.325471201746122318e-01
1.423497063378584393e+00
5.569973290121636111e+00
5.844747779172134727e+00
1.881729235153979607e+00
1.843813484607374764e-01
7.266612128697361506e+00
4.325293943512661388e-01
-6.696003837300043671e+00
-3.334195303380303343e+00
1.544565406151206854e+00
8.177946181227635503e-01
1.682216992079629936e+00
-1.525321991065957672e+00
2.239667030152460825e+00
-4.389556523519635434e+00
-4.446675756488659204e+00
-3.606903069759336056e+00
7.059660762886073471e+00
2.584808562169604862e+00
6.604886684160048427e-01
-1.291205938725850544e+00
3.145166633320574778e+00
1.907611642036530553e+00
-2.753831926269495689e+00
4.519749355751379483e+00
1.211257777672564373e+00
7.767445605148899368e+00
-5.185938972456022311e-02
-1.405464528201689767e+00
1.897810530547583641e+00
-2.455226081452679843e+00
2.930439714644999860e+00
-3.375094691730837759e-01
-1.468248380953007803e-01
-8.458375933272511915e+00
2.328079722520714157e+00
5.910441896675001416e+00
5.730836904876165150e+00
-4.078764315019553166e+00
8.663208466964380960e+00
1.834460050400477105e+00
1.291774903127543617e+00
-3.824167538372791775e+00
4.730238198002826300e-01
-4.799587132173098070e+00
6.015361329118819711e+00
-5.219633672384088818e+00
-2.568726372119021661e+00
