9.045943779215200209e+00
-1.034831846926227072e+01
6.190463021183637338e+00
5.317878953795681873e+00
-3.741079339141046400e+00
-4.040003526239129172e+00
-3.665847560627728541e+00
6.934846066184817914e+00
4.448737207719363873e+00
1.779630454145145535e+00
6.194340263125248214e+00
2.761406004193927455e+00
7.873991926657590845e-01
-2.269772175608630871e-01
-5.385709359353877623e+00
-1.214458098799283903e+01
-1.529236992002160678e+00
-7.243700005704142519e+00
2.177611337442485251e+00
-1.898996118969767055e+00
-3.356088778338576439e+00
7.141850604739881092e+00
-8.758932705700109622e+00
-2.043779965988497693e+01
-1.216318422929600240e+00
2.481435106808608904e+00
3.209736059102193284e+00
-1.310336297170510989e+01
-7.225580438679099160e+00
-6.387974418197876147e+00
3.364293133291225590e+00
-7.217350189447510722e+00
4.018624464992273104e+00
1.510477792499458793e+00
2.413307953728249799e+00
6.423871669951452645e+00
5.376472056295118485e-01
-1.896744429943663546e+00
-9.073944894845137554e+00
2.199335654955314467e+00
-4.715049089195770371e+00
-1.199865264674150289e+01
-1.142512319582880309e+01
6.078217473326611220e+00
6.343537323155323371e+00
5.741763349462837951e+00
-7.360162815351818821e+00
6.153245756765604924e+00
1.033931825342142785e+00
5.836691022121629047e+00
-4.847182011152795233e+00
2.179131781119564959e+00
4.916791200578953358e+00
-4.564312364843540415e+00
-3.335232678536799611e+00
-1.027469566746900398e+01
-2.531097100385049536e+00
1.929125159148207924e+00
7.672146876815257865e-01
3.838899731034844720e+00
-4.747232922639082808e+00
1.423166063995857300e+01
1.307871017811325309e+01
8.680224650500774075e+00
-2.512186368082034438e+00
4.160023350941351339e+00
6.371161145929550074e+00
-1.003332701962490248e+01
6.640134613861593316e+00
-1.076352440943161959e+00
6.694802298307889643e+00
5.431711243651553112e+00
-1.098690176433840726e+01
-3.019089928818687874e+00
-1.195479014196801160e+01
2.529664263100097621e+00
-7.949778160313369924e-02
7.063988502763730359e+00
1.050012512727838043e+01
-5.073374927904246157e+00
5.569272304754817604e+00
4.277935637287293424e+00
9.843887330455675100e-01
1.340324714077812196e+01
-4.656721307754281725e+00
-1.786245406744231268e-01
-3.212583518645936831e+00
-2.113199852350791552e+00
1.314715189404848417e+01
1.016344890670627166e+01
9.586290351903112850e+00
-4.132124436277520907e+00
5.888547757827608642e+00
3.958259165376841082e+00
-8.839352335207124156e+00
1.098260122238188075e+01
-2.660388675538324588e+00
-4.174397281057891540e+00
2.622417813071965309e+00
-3.491532776617742417e+00
-2.223606661571869147e-01
1.335418999299796639e+01
-2.584000202334112206e+00
-5.384406120291287401e+00
-6.112016954200505392e-02
1.005941764574409536e+00
1.213640574707148545e+01
-4.065695061927566023e+00
5.465066802739404039e+00
-4.559899496382866957e+00
4.044409415573158029e+00
1.960193634663655038e+00
-1.362103746789230962e+00
3.527381596610716485e+00
-1.378206612182174595e+01
-1.742225062856598328e+01
1.647269056662602260e+00
6.809472569887803139e+00
5.718999182189063113e+00
9.358879103379125652e+00
1.370222586950002319e-01
-1.600531740518079005e+00
1.196697085832433061e+01
-4.860001294584845866e+00
-3.720385401744456644e+00
5.500684407532232534e+00
8.888309918756826633e+00
-4.896082158994355282e+00
-5.861774672000307440e+00
3.254970371651527139e-01
1.541997073067753243e+00
3.416021673223569532e+00
2.679180713652750345e+00
3.929356850511561916e+00
-2.966998369684070713e+00
-5.006093042784703684e+00
-8.991197337971003734e+00
1.404403974778605679e+00
-3.374207906059898954e-01
1.359064185093201260e+01
-6.921534489650245980e+00
5.266818884136348800e+00
-4.938331164254779360e+00
8.038740805591949368e+00
8.315652357650556992e-01
-7.699692558061263625e+00
-1.025125813794494789e+01
5.127090293136703281e+00
1.279869503367078609e+00
-4.552240718567565736e+00
4.698365004547637724e+00
-6.934124917692342294e+00
-2.543526690333293594e+00
-9.783140500590690181e+00
-9.553128658699009401e-01
8.225048249235841880e+00
-8.876969182893081012e+00
-3.845448398039312377e+00
3.481456412450378846e+00
9.624140924431745958e+00
6.549199662973855141e+00
2.381229876466980144e+00
-4.588964830396314198e+00
-8.055188673923701081e-01
9.723371500491789776e-02
3.605742668041277632e+00
-1.804758097837365627e+00
6.727112485593160329e+00
2.269233925294932508e+00
-2.079245425179877316e+00
-8.245751840503219299e+00
-1.094872385898477418e+01
3.205075938368668886e+00
-7.776862127600912444e+00
6.165706941305279187e+00
-6.197966143187949584e-01
1.481605670642954120e+00
-9.494043914946693974e+00
-1.012297501782415132e+01
-1.195186414582743595e+01
-1.783529796371643217e+00
-1.339154091598531870e+01
9.747358461634794580e+00
-4.260515226645253506e+00
6.682347380522983826e+00
5.332623700637232567e+00
-8.302573613130295627e+00
4.660494820577756769e+00
-1.097697273830236853e+01
-6.780224433924677108e+00
-8.845747499447652373e+00
1.279750938681165273e+01
-1.864127744068089232e-01
-9.726124456117911876e+00
5.773184293650525101e-01
-8.541470987029621043e+00
6.357525359841970314e+00
-9.382284014604822531e+00
-1.077231098563382894e-01
1.002084973632445042e+01
-5.596605133818323807e+00
5.007831993302654716e+00
-1.912653588561928242e+00
8.129946836671832600e+00
1.256184827215378164e+00
-4.330538751579317669e+00
2.443725073278830706e+00
5.353306314781955066e+00
5.828705069566154862e+00
7.047874295586175286e+00
-4.840770013532932126e+00
-8.307512684726536811e-01
6.173447203572591802e-01
7.382867988603925014e-02
-7.979193351767889020e+00
-6.026505904279322756e+00
-2.462749705211187301e+00
1.598118840296565146e+00
-2.535811805482398373e+00
-4.492055606575062754e+00
-6.049877497456387587e+00
7.479131071825083410e+00
9.214397699062299552e+00
-2.371063621373086239e+00
-9.792571818492092905e-01
3.914133293215735332e+00
7.143028452860770372e+00
4.706428752156580408e+00
-6.965266216456277304e-01
2.505653837933318862e+00
1.343676583423313176e+01
7.877698410770205939e+00
9.440798366124941721e-01
-9.814797288100651329e+00
-9.033045894398147979e+00
-3.693368034834947800e+00
-8.678610092601065418e+00
1.573588289728425682e+00
-1.153092232309737231e+00
-4.995471592421398377e+00
-4.721588050862297603e-01
1.089242757333919398e+00
1.512636524061124810e+00
2.310601798021637787e+00
-6.906351206673895682e+00
4.794987120828224647e+00
-4.949466829950197599e-01
5.892558272883748671e+00
8.972576590074340386e-01
9.352740227291287400e-01
5.656489370813506667e+00
3.347247915633499105e+00
7.827373522685619811e+00
-7.443810193218786786e+00
-2.836624130164087099e+00
4.660404546238312129e+00
-3.847338130508105358e+00
-5.815761304699536893e+00
-3.557023968862341068e+00
1.320904536552367059e+00
-3.013669880190629424e+00
-4.126087058483097536e+00
-6.701413115246136698e+00
1.568562895391211143e+01
1.641059939614985907e+01
