-4.440664706388002259e-01
4.677819273568329272e+00
3.539407826490962528e+00
1.717043042409733822e-01
-3.624393876458863684e+00
-2.047023071205138933e+00
-2.436473788954988784e+00
1.639683962972960041e+00
-3.431939597857226687e+00
8.142922563458747376e-02
-1.568920908145931215e+00
3.646701802527034353e+00
1.213762692298691270e+00
1.633729319168876870e+00
5.496468295156014428e+00
6.497651433872679849e-01
2.816557355625751047e+00
4.740891021153599283e+00
3.300324723924420223e+00
3.636461163230297888e+00
-5.804473686451284919e+00
-1.182053781992836172e-01
-2.534968896032476771e+00
-2.525035198160153538e+00
-2.191588864564389283e+00
7.719816768930623851e+00
7.508779889700354815e+00
-4.314506215178171900e+00
-6.397072397471308403e-01
4.412485081478548565e+00
-5.264522143351909378e+00
1.115569757748352320e+00
-1.048993210496859563e+00
9.916029443787439668e-01
-5.296606258365978093e+00
-5.377050443227460175e-01
2.594140965252130115e+00
-4.944604202804436355e+00
-3.195146524942776289e-01
2.096570545481295067e+00
-5.755407154294123195e+00
-1.311685181472114659e+00
6.285424286572247610e+00
-5.936345115796143546e+00
-5.719179394260137661e-01
-2.770667691919376452e+00
7.402650210892562921e-01
1.615173992633357036e+00
-3.316782848198199796e-01
-2.758634400645623153e+00
1.752193254008986401e+00
-1.546672651865858006e+00
7.368484549489799029e+00
1.861324153197197351e+00
-1.970483683264089292e+00
5.615011547770456524e-01
8.239441264398890130e-01
-7.524832199104610764e-01
-7.880051523771348876e+00
1.055346659887576477e+00
5.212400346844805021e+00
2.860512997841413996e-01
1.731659504566305019e+00
5.551759777484965852e-02
3.676909470008594472e+00
-5.487043987873853723e+00
-4.042783419097101927e+00
-8.984980105704428732e-01
2.034137795616923483e-01
6.149637133777619002e-01
4.873077091727950894e+00
4.010440615007052401e+00
-1.000864688928809754e-01
3.740210626354253942e-01
-2.405368400539358298e+00
-2.334900330187988260e+00
2.171906509367647953e+00
-1.766628339976481943e+00
-2.085233560160650867e+00
-1.809799310155251195e+00
3.348118551683919364e+00
-3.151322342801310850e+00
4.764437230358079312e+00
-1.916164599159222437e+00
-5.260274696989562848e+00
-6.386214742997986527e-01
7.750962648176029646e+00
1.703429129386621055e+00
-4.671255218824266198e-01
-2.205032837547227675e+00
2.932100171946340428e+00
1.277289507293084769e+00
2.524333366764543563e+00
2.422467852233055385e+00
1.757185311702760044e+00
-3.806665110202239077e+00
5.756315942054636814e+00
-2.669060438165443028e+00
2.016477705652352181e+00
-3.664758395539118307e+00
6.332507678386205541e+00
7.979901158705027253e-02
3.633236457921745988e+00
-3.125936454640755091e+00
-2.490126164437528100e+00
-4.792921200946319793e+00
4.089263153656848004e+00
-5.918496438015163896e-02
1.380035092667491359e+00
-3.450189900273896271e+00
-3.457173679592524973e+00
-1.343710280291906312e+00
8.935088231348087273e-01
-7.276912535438703422e+00
-4.638858192829566351e-01
-1.727878533809142247e+00
5.240386963338662385e-01
5.659048086610090067e+00
-5.897688191310632710e+00
-2.661723958548225522e+00
-1.960964055173612275e+00
-7.370360609999713208e-01
-5.079336337857944805e-01
1.261627988257899791e+00
-2.481133981146690815e+00
4.408224327684501453e+00
1.206218209048680046e-01
-2.927134344174314506e+00
7.651195002810668999e-01
-2.194314911625253828e+00
-5.719043085712165464e+00
3.631456550143480122e+00
1.455911520894682676e-01
2.108307376870334870e+00
-8.836591512357919176e-02
1.014027876256849980e+00
-4.637237210355566575e+00
-1.406427054716111291e+00
6.512789329365911151e+00
-5.843014192075977498e+00
-1.214017326177219136e-01
4.825840615349638041e-01
1.708804642348991543e+00
2.433830487294318168e+00
2.448493188434581747e+00
7.748051094645055925e-02
-8.017809892479890177e-01
3.830570030670020110e+00
2.490312176905664643e+00
2.007848955561994941e+00
4.333732239106328876e+00
-1.692427524747963652e+00
-3.582939097737688705e+00
-5.325266274797154642e-01
-3.578713709711879520e+00
5.519860112465480029e-01
4.516192834797099209e-01
3.321216768102285499e+00
4.081233147928561067e+00
2.895512010160687488e+00
-1.575291335213917066e+00
3.305992471185253967e-02
1.309135504739043609e+00
3.298679701725921287e+00
4.071623143114739385e+00
-4.015194155929101560e-01
3.342816105405685967e+00
-1.518498405589917555e+00
2.708561810594498631e-01
5.055079040251503564e+00
1.503892617824333477e+00
4.173900568339220740e+00
-6.332625994686659487e-02
3.160941119078767070e+00
1.386807185446141677e+00
1.513543880929723695e+00
1.891993574594966310e+00
4.271912655144119775e+00
-8.250778304368275862e-01
3.740472714671996268e-01
-3.936315711331853429e+00
-1.485906823953836220e+00
-1.396579408713676695e+00
4.594628083848695255e-03
-2.777713841514074300e+00
-3.201578653215032766e+00
-2.626812670052947940e+00
7.333733279174450281e-01
-3.382131000820690625e-01
-6.106185322262817294e+00
1.525924088849548665e+00
-1.210069838909640261e+00
-9.275328098018520429e-01
-2.406515064677386739e+00
-2.327926371040135667e+00
-2.454433242238371005e+00
-1.151515321719433160e+00
-2.616310111935314264e+00
-4.303330782389415354e+00
3.579401849417991777e+00
-1.501410365251109047e+00
5.636273167751977731e+00
-5.904074861783872308e-01
8.035494295215075411e-01
-2.103994721602422402e+00
6.769240707829450310e-01
2.591835237860758423e-01
1.200001504058695989e+00
4.434304306457754308e+00
6.013421013723194264e+00
-1.602221497438547804e+00
-5.007272243893820196e+00
3.629668315697248460e+00
2.086022279970398241e+00
2.948986085680066704e+00
2.267065449669727339e-01
-5.947974511470034642e+00
-3.618221313416126961e+00
5.202950090428182239e-01
-4.076532554290317023e+00
-2.282034862224490368e+00
4.788021585595122476e-01
6.764532371580238568e+00
-9.029195808013767977e-02
2.768007904044868628e+00
-3.506270390381154733e+00
-3.698850056260052810e+00
-3.019197975089449759e+00
2.028188124985857321e+00
3.477968825583352963e+00
2.601460832582489502e-01
-7.620694577143613202e+00
-4.117737083154726641e+00
2.392702835899584102e+00
-4.979327305432446948e+00
-2.512421582129635844e+00
7.285351454633646640e+00
-5.168807976910793300e+00
6.972990475034070990e-01
-3.179456252726830190e+00
-5.479815458341643186e+00
-3.639626222072612549e+00
-2.782216470857769242e+00
-4.706638405996324437e+00
-4.794870679353678611e+00
-3.477520796062127051e+00
7.386983520694283989e+00
-3.950638364706731132e+00
9.106307660811930660e+00
2.359922362332325996e+00
-1.897830997271318321e+00
-1.012038012076275528e+00
2.775178115323970740e+00
2.334308621687366525e+00
-1.405245240689528607e+00
5.624720757576032071e+00
8.023231382104333065e+00
1.302261354776249380e+00
-5.978272131231100461e-01
-1.016840533979352035e+00
-4.278151107927288255e-01
-3.684503271379358846e+00
1.331373600206990027e+00
2.002090788498896323e+00
2.596876326544700575e+00
