2.734313008816683599e+00
8.115362794368207844e+00
-1.020728555397667670e+01
4.938208372647182820e+00
-6.956090617995241310e+00
-1.315413374469471819e+00
1.212893409262658206e+00
3.249027715950474349e-01
-2.118864018938439120e+00
-2.163828811606586522e-01
3.501153322369148668e+00
-5.301038256274122951e+00
2.039683534303536605e-01
-3.910010003983009241e+00
-3.040383310200008182e+00
2.945227163147421390e-01
3.085328617313923605e+00
-4.513941107318794610e-01
1.919825331600311769e+00
-3.595327209129273616e+00
6.801674255702503835e+00
3.948634109828787153e+00
3.617228493490258767e+00
-2.434671757748913201e+00
-3.942977895935143584e-01
4.351538951956259282e+00
-3.740766873137503445e+00
-3.376795257220662205e-01
2.391501721991300400e+00
1.563334812758962133e+00
-4.681812469912794761e+00
9.192206668726096708e-02
4.572976025287767143e+00
-3.066626215230240593e+00
1.168738065673028848e+00
4.508856243642155981e+00
-4.511562009304410203e+00
-3.159283169663735791e+00
1.792614271215460242e-01
-2.580534529625312157e+00
-1.991940708455763875e-03
9.178046273359187213e-01
4.352024633932135345e+00
-6.027851071623452128e+00
3.496106798274253524e+00
9.915033646775626153e+00
-8.790655274223695415e-01
-3.659694780384667112e+00
-3.060873098962932914e+00
-2.766430613137194072e+00
-3.039171832673500884e+00
-1.851081215445087302e+00
4.277710687581903759e-01
1.202355785837768698e+00
6.121236646614833354e+00
-1.915604746328006147e+00
1.219790166528864184e+00
-1.863063003390005079e+00
-3.427389887554189496e+00
4.944444421961429192e+00
1.234244749902477123e+00
-1.997606517536882897e+00
-2.867094691048905908e+00
-4.576884366163917583e+00
-1.726075490234955323e+00
-2.798283624735769859e+00
1.002008548372423924e+00
-2.022928089781269367e+00
3.384096988056522815e+00
-4.920776810641510624e-01
6.736749246866833296e+00
4.379128914666042149e+00
1.180196365940464620e+00
2.051201922099258557e+00
3.861678087124997827e+00
7.710632267676910123e-01
2.801930624817026150e+00
4.379489225067571212e+00
9.772018155010468998e-01
-5.701000097506032205e+00
-1.457056805981548075e-01
5.540198261244650979e-01
-5.300338727322136956e-01
-4.723204834173643896e+00
-5.402747096457441778e+00
4.828914246657887155e+00
-2.476616861547510595e+00
8.275044560172881702e+00
8.264606029541170518e-01
-7.467695728298258118e-01
-2.250953209156033807e+00
1.684351122659412336e+00
-2.144564890539208957e+00
-9.242561070036821036e-01
1.158026548409320233e-01
-2.102908302720394307e+00
-3.289038693680542469e+00
-2.263380545766113805e+00
-3.506140356840150574e+00
1.022094958530629816e+00
-4.972399767195348375e+00
1.265258894579313065e+00
2.196283753922087634e+00
1.939397316127296822e+00
1.192136073153287068e+00
-1.557435321540391993e+00
-7.116716843608249299e+00
5.501030118286938109e-01
-6.857518349534199587e+00
6.273782299195805656e+00
-6.053349346154763388e+00
-1.990964222184333998e+00
3.155443674811472476e+00
5.362441790845046130e-01
-1.706463897308693189e+00
-4.768783639351400261e+00
4.090124131969712806e+00
6.692137544893412837e+00
2.123066784873555157e+00
-2.034664646402921662e-01
-5.779999964752295938e+00
-2.218936180477759201e+00
-4.215926563424540197e-01
2.342850731471803005e+00
-1.730917105473689599e+00
4.646553267319410985e+00
2.957478177266602337e+00
7.144688516028435465e+00
5.796452935714185628e+00
3.740222971021433196e+00
-1.659303473408257679e+00
1.373748781884963188e+00
-1.202100847111018167e+00
5.100573107596069633e+00
-6.155855140069986575e+00
-1.015700575490974256e+00
3.400909522759925085e+00
3.304582674721427971e+00
-7.917366462839341423e-01
-2.292755153126763146e-01
-5.338955234102573666e-01
-2.151457666307316163e+00
2.996846481715407240e+00
1.193868356824156152e+00
1.503027291167928325e+00
5.108001811808743575e+00
1.815577680709452579e+00
2.946637371840030162e-01
2.175084913047229396e+00
3.906238256848698409e+00
2.514777987708947116e-01
8.188908345031339353e-01
1.448924323004381565e+00
3.601002792999083990e+00
1.210081518235269549e+00
4.518917068528564229e+00
2.870323612422611692e+00
-2.061196428109369094e+00
6.473060995790994587e-01
-3.245273706176625694e+00
-1.673755499708538541e-01
4.948689087200956571e+00
7.358788704460110797e-01
-3.980676802664776526e-01
-4.231295694574790822e+00
-3.055686236735500216e+00
-6.345292640350009172e+00
1.654762196350913817e+00
-2.338239980503972859e+00
-3.135746494655888394e+00
3.851228816200187755e+00
1.569458076853895934e+00
-3.142903179591539420e+00
-2.965988818107647251e+00
2.652444970892995801e+00
8.997833354570149211e+00
1.644920091061141232e+00
1.967032995966317976e+00
6.331371247666062185e-02
4.788750226458669879e+00
5.884540107572483691e+00
2.687265925418982349e+00
-2.865788259450374742e+00
-3.737836787049230836e+00
-2.266420624795842720e+00
-9.998719554535699938e-01
9.877569510578982914e+00
-3.126539534463784742e-01
8.448609910180864269e-01
-3.700530556323436304e+00
5.814836262594113236e+00
-2.177094648159579593e-01
1.446898195426672862e+00
2.308370459071059866e+00
-5.013313131246387222e+00
-3.935447047293818112e+00
1.119333013650698927e+00
3.925590714526268066e+00
2.904593826134211465e+00
-3.794358509890187747e+00
1.356450784037641633e+00
3.078036964484072158e+00
4.424817929626752466e+00
1.879963990769399462e+00
3.434007293704099073e+00
-2.454896708806300065e+00
1.856345361244169823e+00
3.777612607279643875e+00
1.368199786406106289e-01
-2.105122788349781171e+00
-1.667193615744818391e+00
-2.536470497375731270e+00
-1.823252754267897124e+00
3.775664251153638684e+00
4.042416326182207698e-02
-3.787962396465009707e-02
-1.426140924117915487e+00
1.694053562355602782e+00
5.741880863809890378e+00
6.451191082566667845e+00
1.678781060863743235e+00
7.839797603789608327e-02
6.546481902403075814e+00
-5.365867624342668396e-01
-7.532361923494418576e+00
-3.559871061638583800e+00
2.249435140241032194e+00
2.306347080566899521e-01
1.691934146178413867e+00
1.272728940072249681e-01
1.796670426770912599e+00
-4.974805623264680676e+00
-3.377988598241308704e+00
-3.443980697092731802e+00
5.769876348059854720e+00
3.300988268409887905e+00
1.067229017412652414e+00
-7.081171815797653313e-01
3.578142049504214217e+00
2.238174228632431095e+00
-3.462369935582722213e+00
4.326768149946446762e+00
1.990489762923859596e+00
7.491136114537642499e+00
-7.766318563049663393e-01
-1.810381488573573616e+00
2.842873117681196327e+00
-2.359027801676643943e+00
3.960923589664637312e+00
-3.118181988983350639e-01
-7.287995370909559067e-01
-8.572289291835222258e+00
1.059434979584196856e+00
4.963066778461334927e+00
5.804409770223194265e+00
-4.972703377945068226e+00
6.886568386648548312e+00
1.516474612873317529e+00
1.281242965633312636e+00
-2.524399002484005727e+00
6.755426404001814156e-01
-2.753536021704208636e+00
6.952298544448649587e+00
-5.250423914254551683e+00
-1.978672345905604812e+00
