-1.121959666923679100e+00
4.806774504552866034e+00
3.612733948344909241e+00
1.772190081414009577e-01
-3.012754501179185418e+00
-1.880944145304054294e+00
-2.517053565903888401e+00
1.927089364510931935e+00
-2.826469958127402204e+00
-1.177867048048001575e+00
-9.281443705991840876e-01
4.208237044432559415e+00
-1.982095573513242837e-01
1.057554450344984520e+00
5.851512523976152735e+00
1.531990447614465456e+00
3.211520133807913346e+00
4.792077275866630792e+00
2.714159149424264950e+00
3.952626389673232765e+00
-5.822553482890113763e+00
-5.354678585191396945e-02
-3.845576952583792618e+00
-2.420415867594680748e+00
-2.534195957832485746e+00
6.818979781589508349e+00
6.734056468694364916e+00
-3.861057405415104782e+00
-9.917254949218745619e-02
4.773004488442997406e+00
-4.909527303095115869e+00
9.931999613508554203e-01
-1.553725785138679871e+00
8.733419177292848223e-01
-3.852456967574307445e+00
-1.636754715507892088e+00
8.718035515312771988e-01
-4.436219476447609722e+00
-4.024764941701188814e-01
2.236008244816583890e+00
-5.376695659651735681e+00
-1.782538380371234021e+00
5.189052208867005689e+00
-5.706646347110540418e+00
-1.427324425087685089e+00
-3.784943604905953052e+00
-7.423951533954008530e-01
8.910023839968590487e-01
-8.861077928071192655e-02
-1.910668867629087497e+00
2.421526247790286135e+00
-3.277212670718438137e+00
6.686619784157191937e+00
2.191555717909174472e+00
-2.667668983306738628e+00
2.630487776807355349e+00
-1.765155321213022210e-01
-6.666852988694774718e-01
-7.074075522262756266e+00
2.069880193580836636e+00
6.621657113390028826e+00
8.355384540573749241e-01
2.628587628030906842e+00
5.833937703448637269e-01
4.167073820368238479e+00
-5.285567757943787193e+00
-4.638778671069704096e+00
3.432301858259517724e-03
-4.729509714886491190e-01
1.912342486825000520e+00
4.751985425730305579e+00
4.603404054816744306e+00
-6.988590915657640901e-01
4.945910073659618988e-01
-1.022261161901206750e+00
-2.607494489685663108e+00
1.107892825535023773e+00
-6.695989727289820559e-01
-7.781779800925344714e-01
-9.497719430171511767e-01
3.641159316826431791e+00
-3.014003946852479743e+00
3.510837249680940797e+00
-1.569189024893634876e+00
-5.766724765680319109e+00
-2.017762244396289484e-01
8.208394770249670458e+00
2.112757403350015828e+00
5.380103696286097081e-01
-1.860898130445553633e+00
2.474336706218533521e+00
1.012967952444628228e+00
2.150251135642305744e+00
2.220860437944720989e+00
1.319466081979597583e+00
-2.119079825988561261e+00
5.480103626406337192e+00
-2.335825426004379590e+00
1.398633946905510905e+00
-4.650189383869042459e+00
5.319562974237534547e+00
-1.437324353867434068e-01
3.410808282233968480e+00
-2.240964041048160826e+00
-1.898081089311201453e+00
-5.124535199348977166e+00
3.348960272238830971e+00
-6.419772690527913994e-02
1.327074959901680229e+00
-4.808684236271196788e+00
-3.010655312713490517e+00
-2.949754303917664355e-01
1.466203430961915855e+00
-6.615384373148955888e+00
-7.295208508341810560e-01
-2.928784296555407174e+00
-3.530254856961377308e-01
6.810087703274569471e+00
-5.631748991019373207e+00
-2.289882645817164164e+00
-2.481568821492073695e+00
-1.942881928894591770e+00
5.868759772988557666e-01
5.134532254701837939e-01
-9.786798478930013312e-01
4.363232669659376839e+00
-9.051471976157512978e-02
-1.612343981819848171e+00
1.438705559946731771e+00
-1.853063271836138393e+00
-6.859893526503041628e+00
4.100436466504124411e+00
5.631950439618902404e-01
1.311037038579468961e+00
1.597759228236159235e+00
1.962249495597648608e+00
-5.353061469373387560e+00
-2.159950330951671660e+00
5.629531897019572462e+00
-6.059480823087922907e+00
8.818086763698831376e-01
6.858103685015836115e-01
2.142345487486377653e+00
1.929975253666485591e+00
2.001647527665703308e+00
-1.279074076487371370e+00
-1.313399676091259738e-01
3.473776147422857008e+00
2.183619427219289033e+00
2.073934985992168745e+00
5.160802649919295604e+00
-2.584267656781784162e+00
-4.248640346627360564e+00
-7.694476079108254485e-01
-3.588501329502407966e+00
4.109205591803339885e-01
-5.700912717014294806e-02
1.995874054304359602e+00
3.097124788752921631e+00
3.810546708936551674e+00
2.752281648279474302e-01
-1.213716352300074686e+00
1.065394800116631346e+00
1.722384860132194939e+00
3.242170912476973310e+00
4.357462476134444374e-01
2.753489961426155208e+00
-1.845651606204558259e+00
1.005177566298373959e+00
3.681363264457325535e+00
2.133196530931837032e+00
3.454438398990231640e+00
-4.741961203105141132e-01
3.594281596728345907e+00
2.444467014162417406e+00
1.320231945377565719e+00
1.360251736897073460e+00
3.901829221699340877e+00
1.965220834858129040e-01
5.638559634489932471e-01
-4.946477969113725059e+00
-8.032813777693951218e-01
-9.243808980232021133e-01
-8.435382503482139471e-01
-1.895600249166760065e+00
-2.989785544763978287e+00
-2.138209737520022635e+00
4.656702458922447052e-01
-6.643645449230312083e-02
-5.871168479515209704e+00
1.392949787815752627e+00
-1.528538384755149249e+00
-1.104917299219521976e+00
-1.626136748921890529e+00
-3.545527156071243802e+00
-2.464942892299807564e+00
-1.185274753723525976e+00
-2.556344943299898365e+00
-4.570584461588158121e+00
3.010715144527948528e+00
-1.565856643573608764e+00
6.044646389110942764e+00
-5.258265723199635477e-01
2.191780023821661150e+00
-2.165573754275003981e+00
6.000108995814121826e-01
-4.698486937352516213e-01
9.428530082494662734e-01
3.919962960336420554e+00
5.596199754653969904e+00
-1.984331475992742178e+00
-3.985268577776512444e+00
4.013322739610628354e+00
1.524085627447038238e+00
2.267989897076302164e+00
-1.327716246822092216e+00
-5.282727705296316856e+00
-5.293635799223967098e+00
1.598799038519507221e-01
-3.794020189747195460e+00
-7.995336958713848696e-02
-2.662522254179122000e-02
5.306568304305716133e+00
-7.076917726903684258e-01
2.399893060240104514e+00
-3.234761779929331116e+00
-4.934848347037808836e+00
-3.794320516849893909e+00
2.120631296701435797e+00
4.836961444461598703e+00
8.135922351132162111e-01
-7.647026833975595572e+00
-3.624177377174225168e+00
3.386883309709525669e+00
-3.938950898895430264e+00
-1.941712370796981002e+00
5.928210423866943302e+00
-6.068913306879487379e+00
5.480131161923043059e-01
-3.056606061251126771e+00
-6.037519896645549444e+00
-4.000713937877924842e+00
-2.401580203390071055e+00
-4.909541162633347611e+00
-4.793360572788530227e+00
-3.118466586723158240e+00
6.047388244901862109e+00
-2.627667616934095118e+00
8.735856639100184395e+00
5.863616702907018530e-01
-2.753660849708739367e+00
2.431638750263949156e-01
3.619063110526045346e+00
3.134139398225611384e+00
-2.504774455020463364e+00
5.383333858976132369e+00
8.056831097588743162e+00
1.380275117217273584e+00
5.813203515424614221e-01
-1.093184390718069166e+00
-8.272656639073989737e-01
-4.686854655515468870e+00
9.390932523477204530e-01
3.344329254065180335e-01
3.619770377506483339e+00
