-5.966652339379457937e-01
4.521139028547529470e+00
3.299521958212670469e+00
6.700763025683121876e-01
-3.219902563175128130e+00
-1.724222048246029093e+00
-2.000541988106090852e+00
1.637650989736508356e+00
-2.498808902846679558e+00
3.484938850691706169e-01
-7.418206180616493395e-01
4.845714757131007744e+00
1.573343335242381735e-02
1.349365051006671257e+00
4.842394103680052631e+00
1.666504289930505367e+00
2.345410736541741592e+00
5.799271456265361557e+00
3.284824760093522311e+00
3.865401806111728344e+00
-5.535136618050564117e+00
5.771291167442117453e-01
-2.996646362809937791e+00
-3.415451339033136247e+00
-2.565449110164000235e+00
6.148799281736519795e+00
6.006899345219847142e+00
-3.182771066405104321e+00
-1.709106291559806756e+00
3.387629585991756453e+00
-5.977410756995547914e+00
9.544052622214530546e-01
-1.289383097459768424e+00
5.998915969631678502e-01
-4.410819470750039883e+00
-7.330250052992350884e-01
1.779564267742310024e+00
-5.218239216029264327e+00
-7.325991888833052190e-01
1.929045433074942473e+00
-4.979875594933224292e+00
-1.622290766992120270e+00
5.399762030986023476e+00
-6.761820224690798575e+00
-9.418323964895789491e-01
-3.386730629942291237e+00
2.551823913430817936e-01
8.543965523888410463e-01
2.649533822376527459e-01
-1.954388344350787676e+00
3.500210580934858040e+00
-3.906261529165826474e+00
6.551842702265444629e+00
1.188266673133733686e+00
-2.718506474557472075e+00
2.044152370125457807e+00
9.744164529140878495e-01
2.592655433756138050e-01
-5.862600481626804694e+00
2.903076507836023001e+00
6.343273594795150849e+00
9.035597224391735960e-01
2.276260735003169611e+00
1.466092469950413202e+00
4.458256224507850973e+00
-4.906101908663903721e+00
-3.682957010899023942e+00
-1.046010221758317815e-01
-8.908355071805964531e-01
1.484536532743376602e+00
4.784727193792412514e+00
5.232473525049510243e+00
1.854429083175263004e-04
1.261640991481902008e+00
-4.292061876327029624e-01
-2.255606070054048562e+00
1.238158877413970016e+00
-1.432289413937070544e+00
-9.765046896668283516e-01
-1.689265875057750499e+00
4.038615373352984150e+00
-2.336126298692910996e+00
3.058492213336519772e+00
-2.488738052979788673e+00
-5.314015205711512202e+00
3.269593429289370246e-01
8.301376098905247858e+00
6.313634086343853369e-01
1.538878653215420167e+00
-2.155358500579067194e+00
2.408986111246711914e+00
1.421604822625558873e+00
2.521949992208898372e+00
2.892910001387371643e+00
1.394862570725036166e-01
-2.735305232248310237e+00
5.488917456948864348e+00
-2.705119419716247808e+00
1.626508531937490787e+00
-3.201200864226795506e+00
6.578905131398705031e+00
-3.383193386929747581e-01
2.087982788363878850e+00
-1.936274521387116643e+00
-4.531963130848954413e-01
-4.971990098006803471e+00
2.818586965016482981e+00
1.194982950205281336e+00
1.497294382964987403e+00
-5.439202968625096446e+00
-4.548647792225312791e+00
-7.540012352968104015e-01
9.972122579715879676e-01
-7.332926093374603660e+00
3.777078561549348512e-01
-2.774369172266027306e+00
4.007247184417626618e-01
5.745438920659807991e+00
-5.136070174546862432e+00
-1.826551482653609337e+00
-2.570237687058411602e+00
-9.369998208405106999e-01
-1.199732404398875740e+00
-4.298025374006245736e-01
-1.160233954463750772e-01
4.085088816959280500e+00
8.325867812018385161e-02
-1.504198684880256875e+00
-1.628034585751607921e-01
-1.702870979287704589e+00
-5.527580076092559302e+00
3.629693098908424176e+00
4.076370734387300132e-01
1.914884209199606779e+00
-4.866509337270621405e-01
1.727289835181297306e+00
-5.236419455239673226e+00
-2.005147927685206888e+00
3.974622659216668907e+00
-5.463666708195593635e+00
2.712767869691117273e-01
2.514560125620381448e-01
3.205152607643743767e+00
1.301773880307284248e+00
2.218067134973050525e+00
-1.790313564329352181e-01
-5.047104264833843779e-01
2.190338952741125222e+00
5.832780515066871008e-01
2.305076245491665343e+00
3.356542323655972826e+00
-1.859973606152477199e+00
-5.139201804291994691e+00
-1.617634021482147411e+00
-3.411047253753155317e+00
5.434980660094720362e-01
6.627419123125514178e-01
1.476672813468383527e+00
2.562037805075892294e+00
3.113512666660678718e+00
9.544306444331214223e-01
-5.846163768396003130e-02
1.699072895387130355e+00
2.352392331162826089e+00
4.025120610702895618e+00
-1.096597662804294382e+00
3.973031822875963126e+00
-3.051662062510864803e+00
9.566385447490723948e-01
3.541863365568734601e+00
1.030727170874353948e+00
3.577075993434336354e+00
2.828643694576087331e-01
3.670548702255374440e+00
3.208340553144318985e+00
3.068185324881613329e+00
4.575491353753619039e-01
5.037535851931830955e+00
-1.083433096902866044e-01
-5.826592201274496396e-01
-4.565310042255248391e+00
-7.218447701936704375e-01
-2.462593993549944127e+00
-5.346126192741410543e-01
-1.550488370954679063e+00
-2.697629754033772365e+00
-1.603585395812765935e+00
1.177859861558462784e+00
1.455561610922547766e-01
-6.342270827884626705e+00
6.451542065732672748e-01
-6.704920506063249963e-02
-7.905956678757918299e-01
-7.635226303160511652e-01
-3.238073325711035011e+00
-1.567023071623407926e+00
-7.950199136966691338e-01
-1.187171512896896708e+00
-3.751128840214026816e+00
2.707729951647138922e+00
-2.249137435373009808e+00
6.068358098180787863e+00
-8.497051148743706150e-01
3.140889685212406413e+00
-1.130872143698093746e+00
5.604046018673718432e-01
-6.365709447125326159e-01
-6.515128587685766748e-01
4.011362287710306340e+00
6.895334452341748133e+00
-9.593734219866342228e-01
-3.447291496729697702e+00
3.824619151214349699e+00
1.351678161561567615e+00
1.728320174539584864e+00
-1.383218982548927833e+00
-4.698016850740958539e+00
-3.789335884786434239e+00
-5.878328648133952505e-01
-4.458388557058932555e+00
-9.262071725112952514e-02
-4.026552957901153862e-01
5.732824735194115284e+00
2.104136337773910848e-01
3.202588273764356952e+00
-3.605176464381107060e+00
-3.324589048167382987e+00
-4.509928619944921557e+00
2.432656580974677407e+00
4.150097549743950509e+00
5.766875952386017745e-02
-7.127093713764188543e+00
-3.656426061254447468e+00
2.465560088925799587e+00
-3.998012796225165033e+00
-2.067883836123332486e+00
4.910340017913518373e+00
-4.697827633817428072e+00
-1.057194357727869738e-02
-3.096020827034742240e+00
-5.812144476565694440e+00
-3.641361254356297650e+00
-2.661288268595513262e+00
-3.579931610029785105e+00
-4.289791719543176285e+00
-3.696453051454512639e+00
5.840553653333715900e+00
-2.413067637242281460e+00
9.480022589711555980e+00
1.298233210337266463e+00
-2.886057295422731261e+00
-8.062304983384188661e-01
2.828599543385971415e+00
4.137446394204216560e+00
-3.452091007753837371e+00
5.974892246255723016e+00
7.606298791246090651e+00
1.513557941626710868e+00
1.991743001273434954e-01
-5.458693252219745107e-01
-6.893582575771030063e-01
-4.521411540245091842e+00
-6.984044516268383962e-03
2.228832918554376263e+00
2.690361340234650456e+00
