1.291286722998621128e+00
-6.496782830869531900e+00
4.125021464640457047e+00
-2.582708993740035375e+00
1.045188595369639817e+00
-6.242503065765538928e+00
2.693751689693063778e+00
3.456656463844525184e+00
4.989176003515584767e+00
-1.503765981107261229e+00
-7.707149922831945110e-01
-1.083887229260497698e+01
3.792059854641533612e+00
-2.482532502027378740e+00
-2.535024697807410465e+00
-1.385614720896857888e+00
6.906157787864944941e-01
1.011336846555202307e+01
-2.607510218832310045e+00
-3.582963539076342019e-02
-1.631494729454709136e-01
8.416838651410127881e+00
1.659502224711078444e+00
-6.758181186169821331e+00
-9.726593673598337375e+00
-1.055241667459271682e+01
1.540471191183890864e-01
-6.257223548871849061e+00
-1.340139205913877030e+00
7.985540563788452451e-01
4.606749665439960673e+00
-4.851649277719718434e+00
-1.623915455590306589e+00
-2.765488046667627930e+00
-2.746396678070469832e+00
1.521842411989565935e+00
3.608022474606425334e+00
7.992227062903118906e+00
-6.505720032041391931e+00
-1.114445082565942435e+01
-2.272962506727993048e+00
-2.082504406175611056e+00
-3.160564742050578246e+00
2.456327667749724775e-04
4.134074413320795172e-01
3.975579205904680169e+00
-5.224239345627345266e+00
3.593051936408476976e+00
-4.491979310217982579e+00
1.702012015616973795e+00
1.521685092417657037e+00
9.894092983013146325e-01
9.260166485659746982e+00
4.078802448467242492e+00
1.124491214203909095e+01
2.045039907563419024e-01
-1.390179771312838319e-02
-8.641248205466565580e+00
2.453180638092115284e+00
3.017444134164811054e+00
-1.766236066436956742e+00
-5.160859667823446628e+00
3.969081238700784553e+00
-6.174233022798942372e+00
-6.613522200538868301e-01
-1.782032241643925818e+00
8.675840047129002031e-01
7.863549229062840595e+00
-3.746391911940082142e+00
2.797966795071215262e+00
1.828794329636080906e+00
3.575290549868562540e+00
-5.870589317049226707e+00
-1.067645160238328117e+00
7.883052686666442987e+00
1.546206583061315643e+00
-5.132433499357757611e+00
3.159721319635507619e+00
2.190026887261467436e+00
-5.077649783422489849e-01
3.156907230619756533e+00
7.401050330772660502e+00
1.011428384456710683e+00
1.057527284882713581e-01
1.012616230938006900e+00
3.902846182520341767e+00
-1.206643920557772365e+00
-8.574387661130051796e+00
4.993288925107854048e+00
3.025307094389291240e+00
-3.700693587741660018e+00
2.783616144645686852e+00
-5.142862516950131635e+00
-3.196722260604690558e+00
-1.005858563593253763e+01
-1.429913714043057560e+00
1.757141282356707856e+00
-1.699105242434430840e+00
2.268097036745094108e+00
6.885243541537077405e+00
-9.722824579361697417e+00
-5.783437831817606956e+00
2.139260824883210788e+00
-3.764718092286453821e+00
6.421276276124938676e-01
1.185131308521709670e+00
1.292801086013245948e+00
9.209936489321904673e+00
3.137011626070955295e+00
-8.576997249113843536e-01
2.695371588902715221e+00
-3.366317876143222199e-01
-1.823027281328176263e+00
-4.830305522528294482e+00
2.688263591830919008e+00
-1.880178208424823971e+00
-3.605939377390923184e+00
1.795092453483423611e+00
1.491797716578898259e+00
-1.173584610003930884e+01
-4.953339865013738352e-01
3.190795093064242138e+00
3.736575123045335456e+00
2.650847675104976986e+00
-5.434754926311904377e+00
1.288133552554653782e+00
-5.525521179759886436e+00
6.259966807056101423e+00
8.103223084384643116e-01
-6.070428205001024757e+00
-8.297256743606719054e-01
1.722366852693744343e+00
9.606448570581122226e+00
4.113951576743317240e+00
-8.524892838447138743e+00
3.567904597615713325e+00
1.164010231073757895e+00
-6.002205216833653267e+00
-5.206633942877422427e+00
-5.463179085326950180e-01
4.345510728963025926e+00
1.574482596600344397e+00
7.349770864961455707e-01
2.230590279885143357e+00
5.415959206119241642e+00
3.891383120638781890e+00
5.862722416842544249e+00
-1.786803086245787986e+00
4.839958528575333818e-01
7.083317360741689939e-01
3.009114008127240947e+00
-2.166464563413875055e+00
4.033214194623889748e-01
-8.461136974879126527e-01
1.736632472900368207e-01
-1.009565355411435661e+01
-5.001675439838203729e+00
8.053364202036272346e+00
6.165870313066057484e+00
-2.459468345240140685e+00
9.820474998919129561e+00
1.256887238345064439e+01
-3.049371734487906771e+00
2.528431971539917722e+00
3.278546191313168379e+00
-4.570176790626625518e+00
-1.361953068785134224e+00
-8.167813054886391200e+00
1.963769243613285642e+00
-2.110809254120181722e-01
5.432270267295510990e+00
1.036676586656779309e+00
1.597388102004396959e+00
5.266689233750332377e+00
-3.807573252427350674e+00
1.407700469781018926e+00
-4.241273734245494809e-01
5.819009860311703086e+00
8.064865619184102385e+00
9.830468137786317229e+00
5.188494498050103765e+00
3.681898590269009564e+00
-1.050395520012317618e+00
-3.844923129927756200e+00
-1.260747125393767987e-01
2.381923617446891073e-01
2.435295688362395072e+00
-4.324699103972093339e-01
1.164799214144245099e+01
-3.183430167172984770e-02
7.579663753459774611e+00
-6.056243723322450201e+00
-1.253516966848417180e+00
3.440461037392187116e+00
2.709976792006780322e+00
2.235717112715700061e+00
-1.713297979403065163e+00
4.550969692492840224e+00
4.849116623274972504e+00
5.570254581982492681e+00
-1.392435533102384992e+00
-1.377302642457189030e+01
3.680268503113182543e+00
-8.368722318152011397e+00
-5.291903322486102290e-01
-5.844500086288256568e+00
1.281620187755327045e+00
3.322244372771862686e+00
-2.106566067786697083e+00
4.352821786341771748e+00
-7.500207996135171307e+00
8.677147744234456894e+00
6.932137944847772459e+00
-3.188202532991497584e+00
-5.351694687013054619e+00
5.957423833931195567e+00
9.775140330054727045e+00
4.029921109056136430e+00
1.411967365407788888e+00
-3.434422927380427204e+00
-1.639794328810728841e+00
-1.646681109627374440e+01
-6.725989722164684714e+00
-2.629606513656129740e-01
8.460436506739368312e-01
1.816418463787265125e+00
-5.696065664054786204e+00
1.741790112108035027e+00
2.554037581857817152e+00
-1.618505682442619165e-01
9.064046679833223763e+00
1.350593715854911947e+00
7.622415212885033320e+00
-2.686196697937903721e+00
8.489234558594208613e-01
8.594512862934347908e+00
-2.151668847818140051e+00
-1.519679795805539690e+00
-9.719029248620014272e+00
1.514779219664704080e+00
-5.571041290064676410e+00
4.085315156919945956e+00
2.365231744952244419e+00
2.748036089985050889e+00
7.790473257697216880e-01
9.082793299295047973e+00
2.192820488483269159e+00
-7.495233019010768771e+00
5.981861718587119903e+00
-2.012980858598131917e+00
-8.430738566872282291e+00
-1.909381030990352723e+00
6.498435130082762079e+00
1.747632225038507459e+00
4.460043826821761037e+00
1.859345760134345271e+00
3.061474122866822967e+00
1.098502444501416209e+00
3.659173770513900470e-01
4.074878050992000178e-01
-8.633763588757967788e-01
3.637370174922551769e-01
-4.151552788342644185e+00
2.365458711289776694e+00
-4.296330994714517293e-02
