1.771368954539852103e+00
4.348937957438400836e+00
-7.038584339590006955e+00
4.615790408886635277e+00
-4.563704017053060724e+00
-2.318251038032538958e+00
8.670458278376081962e-01
1.104855555879077911e-01
-1.198742609399847003e+00
-5.563011096329691929e-01
2.102819686944664479e+00
-4.257826548172157999e+00
-1.117754358480420596e+00
-4.026753036369758121e+00
-8.546238368100720351e-01
-9.630546505269681479e-01
4.608712788974427710e+00
1.079908483910100969e+00
1.821631218319811563e+00
-4.840670988249039297e+00
3.286436593245642968e+00
4.455394819035802811e+00
2.432520162127331798e+00
-4.578057703068866502e+00
-2.465013221398508314e+00
3.349378165315604949e+00
-1.463797506414012073e+00
-1.842811888505323958e+00
1.013796682368393265e+00
2.610884982227493989e+00
-2.495585749251793661e+00
2.566308384861660130e+00
4.680960127041055685e+00
-2.349574888024470454e+00
1.612645681280840959e+00
3.894073306048396077e+00
-2.927188002965269931e+00
-4.943590038495239369e+00
9.001442259229169851e-02
-2.689974524614970885e+00
8.128169622608338862e-01
-2.910509357332217162e-01
2.731628821720200939e+00
-5.389129122341670630e+00
2.928962402433277656e+00
6.682470447252088164e+00
-2.814262866231094229e-01
-4.526549337037846787e-01
-2.317702435840010011e+00
-3.416543036857478288e+00
-7.051707294982083596e-01
-1.561387541478538310e+00
-8.191531252663697416e-02
1.999073770724309584e+00
4.214236216998334505e+00
-4.789135263641152385e+00
-8.641189672703877278e-01
-2.340124212790252400e+00
-2.940239366562833911e+00
3.981149751367937917e+00
1.054002565209224196e+00
-2.082873503254787373e+00
-2.857095305116903461e+00
-5.841302148700137309e+00
-1.769948766950935726e+00
-3.401506640772613999e+00
2.231353615570372817e+00
3.361090170134933830e-01
6.592014556286646121e-01
-6.092874972968864711e-01
5.670112335663908709e+00
2.560591736026291976e+00
2.640242748157450858e+00
4.012781853106442975e-01
3.125383508522515008e+00
-4.955449161494340782e-02
4.860521457316272276e+00
4.365775621194959655e+00
9.819047940021795595e-01
-4.020244296536234607e+00
-1.651336010035622248e+00
5.357968259985268489e-02
-2.474515630613603356e+00
-3.224826853528529380e+00
-4.248763495295672321e+00
2.215986373653149766e+00
-1.403243033794873806e+00
7.981491221169217276e+00
1.255216467821806514e+00
-1.007716971992920207e+00
-3.120104039113633654e+00
6.596773147948242766e-01
-2.565166740027215120e+00
-1.421138174307507995e+00
1.638542836662583158e-01
-2.678532846952217827e+00
-3.431340901523844966e+00
-2.586033293472665306e+00
-1.676814731591929286e+00
1.085804360144229985e+00
-4.643890937520181339e+00
1.417823083211884549e+00
1.678086670935230451e+00
1.447072292373656754e+00
2.001708454539396165e+00
-3.496387731683547440e+00
-6.250112035329181914e+00
6.265350608421234035e-01
-6.637696069751799044e+00
4.622339428217400403e+00
-6.134693617982543756e+00
-1.834963788138042284e+00
4.258060937464319906e+00
2.705165173200793083e-01
-2.891447539042578008e+00
-2.285222633216274168e+00
1.885953789716139806e+00
3.992291274927195488e+00
2.401728505607421127e+00
-2.901159683130252742e-01
-6.405303610780904044e+00
-2.646806855982738682e+00
-4.980419732192098436e-02
3.292256246928162433e+00
-3.362425717773418032e+00
5.159414775843769618e+00
2.638755641074193470e+00
5.168299379217494049e+00
6.484505910717212274e+00
8.136636844287120640e-01
1.082936606862812789e+00
8.066119069469069869e-01
-8.271186241566692576e-01
4.851711379251747225e+00
-7.300891872025700557e+00
-1.113139754403809301e+00
4.657194028741264979e+00
3.806058802808868879e+00
8.207899374285250182e-01
-1.917321426498494130e+00
-6.925744067516179658e-01
-1.844708852755226225e+00
3.638962024291318542e+00
2.835525663459632639e+00
2.302453166549130348e+00
1.313238831382893768e+00
1.440627895065632380e+00
5.118581153236995140e-01
2.977551210578449403e+00
3.676981129201392307e+00
-9.130686681491374801e-02
1.727506578163109818e+00
-6.870731833099459340e-01
2.572759563925664406e+00
-2.213392377388952781e+00
2.673831815281694446e+00
1.734778279007574531e+00
-5.401772986949438859e+00
1.166346046797197777e+00
-2.770306646785044791e+00
1.422743235044098942e+00
4.604950669208675684e+00
-8.903907272044275789e-01
1.862348110023501091e+00
-3.389331319568767320e+00
-3.068209060564717205e+00
-5.475137967698062269e+00
3.791041271789059031e-01
-3.067669788000804143e+00
2.288438695915181453e-01
2.927907825060221292e+00
4.130306545073987756e+00
-3.729558686567564063e+00
-2.389164351271818809e+00
1.844887455278039656e+00
7.589257668997400508e+00
4.129345015766997307e+00
1.501025852683253614e+00
6.042334324165196113e-01
6.449754554327556733e+00
3.473272035708563799e+00
1.577046013609408437e+00
3.196593717382879563e-01
-2.727408938749757983e+00
-4.380518418173138806e-01
-1.917428569606046906e+00
7.687426678546590786e+00
-1.192408323312442953e+00
1.316284296284511157e+00
-2.591974583921770492e+00
6.081686341695460740e+00
6.498070388449231349e-02
3.891380529449087744e-01
2.270647522155833986e+00
-2.569046784975871578e+00
-3.710979347718909693e+00
4.696127543356369838e-01
4.338648978697124292e+00
3.878526923882498756e-01
-3.394568772028756065e+00
-1.383072072087687676e-02
3.351705244206576673e+00
6.409780610062062678e+00
4.585598113947471965e+00
1.798835210213147517e+00
-4.560443862379518487e-01
-1.447525619255316531e-01
3.096318223702083205e+00
-1.439103723958177650e+00
-3.805135508508187492e+00
-3.320557275355451310e-02
-3.295566613001106315e+00
-1.099536461127886611e+00
3.974678008464665346e+00
3.153840228674365420e+00
-1.985950692508625659e-02
-1.204789069105593358e+00
2.216668906462464061e+00
5.173193052056801022e+00
5.477178188351039978e+00
-6.674202106979074678e-01
-5.804096447222479860e-01
6.576376076913125424e+00
7.930787071504209473e-01
-7.082551322090490764e+00
-1.664790873646812219e+00
3.946913188794472838e+00
-4.684831631991394074e-01
1.842000415062917673e+00
-5.843839731898917700e-01
-8.616202106236190428e-01
-5.304003061069949787e+00
-2.554959474791631102e+00
-2.249420587267474403e+00
4.276171653225286029e+00
7.069968685765113392e-01
1.889713369550914290e+00
-1.990753830441092997e+00
5.103616461154138584e+00
4.138767558578532402e+00
-1.951249262159853393e+00
6.258514628429817428e+00
2.076954219595983808e+00
1.032805148780971827e+01
-2.016911291582389243e+00
-2.950559006586310762e-01
1.587862783907770359e+00
-4.762858235633963266e-01
1.922520906685448283e+00
-1.938517468614892714e+00
-3.542661150579669016e+00
-6.724230322926966430e+00
9.842388782021348481e-01
5.097463531626973854e+00
3.969595482051432533e+00
-3.995440729223959320e+00
6.435314041770896054e+00
9.835163364751287052e-01
-1.480193127166664624e-01
-2.704053382726788968e+00
1.586672805176215562e+00
-1.766607370033205227e+00
4.297450993099440453e+00
-4.829085589410420098e+00
-2.751907342955437930e+00
