2.363539224877273526e+00
5.777979611361875101e+00
-6.086637130609797275e+00
3.507943300406279441e+00
-6.488398467340585896e+00
-1.693307642901671795e+00
1.700697166705458008e+00
3.065103855939875777e-01
-2.162030659345277606e+00
8.479524092478365471e-01
4.494386803140213438e+00
-5.516483753483738539e+00
-2.451202950559411953e+00
-4.084496584112862649e+00
-2.372761237360838216e+00
1.778620841731701985e+00
3.789574222483815369e+00
9.068028638162317634e-01
2.506089726973901755e+00
-4.717493604747541092e+00
4.483264929085579276e+00
3.669138894639077275e+00
2.936828481982011851e+00
-3.875254156864051502e+00
-2.335389302228226160e+00
1.912813051894594274e+00
-1.747462875333077426e+00
-2.444088507325021808e+00
1.168772936563579279e+00
3.125361057426093048e+00
-2.641654713860441372e+00
1.640210095860964223e+00
3.630693737473157601e+00
-1.503889232553501598e+00
5.206841814162392890e-01
4.724898859163925380e+00
-3.982420176235530018e+00
-4.018525746427545009e+00
8.962428320941906446e-02
-2.068892781158132799e+00
1.081814359798996650e+00
-6.477318400736866710e-01
3.458490422313631463e+00
-5.492798393022378711e+00
4.237006685113629878e+00
6.833673939365040972e+00
8.676000824358133523e-02
-1.723756588480541030e+00
-2.047759922364049245e+00
-1.971159057190789765e+00
-1.499029220558741882e+00
-3.980374329140346390e+00
9.380794086126494902e-01
1.981182859025321985e+00
4.870774943940185508e+00
-4.038048448547161939e+00
-3.605819716651385010e-01
-3.076677927380796707e+00
-3.900932794550327820e+00
3.764364136185741838e+00
1.560097554394169306e+00
-2.292255756300654923e+00
-1.960153013744461159e+00
-4.849601428265123637e+00
-8.933470561617377070e-01
-7.078936678756602152e-01
1.202100990394919577e+00
-1.238709274761728096e+00
7.750668821651626184e-01
-6.603253757652470801e-01
5.783701273797809961e+00
3.168855381641124236e+00
1.829322431482547140e+00
-9.725222545146773312e-01
3.128095170327827468e+00
4.470924456383562617e-01
4.704254346530595932e+00
3.865919301256478757e+00
5.602032691479776894e-01
-3.953349265117477085e+00
-1.425767407806004528e+00
1.548899470733735795e+00
-1.739499911217813111e+00
-4.902019876058340664e+00
-4.446149909284711654e+00
3.817525080382290437e+00
-2.161196514233149735e+00
7.779925896753500325e+00
1.640559852743660008e+00
-1.067545655964465601e+00
-1.012307917766434029e+00
5.339789453016088316e-01
-2.544423023334267064e+00
-5.389814772145502531e-01
7.045465871688353365e-01
-2.529833144413840884e+00
-2.831509650134097722e+00
-1.989266561009941814e+00
-2.462646296471805218e+00
1.552303722391460639e+00
-4.534557200681818223e+00
3.314763520426689536e-01
1.291937264289883869e+00
1.871357121893147291e+00
1.964651754667054995e+00
-3.774472639404132135e+00
-6.852367426509683668e+00
-7.692799475602852821e-01
-6.795824983667072772e+00
5.267998137235453626e+00
-5.746589400106288714e+00
-2.074610854073118738e+00
4.366232875537190417e+00
5.347735349865996302e-01
-6.951656666399557150e-01
-3.327598825546361994e+00
1.677888337676031849e+00
4.684923702801342849e+00
1.344893486018565287e+00
7.807021520924645186e-02
-6.654979765147739812e+00
-2.438339995070968769e+00
-1.321433444535708546e+00
2.034729321549309411e+00
-2.765996783031349437e+00
4.750942142172190685e+00
1.062898088835515065e+00
5.194141765030479974e+00
6.811671955320792726e+00
-1.889648186759930182e-01
-1.140640468930399498e-01
5.291080504640296445e-01
-3.584119460870108242e-01
5.344496342105252928e+00
-6.699138083833715562e+00
-1.818620466943750014e+00
4.026218819875214905e+00
1.857589737386910134e+00
4.057600547300139748e-01
-2.313537466440787060e+00
-1.211888870386384376e+00
-1.440680834671298038e+00
3.365128478712188453e+00
2.449003439451044706e+00
7.546711736624546196e-01
2.222301916058095461e+00
2.158628254175531946e-01
-7.995603498334169501e-03
2.530063052847246752e-01
4.468603536332542703e+00
-7.945899613152469509e-01
1.071199595326246312e+00
-1.016395581499260903e-01
4.352729085546467758e+00
-8.893178846283953387e-01
4.554143979353199256e+00
3.274345670747042192e+00
-4.107845365188509845e+00
7.074922891565680327e-01
-3.414286479808272379e+00
1.092102241266796447e+00
4.945462754876894351e+00
-1.337377705874488232e+00
1.477689666352289155e+00
-4.071250223117100830e+00
-3.031093639420517238e+00
-5.109281023103286579e+00
-1.382725768249903342e-01
-2.835683449543876744e+00
9.512606800150857911e-02
2.274210036031425908e+00
2.721562282368587660e+00
-2.101928710786332033e+00
-2.561430919386884053e+00
6.301921774617781358e-01
8.086880390919773731e+00
2.369590499217202773e+00
2.541549978347358962e+00
9.700719495154426220e-01
5.579496398629983922e+00
4.685862631435251835e+00
1.950051279139302096e+00
-2.311721051500041479e+00
-3.568819543235526748e+00
-9.272939898673949743e-01
-1.828653467117913545e+00
8.625335288973385417e+00
-8.670900018655414154e-01
1.802277944202036686e+00
-2.273321411709317452e+00
5.093211210519976717e+00
6.100273463082881431e-01
1.742990046567568507e+00
1.924599967565362446e+00
-3.407971011642877190e+00
-3.460933920141865183e+00
8.057854620449853567e-01
3.908435046499501464e+00
6.639121680457511498e-01
-3.818696356777313561e+00
-1.784797117673273537e+00
1.094993389898487601e+00
5.169187263572549540e+00
3.914064138817045624e+00
3.381467037464739089e+00
-5.959276222289551228e-01
9.350039537133255640e-01
2.075345374119865749e+00
-1.914071337570387055e+00
-3.129121601824015109e+00
-1.376938412753607288e+00
-3.143524747472147940e+00
-1.417032905502993101e+00
3.564694343563029832e+00
2.570445374119930015e+00
-4.237814672801174520e-01
-1.468758643045327439e+00
2.292105206725482347e+00
5.076226693187954275e+00
3.628646839147130265e+00
5.678837203673455791e-01
-2.677874170204167514e-01
5.054788245512148670e+00
1.114145876736699403e+00
-6.069412114125600333e+00
-2.963002305207514286e+00
1.102835790587393561e+00
1.061529268822661437e-01
2.231349277624333105e+00
-2.748789086089793443e-01
1.976823994385923156e+00
-4.257154875800515548e+00
-3.552885146317060538e+00
-2.719964959870336152e+00
4.881730444667280899e+00
3.819980546334311722e-01
1.758242520820115340e+00
-5.227445016408728273e-01
4.632013091348999190e+00
3.197791595249425356e+00
-1.962138680411463332e+00
5.115498208749365006e+00
7.562793366787634586e-01
9.047578548306427493e+00
-1.656182531704141869e+00
-1.169018577289047123e+00
2.350409003396094931e+00
-1.928114003247938690e+00
1.801950105233623090e+00
-1.701013461094001755e+00
-3.184058315223468938e+00
-6.807285991407226788e+00
3.000885190315286111e-01
6.910988491362427766e+00
4.942559499465599693e+00
-4.867554478904682291e+00
6.253028117252435791e+00
8.109762787731242817e-01
2.489211916567090621e-01
-3.197173469328780548e+00
1.489264017921025474e+00
-1.524764354550848910e+00
4.309304028006318177e+00
-3.926461314688585169e+00
-1.842227269655874133e+00
