1.024235207682890669e+00
-4.144425505445936686e+00
3.648217908346525817e+00
3.311477812676326238e+00
1.597809918646910354e+00
-3.442594985095509319e+00
-2.770920477789156067e+00
2.057444840468364955e+00
-1.154813388885214120e+00
8.847943724540092703e-01
6.339005542703612939e-03
1.563696004352115310e+00
4.731041624702261750e+00
1.994791090686141022e+00
-6.332431550669331166e+00
-6.061164708143635949e+00
-1.550686569032379891e+00
-3.984777323100224589e+00
5.170246463746723364e+00
3.099714703025141516e-01
9.672590202502509005e-01
2.817739682946162283e+00
-3.834830356535043450e+00
-1.093360074484165523e+01
-5.656475926152597644e-01
-6.089224628877222045e+00
4.305715051816823014e+00
-2.883858775675237851e+00
-3.328815699546524787e+00
1.607561008087255772e+00
-4.186601038422565146e+00
-1.544754699649104168e+00
1.065189339833334803e-01
-4.142655719255967206e+00
1.245358087806626601e+00
3.400936683515500825e+00
-1.320809520794300473e-01
6.826169904337724859e+00
-2.510341448060466440e+00
6.306616692897257792e+00
9.029498109578921738e-01
-9.507376909505920182e+00
2.078697277618998474e+00
2.815767066632778093e+00
4.410955313779525433e+00
2.315278016080124512e+00
-9.637213742695813767e-01
3.260159089079844197e+00
-8.700375608151109663e-01
4.536186223732133760e-01
-4.722966793295131360e+00
-8.238547888746703407e-01
3.526681107337280352e+00
-1.406892000328474390e+00
-4.272574961910738933e-01
-3.299686294496627426e+00
5.393013036125759996e+00
-6.114670567380633415e-01
-3.497979448045779316e-02
-2.659086565112904310e+00
-2.825797280755007801e+00
9.952381626803459724e+00
8.404923611964907337e+00
8.140296937126969112e+00
-2.433258031999498971e-01
9.503153946622583392e-02
5.291464137751278329e+00
-5.112293611193598153e+00
8.412202670324919751e+00
1.090147916247085513e+00
3.592796970189914951e+00
2.618827154735589691e+00
-1.275090897093010600e+00
3.931144752609327497e+00
-6.807011272850781225e+00
2.093651301871834569e+00
-3.675271120994354046e+00
1.872178650281508983e+00
-3.451746757956810630e+00
1.589172637276082822e-01
7.622079194906596911e+00
1.845877634210382201e+00
-9.709202723716229277e-01
9.028352675425423968e+00
-2.361523670259863206e+00
5.423001422258066917e-01
4.689476427238031264e-01
-4.099010611641260127e+00
8.853888467740071988e+00
6.385442688921146193e+00
-1.378178968102932167e-01
-3.499732301917968941e-02
-2.300483132491117022e+00
2.470833685783002664e+00
4.407520808573925919e-01
5.010773069927803469e+00
-6.317603212431142090e+00
-8.518194445114184887e+00
-2.550355402382575853e-01
-3.640023691942582129e+00
1.202078564835637797e+00
6.876112297841806331e+00
2.568059741975554200e+00
-4.884931128825300561e+00
-1.163259259653641964e+00
-3.807649606212211157e-01
6.636693420872727067e+00
1.653703371918003207e+00
8.363651166026299100e-01
-3.104382078678543877e+00
8.963227063720564658e+00
1.544687830992692135e+00
-2.575245790239065080e+00
7.794328991089215508e-01
-8.007826564972326366e+00
-8.342288675072067505e+00
8.960037338725252987e-01
3.526695560490530901e-01
5.073841119097957097e+00
7.514814016335731317e-01
-1.100978274681450042e+00
-4.270853349113302500e+00
2.730707977033600464e+00
-1.513765426407787995e+00
3.979328621814146150e+00
-1.076950921569453934e+00
3.111140688271443633e+00
-4.161581122678605027e+00
-2.184986211440522741e-01
-1.361755902505587534e-01
1.227700065015193243e+00
1.759292173600841558e-01
2.336398776109002373e+00
-1.981843328988317054e+00
-1.146148854311594301e+00
-3.569205485345669171e+00
-2.522674219111967986e+00
8.911210276472993908e-01
2.026646744495171903e-01
4.808528319181776034e+00
-1.058612249077586398e+01
3.610917201952833278e+00
5.063794574461788489e-01
-1.744906960665579598e+00
-7.475169776939476485e-01
-6.546553763836602258e-01
-1.571480692623543618e+01
3.478714461924495627e+00
3.000640167886344134e+00
-4.842798329443994909e+00
2.112830290253166154e+00
-2.846339914764705048e-01
6.233550749166810512e+00
-4.482698629581377547e-01
7.835562320901148237e-01
3.536109815224351305e+00
-6.847733880956078600e+00
-9.111120014291195224e-01
-1.227467015364096248e-01
2.081728073384244926e+00
-7.332374494485202066e-01
2.310403834118416100e+00
-3.458560002700478142e-01
7.031164192574324012e-03
-4.152964504025266734e+00
-4.637477810977773673e-01
-6.108318833637011558e+00
4.957720547021780000e+00
2.744444814271074229e-02
-9.242283519874677777e-01
-6.390027646132068195e-01
-1.042870446709943089e+01
-3.506322083945002888e+00
-3.613460969504085796e+00
2.327298091950371184e+00
-2.321601625297377680e+00
-4.704531888541059637e+00
-4.810620436496376939e+00
-5.277866500472118361e+00
-4.324487927713255075e+00
-5.031212021322589933e+00
-2.911344632135929866e-01
-1.564410689943061428e+00
-1.120236665248287022e-01
6.737769797807918737e-01
5.272931431870056862e+00
8.545121333274610653e-02
1.523196292617627012e+00
-3.076118326255838920e+00
-3.577052891964365600e+00
-3.911398656391439577e+00
6.818690862729742008e+00
-1.520680704391994542e-01
-7.655814781414806092e+00
-1.144799952128224829e-01
-2.091041259607867353e+00
3.987416018072423185e+00
-6.364127063573751464e+00
1.345200992179938382e+00
2.176881283707102099e+00
7.876606564744099703e-01
2.404589100215886788e+00
1.116536969854635686e+00
5.885602640448950318e+00
3.636511012254830533e+00
1.901745205265178207e+00
-2.066619834577556603e+00
6.158924604040839412e+00
4.134131559618749563e+00
1.199507929244636983e+01
-4.861600835767937667e+00
-1.826927794678086525e-01
7.401021984775313367e-01
-1.140568355121789779e+00
-5.310309765593255626e+00
-3.940277009644818307e+00
1.302997366369139653e+00
-4.312665425406463804e+00
-2.703785463645231424e+00
-2.466045487848260720e+00
-6.097443786889602535e+00
7.686715711612388091e+00
6.203463536525796407e+00
3.166456441523000098e+00
-1.685913941054026255e+00
2.810143794812221429e+00
3.977570640518470757e+00
3.871321664468604595e+00
1.691360850459756593e+00
4.515000869229119473e+00
4.469059801014493516e+00
2.338770758375294800e+00
2.187065974234055243e+00
-6.622837058105633723e+00
-7.829353319161344693e+00
-7.715704706098407417e-01
-3.869305038268702646e+00
2.469440580910598371e+00
-3.440073864789550573e+00
-3.006341725322020153e+00
7.037670141218141495e+00
-2.587896833876280223e+00
1.063043819036727289e+00
2.386293525492916068e+00
-1.155636152021113583e+00
2.773971776801242850e+00
-5.853532437477838357e+00
2.843947521744873419e-01
5.463424952556458436e+00
-1.272927683303299196e+00
6.086400711309380540e+00
6.482621243672314293e+00
6.933688553522705078e+00
-7.633018833668999470e+00
8.955169408115284391e-01
3.732763822483152527e+00
6.143339861061688500e-01
-2.648755903211458262e-01
1.635881210209648273e+00
6.742104641033116463e-01
4.091377409252250352e-01
-7.506405113007584839e-01
-5.881867173133978000e+00
4.961827426899896309e+00
8.287050239005601782e+00
