1.750537969273985528e+00
4.921074703888651314e+00
-6.834549463710704487e+00
4.072860975676653617e+00
-5.650386818421512025e+00
-2.380443397216568613e+00
2.179889444326324810e+00
1.142804630977544700e-01
-8.696379089622559011e-01
-3.131712693173919759e-01
2.687457796539091781e+00
-4.770277114429205767e+00
-1.391662068153326715e+00
-3.858456826290932007e+00
-1.339801099775115523e+00
2.274945515705278920e-01
4.493431510599088519e+00
1.851855628004482002e+00
2.311778849649794410e+00
-6.500288547947572049e+00
4.222459868571885266e+00
3.638058134195631510e+00
2.515240243298148215e+00
-5.492879142409406334e+00
-2.353490464825613859e+00
2.330175684269296887e+00
-2.612066718291063960e+00
-3.009441020495471797e+00
1.584444746435524909e-01
3.070742724976441629e+00
-1.803244510849995486e+00
2.782788091381967810e+00
3.872380482548494207e+00
-1.150279805939271371e+00
4.854898804843211790e-01
3.800614963860576623e+00
-3.203904445056279915e+00
-5.644551987367453449e+00
1.012803013277314701e+00
-2.935945751308142171e+00
1.523007410716707533e+00
5.609514386135272535e-02
1.645149080358744742e+00
-6.221115714986940048e+00
3.342754685326557951e+00
6.904283098613655412e+00
2.314892766816127878e-01
-1.048849715721316134e+00
-1.803401907003846283e+00
-2.110246770684686801e+00
-1.346429437509613303e+00
-2.241777366218436374e+00
-8.086220648744038009e-01
2.877392398127495809e+00
4.690787298880036538e+00
-4.651276788721164124e+00
-4.385533590239786284e-01
-2.033055666145363372e+00
-3.428807334336177348e+00
4.464830998827996389e+00
8.556341165018847006e-01
-2.501982017442774708e+00
-1.857263752775764498e+00
-5.754229600565497371e+00
-1.287612737613643477e+00
-3.251694317414860258e+00
1.436083293528687799e+00
-3.557649755315394069e-01
2.862041137264110247e-01
-1.078246366300383396e+00
5.556212046986664710e+00
2.555612757158559845e+00
1.574930303984020341e+00
1.062759806782124783e-01
2.202672730528755007e+00
-1.444830406637327425e-01
4.650337802235696927e+00
2.444315381342663684e+00
1.474815229851178966e+00
-3.746524785283201986e+00
-7.336447232757976611e-01
9.296740098685871700e-01
-1.732050429309131223e+00
-3.814069024933151475e+00
-5.115907956993164696e+00
3.904434716475337908e+00
-2.378694200501212386e+00
8.779223499025132327e+00
-4.315154278281930766e-01
-9.366381599558061266e-01
-2.798886949389177037e+00
7.901761764291809209e-02
-2.549084296871837019e+00
-1.363746832556334221e+00
3.212341538160462528e-02
-2.261010662316996545e+00
-3.396979366510560983e+00
-1.875373449794703884e+00
-2.909672757713477331e+00
1.096859315725509987e+00
-5.218649494240269249e+00
7.213291371909260619e-01
2.036251859927837415e+00
1.099136983722361238e+00
2.207936133655607591e+00
-3.421170818451000795e+00
-6.176078127308477939e+00
7.023060397364093710e-01
-5.713809081505269560e+00
5.158740896970368972e+00
-4.700836489069511792e+00
-3.331312311037540663e+00
6.252501621567854606e+00
-2.467421635299400506e-01
-2.494448881467043577e+00
-1.795835642622390038e+00
2.545042058826940679e+00
4.759848083655743523e+00
6.129226746123347391e-01
-8.114815140075508637e-01
-6.992813837165858359e+00
-3.821533054164743426e+00
-1.636579383766016305e+00
2.765655199326062075e+00
-3.334404505113161221e+00
4.601113981868604874e+00
1.907945139414734204e+00
5.821386948734470934e+00
5.762011879527970670e+00
5.451485602733880942e-01
9.006226244008159743e-01
1.137470479012828939e+00
7.064001337608187825e-01
3.830621220862953535e+00
-7.768251895053148282e+00
-7.343902576674212757e-01
3.240515734573798046e+00
3.699641286132147489e+00
-1.013094371607724531e-01
-1.521918568745658007e+00
-6.823458586066764031e-01
-2.243091158281161235e+00
2.784711979269623772e+00
3.095803301332087809e+00
2.454871504925878245e+00
1.788232924360391385e+00
2.391901536757947144e-01
5.626406112076005606e-01
3.220982782178295700e+00
3.696050286057072309e+00
-3.717673148531273064e-01
1.298319256736978788e+00
-9.429372172228036586e-01
3.621287307446313442e+00
-2.253575199478595081e+00
1.326315339792037973e+00
3.612024250185425167e+00
-3.861661079389694162e+00
4.649609390483522287e-01
-3.229212170841592844e+00
1.579486711936017418e+00
3.658693115982842414e+00
-6.286434961568855284e-01
1.229812184315912882e+00
-3.981079626292271634e+00
-3.506528973499479562e+00
-5.688377956942540337e+00
4.222226939094465004e-01
-1.339281907018859741e+00
5.923668682787791573e-01
2.422330861584574002e+00
4.516827885247511887e+00
-3.525651741078084100e+00
-1.837581590959792344e+00
1.390666565028387591e+00
6.855181531329531452e+00
3.311712767536903357e+00
2.023085047193735608e+00
3.276682970725920407e-01
6.004055566334413285e+00
4.141233009376767527e+00
2.507792077691223476e+00
2.918929500386667208e-01
-3.143755832409553364e+00
-6.998639930449653823e-01
-3.524229457787119379e+00
6.759410397794358261e+00
-1.629174424053021264e+00
9.368220149734449720e-01
-2.620675900579090722e+00
6.490437015534278764e+00
7.305355148105279195e-01
8.970371634742775324e-01
1.717954440372070568e+00
-2.206891105275102127e+00
-3.642855984527320956e+00
1.116392368933911472e+00
5.126121271699194182e+00
2.167949314783878256e-01
-2.450883107120017890e+00
-7.273772514587351079e-01
2.519834404851108101e+00
5.800816027943937137e+00
4.367874449351041299e+00
2.737687818745883739e+00
4.228590100552928055e-01
-3.782198300632181320e-01
3.769939639640353057e+00
-1.889427558844246180e+00
-3.694842068643711563e+00
-8.404690023315906089e-01
-3.050599220439593751e+00
-1.550201013106877301e+00
4.025764525273014094e+00
3.031819339565263505e+00
2.368755159194921855e-01
-2.095210378166759924e+00
3.815375950477553513e+00
4.620244783121314036e+00
5.573644628494465181e+00
-6.562008044651740368e-01
-9.950722041444521881e-01
6.060498910138941042e+00
1.705364079975722591e+00
-6.275367679905690110e+00
-7.311339804008243348e-01
2.974497751860289085e+00
-9.752997350946746025e-01
9.019711070585236801e-01
-1.469661513738924619e+00
5.072647279426463207e-01
-3.827196812487683619e+00
-1.774182499371459665e+00
-3.655194506651620046e+00
4.535996673938862855e+00
1.173395404524418595e+00
3.123344498924940371e+00
-1.825159192458457813e+00
4.882718717332069858e+00
3.507475302539036388e+00
-2.537615394767354093e+00
7.130189048273701147e+00
8.596880832612430190e-01
9.495283737330208140e+00
-2.110691860529075647e+00
2.193515089845876065e-01
8.027974602688214834e-01
-9.906505358687893725e-01
1.703879314434399328e+00
-2.310825820029867028e+00
-3.024275977001734006e+00
-6.451918944163898217e+00
1.482193538532312171e+00
3.648795458005820613e+00
6.182935642349203675e+00
-4.462449431498079377e+00
7.260136554405499432e+00
4.843621210477258576e-01
-1.943838494923852966e-01
-3.479780348547117708e+00
3.230267526553792123e+00
-2.851187215442091638e+00
4.761590442131963918e+00
-4.502007675928928698e+00
-1.860349797763285906e+00
