2.136335258965530226e+00
-7.161517285469342298e+00
3.285157985746439913e+00
-3.457535007475927458e+00
1.534757003336127967e+00
-6.308686492476589969e+00
3.799053303790092428e+00
4.855475385282496781e+00
4.434344572041576171e+00
-5.395884842456588615e-02
-7.474918591317922800e-01
-8.542060896652124313e+00
3.281890519678990259e+00
-2.163147635468332552e+00
-3.315688901828681256e+00
-5.920585631497877754e-01
6.827086782408068322e-01
1.012496613622889541e+01
-1.663063653425939314e+00
-1.205272176876214685e+00
-2.276001861046017538e-02
8.715156163238367171e+00
4.135625041872822427e-01
-6.409154894598283470e+00
-1.057994387276372805e+01
-1.095391811868629972e+01
-8.015977173185440119e-01
-6.317353968955591981e+00
-3.247218353934062218e+00
4.129636095338444779e-01
5.341391576491254511e+00
-6.017928809838154258e+00
-1.932440239424969008e-01
-1.486767580396819222e+00
-3.062345574061362541e+00
1.667017677053035385e+00
2.400587370533088016e+00
9.567951510684414629e+00
-4.356419557520679220e+00
-1.018618026810894861e+01
-2.132992718476463434e+00
-1.598808710510591924e+00
-3.440865614760908908e+00
1.548700628386432965e-01
1.095812018567231316e+00
2.512902239093192325e+00
-4.955151541437228246e+00
4.943415600430665968e+00
-4.595478330174916692e+00
9.519623502825725891e-01
4.850628742721452280e-01
8.438961037141176624e-02
8.822200733750920065e+00
3.820757961808234349e+00
1.183460832587792844e+01
4.589111690096600027e-01
-1.178632022718720584e+00
-6.977628910571683996e+00
1.747404568669411962e+00
3.570007374542863765e+00
-1.327897220974443293e-01
-4.067431420728381042e+00
4.041855268107315879e+00
-4.597591293854031314e+00
1.181662303919203350e+00
-3.193933220002938889e+00
8.930560271822455265e-01
8.118152583663690081e+00
-3.217890125530060708e+00
2.830620487209755787e+00
1.590867193427947801e-01
3.636326284973395051e+00
-5.668616747844599679e+00
-2.188159108517489404e+00
8.032735249501982366e+00
1.146921833348415687e+00
-4.973116687443777550e+00
3.394612082014853094e+00
2.185452626879055504e+00
-6.819916010146001017e-01
3.393845346838678445e+00
6.400819659230217340e+00
4.417009704551087546e-01
-7.824813465769174525e-02
1.094631441162196461e+00
4.439097574224529552e+00
-1.874594032606190730e+00
-8.370744213990967353e+00
3.980699453755389694e+00
3.252064464362209861e+00
-3.552595758728125386e+00
2.163252136541298221e+00
-3.800235335067656095e+00
-2.905271566727959165e+00
-1.069375385499431275e+01
-2.033422953798370347e+00
1.801328483701640337e+00
-4.242207837944340199e+00
1.866538650794634879e+00
7.943075791890833237e+00
-1.006325561108307021e+01
-8.616704578372720746e+00
4.643146747392228879e-01
-4.127432654319095562e+00
-4.439001655629907228e-01
2.283327427817016808e-02
1.102870140292985690e+00
9.399159490810252038e+00
4.714765371400655880e+00
-1.753261437562927405e+00
2.851891779853222175e+00
-1.424126390003589426e+00
-2.844271687648671776e+00
-4.726056735735389758e+00
3.506459382669987690e+00
-1.249960016807175833e+00
-3.400564813279606469e+00
1.571739431479786564e+00
-7.739875484382032766e-01
-1.114424360967364436e+01
2.592064508760019148e-01
3.072757378859640287e+00
2.937750477359817758e+00
5.378262682483165857e-01
-6.645885806759372905e+00
1.785487239322757880e+00
-4.728303792478056877e+00
6.502645916552156180e+00
1.793272719447611130e-02
-7.666321146552590449e+00
-8.930274832257638629e-01
1.219659924760870817e+00
8.859614351858942527e+00
4.886087799020789824e+00
-8.239958891624146631e+00
1.652189399883630117e+00
1.305646827948170330e-01
-7.374245870501623834e+00
-5.323368512459034640e+00
-7.212041852748205528e-01
4.049241968404095893e+00
2.789866915785904844e+00
8.294706476899400549e-01
2.574603067625985453e+00
5.632492869187653461e+00
2.142257741594971510e+00
5.703991432561872799e+00
-2.021233975300760655e+00
5.428107282685885604e-01
1.497062562502820882e+00
2.515686661554813686e+00
-1.432943870206114356e+00
2.568661759914531384e+00
1.323039477260060881e+00
-1.193271256992380014e+00
-1.031814166214160089e+01
-4.841688308555172959e+00
6.665146431073336153e+00
4.639617931095462389e+00
-1.305201829127824675e+00
9.457222257107714469e+00
1.114144292505150169e+01
-2.224464015373456505e+00
3.375625149803151093e+00
3.480085801877605967e+00
-5.349914280106601971e+00
-2.520885524780583697e+00
-8.554172288129288759e+00
1.020774640374865871e+00
-1.340091860646276389e+00
5.840404962300201674e+00
7.776811590687395803e-01
1.390831968995176471e+00
3.514082024702843920e+00
-4.143252496511234284e+00
2.519940884108107682e+00
-1.880041339233846420e+00
4.567720974704431391e+00
9.226322125472524505e+00
8.359700657053007689e+00
7.016074137875471628e+00
4.407309124646058507e+00
-5.671216854650502626e-01
-4.843908074496363625e+00
5.980644953974642020e-01
1.521398626230569429e+00
3.025281130827668363e+00
3.309302112940071261e-02
1.204754267044820537e+01
-6.025587599642372449e-01
7.390272293076149523e+00
-6.567544285130776593e+00
-2.162643608549958518e+00
3.242813090532188802e+00
2.505897998325545828e+00
1.787699613474609928e+00
-2.131998217968492870e+00
4.251326225262419989e+00
3.628773755876808949e+00
6.467373906073436984e+00
-4.421658822532606448e-01
-1.311665531296623044e+01
5.313187418869533829e+00
-8.747906147623339734e+00
-2.448800261463744299e+00
-7.098718722785241297e+00
1.023208530365677937e+00
1.319069483471862370e+00
-1.422125281782849360e+00
5.440095718355282273e+00
-8.117008115325665685e+00
6.726179837531446104e+00
8.294967686968648835e+00
-2.953805845008488085e+00
-7.068551899204503997e+00
7.532353972189568481e+00
9.191022328760769966e+00
3.501167675084929876e+00
9.739539410904541894e-01
-2.431121743990458217e+00
-2.715249717369855875e-01
-1.573773074115400128e+01
-7.390856250718480958e+00
-4.371316991909082739e-01
-1.155227069965227005e-01
3.038963856997931590e+00
-5.418013899508104636e+00
2.993240694801929447e+00
2.534835912508133671e+00
3.395491059036735981e-01
1.005303956880227112e+01
8.121392666476650035e-01
8.215142776518959522e+00
-1.707880640692458041e+00
5.547732820995443515e-01
7.242991400099745292e+00
-2.415519680868149166e+00
-2.444663834877840003e+00
-1.149391683971093236e+01
1.380981363867737954e+00
-5.327673070785794884e+00
4.199522976380629657e+00
8.367158753776382518e-01
2.108687858608197185e+00
1.735937441369402645e+00
9.571949054437915549e+00
1.487822986672916681e+00
-6.095563359364461142e+00
7.840869239522356260e+00
-3.199774016041627700e+00
-8.220781527716884085e+00
-1.921761651880703914e+00
7.155739589915399712e+00
1.433956882913881348e+00
4.579098023417744301e+00
2.762655184582889056e+00
3.042626344343895894e+00
1.951002934593897287e-01
7.988224933241871994e-02
4.888124823977404998e-01
-7.695195075282470487e-01
7.334554953685527012e-01
-6.543579166107875267e+00
2.297634645692869348e+00
-6.469658840376947273e-01
