8.075701374576610414e-01
-6.985340483505074083e+00
5.364520795407504927e+00
-2.401209102546155716e+00
8.657422247528087089e-01
-5.364461263366172794e+00
1.838496266040954286e+00
2.545425783112654994e+00
4.670545272131241710e+00
-1.897893897292570298e+00
-2.720077326615956803e+00
-1.179414360544710760e+01
3.475607424315706240e+00
-2.807355518455364685e+00
-5.852454898926173765e-01
-1.586611001190699977e+00
8.626467150852477062e-01
9.149023201891193224e+00
-1.627456977538725313e+00
5.424069028960520900e-01
4.375201232705194787e-01
7.409425124378243410e+00
1.428517993318456192e+00
-5.773355449596761169e+00
-8.271423973575199540e+00
-1.082584475539267288e+01
-7.324898520262246304e-01
-5.229512062628445257e+00
-1.140189570670538277e+00
1.865372306885717091e+00
3.859475852721391931e+00
-6.603060720731036781e+00
-6.372655616409932389e-01
-2.986072769781823233e+00
-1.973262781456482262e+00
1.860296942832592171e+00
4.616958462658983464e+00
7.615776255310141352e+00
-4.362566207854749578e+00
-1.107575648077416908e+01
-1.796219626239189848e+00
-1.876143620728701000e+00
-2.975926729473985066e+00
-1.120676757661708933e+00
-4.518925086803737834e-03
5.549342171455712291e-01
-3.967723807100067113e+00
1.743967740462640581e+00
-4.928897122998310287e+00
1.941723237448386818e+00
9.136435578486064024e-01
1.701788171710195474e+00
9.518104204597165108e+00
3.970482500929113368e+00
1.112535484421955800e+01
5.239821554199981524e-01
1.611632435862679014e+00
-8.442679938890087499e+00
1.639053610287529938e+00
1.920590345357421125e+00
-1.868115350516592832e+00
-5.378811431960429879e+00
4.262188642345088319e+00
-6.358907327523659170e+00
-1.471057944165394260e-01
-8.813781206278648028e-01
9.190843983059360234e-01
8.421745905856237613e+00
-2.805312483913129817e+00
4.734141029574065129e+00
1.050584797232727297e-01
3.461710854893679468e+00
-5.713461359527773453e+00
1.738015564430853144e-01
6.931751192620760449e+00
1.303451335460726890e+00
-3.549637960477137533e+00
3.999651300923979136e+00
1.602105436325784060e+00
-1.550097618994962900e+00
3.065203169038188236e+00
9.099543972502850409e+00
2.062870594323167772e+00
-2.045836526505873998e+00
8.999918015150603079e-01
5.342772482935720824e+00
-1.959441521921117868e+00
-9.968214785490907559e+00
4.046661175481038875e+00
2.846943059802014453e+00
-2.869530621734401876e+00
3.543351883320651208e+00
-4.516693389756571086e+00
-3.603848056888116158e+00
-9.447465209275353715e+00
6.191200071081812695e-01
-3.924619283728644215e-01
-2.265726708851119042e-01
2.581303079244753107e+00
5.929016772433789662e+00
-8.411748284375091700e+00
-5.758090579300708001e+00
8.593276158793733410e-01
-3.143584400884479546e+00
-7.423688028750607959e-02
2.307791401169394518e+00
1.595430584435158616e+00
6.989639132473860705e+00
2.479449526914703217e+00
-1.647356785653377509e+00
1.201987148069031175e+00
-2.496333003201031353e+00
-1.334374453306266917e+00
-5.955932985952440362e+00
4.145070728855490216e+00
-2.853532510309475523e+00
-3.363920333598366064e+00
1.188719917700930218e+00
-1.072966499849513089e-01
-1.077586150645395335e+01
-1.107021124402738588e+00
3.591042995802649074e+00
1.978712975609806746e+00
6.367689387295001335e-01
-5.101506260504804047e+00
2.145788595477493566e+00
-5.020885540628934329e+00
5.084698471246754004e+00
-9.676886976406364749e-01
-7.848808531222362994e+00
-8.568298779420878697e-01
2.285732293668799819e+00
1.130253713965244522e+01
3.953727775679623413e+00
-8.566911146052891723e+00
1.937011840096890758e+00
1.125177273416322787e+00
-6.650697496844022893e+00
-6.453224748765417296e+00
-5.664421093526812445e-01
1.570891564091996928e+00
2.300481832888743305e+00
1.562743409728596600e+00
2.224338090826623926e+00
4.090182624908750952e+00
4.117533789876302919e+00
5.256944133211526982e+00
-2.730913359200470403e+00
1.613336336280924765e+00
1.608550662499953932e+00
3.459398064662906336e+00
-3.647351538089593781e+00
1.541107226826376131e+00
-1.217091024955234246e+00
-3.396227871833704892e+00
-1.171048651052219292e+01
-5.441963791255201244e+00
7.054619258751190891e+00
6.262138379698234836e+00
-3.092118567435524490e+00
1.002221308297201574e+01
1.011556300480989989e+01
-2.901716366795780822e+00
3.077570853287966202e+00
4.201005238095598671e+00
-3.645573079854959708e+00
-6.956216731186781743e-01
-8.069443549396659421e+00
1.214458174266313639e+00
-5.080752375816310895e-01
5.943174299583120934e+00
8.505037069755596590e-01
1.731227778496337688e+00
3.170009164944960212e+00
-3.600541885226102856e+00
2.922824505996572064e+00
-3.157816693535230868e-01
6.148372721056987622e+00
6.888087044891326727e+00
1.064160638070673315e+01
5.345032295260284450e+00
2.763523018935389430e+00
-1.690214613225550888e+00
-2.300085502718071773e+00
-4.781308623179403305e-02
2.933258827857325723e-01
1.938901924932475485e+00
-4.146772052394980812e-01
1.128341152796780555e+01
-6.327097610697325347e-01
6.756860392330945153e+00
-3.994226129342492992e+00
-4.392979864869311912e-01
4.756694990834910541e+00
4.241659465525106754e+00
1.550960005193197766e+00
-2.304385739294912305e+00
4.488327752960543648e+00
5.238376094004240535e+00
4.315878985635835718e+00
4.684610687696100229e-01
-1.405830038261590786e+01
4.141047618275869091e+00
-6.841065135988489310e+00
-1.620382839912099193e+00
-4.416111605081933789e+00
1.254370091528828057e-01
4.235904621124156222e+00
-3.064100909684160268e+00
6.201266444959082413e+00
-7.740600608355062917e+00
7.676299152473180953e+00
7.585454716594085767e+00
-1.707148612729204817e+00
-6.491906666076752153e+00
7.018638376374477517e+00
7.481377776343862251e+00
3.024040272050649847e+00
7.746464049294849996e-01
-3.825976379805527294e+00
-3.917152520828453000e+00
-1.504365995360484121e+01
-4.148578488567662426e+00
-6.743822610837024722e-01
-2.465060067415226541e+00
1.023355672459880239e+00
-6.701706277937446998e+00
-6.612382810442801739e-02
2.294740586886189204e-01
-1.030249945311164206e+00
9.934530226061120572e+00
4.074537446328307944e-02
8.343739799454338524e+00
-2.369320414430068578e+00
2.259123276838564287e+00
8.898697092026861100e+00
-2.612820075202530568e+00
-1.531093307931298053e+00
-9.040135053420373268e+00
1.256156471248070838e+00
-4.732646138429023708e+00
8.996030420274042649e-01
2.752216537473948677e+00
1.667320990274619552e+00
1.948221464560452754e+00
7.290387964863406012e+00
1.040615857623314655e+00
-1.027742397327714485e+01
4.960657200467683658e+00
-1.018849974367158850e+00
-6.815258838049235379e+00
-1.445983122509857832e+00
5.546828136570312928e+00
4.675158299140796281e+00
3.488200621240439503e+00
1.102808095486007556e+00
3.112762061945793857e+00
-5.863959538847119957e-01
-7.958720581183229559e-01
-1.887149380739904014e+00
2.087883603236487584e+00
1.851519686098236139e+00
-3.484273604102090083e+00
2.968103165668072307e+00
-6.187704381561760503e-01
