-3.002904377953862447e+00
-4.884377320773237940e+00
1.198785416190081832e-01
3.737321095218979039e+00
-4.081997178400549764e+00
7.842188008570379232e+00
-1.552308517246775210e+00
2.289447184579771033e+00
6.442425124755397192e+00
-1.206534891233276952e+01
-2.461864665972305577e+00
-2.633509881009088005e+00
7.674848418758895008e-01
-8.021768572349420978e+00
-8.954166740417241144e+00
-9.921415871497607508e-02
2.339672537096206817e+00
-1.311315015086249369e+00
-5.693259084250633650e-01
1.333310425457073123e+00
-6.041741533493949490e-01
-5.700781427172826987e+00
-3.235290662992340582e+00
-1.823172559576037077e+00
3.272417667667275154e+00
-4.670497140685306192e+00
-5.782150671899417560e+00
-7.670060080124735613e+00
2.279587696975555744e+00
-3.466770832260899216e+00
2.971032603334154309e+00
-4.371828398064249832e+00
1.427118433232093642e+00
8.065366932436329739e-01
-2.478375382752194156e+00
2.063267228416275856e+00
-1.714217883488775795e+00
2.941024512706159832e+00
-1.433136304570890029e+00
-4.071558619842583493e-01
-5.743959985440588056e+00
-4.828736767554312692e+00
-3.467312335407840340e+00
1.737272095768708891e+00
-4.974789013175108465e+00
1.216781702716988933e+00
4.185888597028430969e-01
3.216854909174610366e+00
1.080303542879599288e+00
1.129140270192344531e+00
-1.793253707369174332e+00
-3.797453761893818114e-01
-1.265942669375835550e+00
4.438694782190844457e+00
-4.185069357201573581e+00
2.654817952931926239e+00
1.787884127635816167e+00
1.920173391962972875e+00
-7.520251648387534793e+00
-2.009589176536005439e+00
1.450881854784460412e+00
1.238114598953195866e+00
1.509014084108702303e+00
1.617263684839671978e+00
-3.974344232631504603e+00
3.822569544820045850e-01
1.956613198307910029e+00
-6.899212153686405946e-01
5.015182861351624055e+00
2.073078578715815468e+00
3.938459693928961780e+00
-4.235212617924211997e+00
2.944626538395089810e+00
-4.119207626271305323e+00
-3.263973552725103033e+00
-2.937750167059387518e+00
-4.240334300535463008e+00
-2.658087204880321686e-02
9.696956293416951755e-01
1.335302571668642635e+00
-2.327685873807988415e+00
9.043584478390814141e+00
2.447257185489126741e+00
-5.326056997131973780e+00
4.164784953477418838e+00
-7.490095966909938952e+00
-9.098341913996954577e-01
-6.282722091941033149e+00
2.333407327942481402e+00
-9.637668637503493674e-02
1.034822986899072150e+00
1.217632076747052761e+00
-2.704550890061072632e+00
1.013791181796287688e+00
-1.152192078924189289e+01
2.238521924611561520e+00
1.619566025488848648e+00
-4.441853754461794423e+00
2.741222948219673938e+00
-2.556461209517271627e+00
-9.452993006695329825e+00
-4.118996249931311526e-01
3.118374117324334449e+00
-1.523478614371010509e-01
-8.692776799637343121e-02
1.446503119502951407e+00
-1.963108328702531935e-01
5.669223292115859181e+00
1.178825894826654341e+01
4.074140752664777487e+00
-4.666718085807469052e+00
-9.597513405936942021e+00
-9.221031621760071850e-01
-2.736612780035594827e+00
-1.904865281443211211e+00
2.526113282990607445e+00
-1.279945786199347513e+00
3.120133811027432369e+00
-3.854862332059536545e+00
-2.740502306453602266e+00
1.769381760083926114e+00
1.467641912158013096e-02
1.852403654575919489e+00
-6.128330099504049500e+00
-1.221256662535588955e+00
3.144335097010324986e+00
-9.349310573515143830e-01
3.452321625382175796e+00
-3.029109178799068491e+00
-3.652544032692345510e+00
5.559731212683249879e-01
6.374020175363535934e+00
3.008642879107578771e+00
3.935563269696361388e+00
1.575588125220322766e+00
1.310871319942622071e+00
2.584798742656299719e+00
1.101694119382117920e+00
5.904523447698203142e+00
3.228018581383853558e+00
-4.152975802728282595e+00
-7.193187533531826272e-01
-1.941782446896589409e-02
2.248494529306661605e+00
2.225578314357568033e+00
-7.335772665333045062e+00
-2.784416475721827933e+00
-5.407716568506654831e+00
2.362666397471332447e-01
3.992713456727800647e+00
-5.328316697333710827e+00
-5.342763234280216267e+00
3.432230404180813377e+00
5.483439494971642958e+00
6.575307383790471860e-01
-6.379831869235475850e+00
-1.337013955488219885e+00
-7.881123091674642478e-02
1.746546099721518752e-02
6.020364092580199333e+00
-7.976691126851574998e-01
5.336162838423200938e+00
-2.932779019240034923e-01
-5.017925607418906031e-01
-2.693428274768465691e+00
4.305217163686287485e+00
-3.684041124487270835e+00
-1.125288231036103426e+00
-1.475843576668112167e+00
8.772446011263124177e-02
1.373791707712376797e-01
-9.005662787328159169e-01
-5.439945805902056009e+00
-1.242794164604552387e+00
4.321740782552823568e+00
6.629423936260565142e+00
-3.411915114135288807e+00
-4.747324474929527582e+00
-1.958077660859637303e+00
4.915910629033971802e+00
3.212037969117155889e+00
6.764674385585212946e+00
1.169561193415226352e+00
-2.715740090040381194e+00
-9.539678392020817910e+00
4.709272393500468112e+00
-6.570194869367695034e+00
6.445286508036465190e-01
4.809074827794214357e+00
1.310389049955159813e+00
-6.154852816643751723e+00
-3.468824771369137139e+00
-4.640000438866444199e+00
-6.132699469599919517e+00
1.587241333426254508e+00
-9.077152983911878081e+00
6.297675992938930323e-01
-2.974839633973606068e-01
-5.969174910976390969e+00
-3.759074753509806799e-01
1.574482729206882814e+00
1.950364703296729729e-01
-4.055820491069206390e+00
-1.628762360787431973e+00
2.621546895711337921e+00
-3.993847252607496401e+00
-3.225691252805443554e+00
3.784674209600313421e+00
-5.420287026606994685e-01
3.719792444644414608e+00
-5.101329199982271412e+00
3.030105882158683261e+00
-1.108879040658782289e-01
5.128744773944121427e+00
-2.101939786323037129e-02
8.952317871844581276e+00
-3.192753038208548944e-01
-1.979763227505780820e-01
-9.432219842324311543e+00
4.877972079409799377e+00
-4.269369670123409399e+00
-8.558462658396854827e-01
-9.971470335065919510e-01
4.571917113302494395e-01
1.931688949648174836e+00
-8.938231446266652114e+00
-2.562183098107932544e+00
4.450901213486532448e+00
2.079691035813449052e+00
-3.486641170773953302e+00
3.638518200239380551e+00
1.917380662925125767e+00
-1.631567875327430528e+00
4.947047521038679951e-01
3.015398020855013961e+00
2.649011466790211156e+00
-9.917576165311399183e-01
-2.674454462554571865e+00
6.147150737979650614e+00
1.617442374592303445e+00
6.609248223664292432e+00
-9.530417075790992953e+00
1.007854739933204513e+01
3.496311200219056392e+00
6.408276001252642295e+00
-2.030580414588693816e-01
1.130947727140982462e+00
1.497342011595258260e+00
-4.687986548854171431e+00
-7.196487657469478272e+00
1.936287777553286515e+00
-1.905652797890430517e+00
4.796670967577207456e+00
-4.842150326607349342e+00
6.002448434780221831e+00
-6.388897172792923129e+00
-2.546496725777572134e+00
-1.052674170079833660e+00
-1.350311694743344670e+00
-4.835133524953811879e-01
-2.873352168304667664e+00
3.020380429975089598e+00
1.341044643844695461e+00
7.847120149810763223e+00
-1.388733432861010586e+00
