6.967145696881833494e-01
1.128825263402841061e+00
-3.500459642571252417e+00
3.671739494049438779e+00
-1.628959227982933466e+00
-4.073109271008079624e-01
-6.632390871062818771e-01
3.374144723416652170e+00
-3.857794676861965311e+00
2.202784016101107412e+00
4.234036310520895796e+00
-5.809828220366221707e+00
-2.290670100440287182e+00
-9.455345652514237642e-01
-1.470733060674582537e+00
9.486124454040194554e-01
4.072332176610556354e-01
8.335506856005547860e-01
1.544902130778853522e+00
-3.388693390669974992e+00
1.465269974692634314e+00
4.165551649607848184e-01
1.022739640478858680e+00
-3.200972758913841254e+00
8.279581909775226567e-01
1.306464540494561399e+00
-1.746068411840645762e+00
1.444321713909578753e-01
3.000863957024713091e+00
4.165632104722535090e+00
-2.752339373712276327e+00
1.903915717761136772e+00
2.109144176278070049e+00
-1.250428588338635683e+00
1.786796806742089849e+00
9.493471939890452127e-02
-2.675700198657822160e+00
-4.505455528370714724e+00
-3.334214907677316653e+00
-2.286170625896896347e+00
-2.691048760500232451e+00
8.113209584736732483e-01
1.995956812010184933e+00
-4.873449639837551750e+00
2.592393901285675817e+00
5.401211134575159889e+00
1.725915933716725581e+00
4.518406698045620118e+00
-4.475437006189014744e-01
-1.561867399031056536e+00
-2.009375556352221981e-02
-2.123352614023517937e+00
1.764689748839300742e+00
2.868277185015222663e+00
9.625470548183472363e-01
-4.185686014787047604e+00
3.120482775576483014e-01
-1.136258150334906070e+00
-4.257533205856277370e+00
4.744922619495520522e+00
1.359643340975192682e+00
1.200919650289068663e+00
-5.480580669735946042e-01
-3.282155082375946886e+00
-3.155481146473934739e+00
-2.132880261125751353e+00
2.743492463483384824e+00
-2.111730627991954545e+00
1.134435699838741707e+00
2.570360018854093376e+00
5.842486365419042649e+00
2.846986736528754225e+00
2.969349390889441054e+00
6.377297934799459611e-01
1.787526281117313598e+00
-2.739139108401373868e-01
1.393190855156342334e+00
8.361730118239474319e-01
-2.505536558309030326e+00
-2.720086476839520095e+00
-2.416801375900982318e+00
7.629645200420362983e-01
1.155527094414272038e-01
-2.693612352786079800e+00
-6.528098749443678184e-02
3.295759866179759801e+00
-2.045917540864305995e+00
5.762842170669873809e+00
-5.424713361057893479e-01
1.943791193342412127e+00
-2.745295527143969405e+00
-2.531725794702114340e-01
-1.894813923255926236e+00
-3.650011353577506501e+00
-2.042162983923399011e+00
-7.408459268980410739e-01
-4.745278124188820001e+00
-9.359583115325413871e-01
-1.778743373294322971e+00
4.289560757586488471e+00
-1.614119381099817785e+00
3.706689669766393358e+00
-1.860640646189909431e-01
1.500240292182477120e+00
-8.019407379156441307e-01
1.043625510064893014e+00
-4.130909444021859223e+00
-3.295326030339989387e+00
-1.109529723050914907e+00
-1.292391636802995514e+00
-6.651177451917421601e-01
-6.801154779338813849e-01
7.472481950012397345e-01
-5.173511533854940891e-01
-2.537615024691497467e+00
-1.547024173975931061e-01
3.888522114647635641e-01
3.458826912612499083e+00
-1.466213533986416184e+00
-4.413821636458068909e+00
-2.383967254981904649e+00
2.275268039520053076e-01
-2.155802655628654474e+00
3.922785853994615657e+00
-2.922704041020466548e+00
1.200188032595701060e+00
5.411474883241260692e-01
3.063492593958991872e+00
2.911705127335365795e+00
2.571792569855150035e+00
5.088826571110247610e-01
-1.864437558490104729e+00
3.043277746954502927e+00
3.140414107159794632e+00
-4.052588486077565832e+00
-8.210049911926039501e-01
4.402496963204622915e-01
2.717254686671512154e+00
1.154068970925692383e-02
6.592843722900791903e-01
-2.577217306620533943e+00
-1.894665962298395234e+00
1.676891304771320756e-01
-1.827393668137324401e+00
7.453654272105740830e-01
3.066813926835131987e+00
-1.205418830230031269e+00
-1.936923857814917493e+00
2.335843016478119427e+00
-2.978124468565255811e-01
3.855089670158500237e-01
2.084669803850288439e+00
-3.615177877176229515e+00
1.243531160775941169e+00
-4.039603772220719868e+00
2.091793846984444816e+00
1.312878688500421998e+00
-1.327518845020994487e+00
3.537931793913514644e-01
-2.548915466316836298e+00
4.493850971327715271e-01
3.442656726202177053e-02
-1.017498979935411052e+00
8.963506589226200028e-01
-1.874161110564317223e+00
-1.014777156099333721e+00
-4.157550312518952573e+00
-1.411752858684793388e+00
-2.855377453007145405e+00
-1.588346356723730146e+00
2.653168150006097292e+00
-1.566686458216406674e-01
-9.510992049337387844e-01
8.337528669131150094e-01
2.857045718555231595e+00
2.991766137511509882e+00
-3.689781808612480063e-02
-3.866395060498208358e-01
-3.166959891564520291e-01
2.587858573728016420e+00
4.158177351547442946e+00
3.878835108433702050e+00
-2.404516721933630752e+00
-2.981971873304404497e+00
-2.921278251435004414e+00
-3.032251333896133438e+00
3.045807418703109448e+00
-1.411131978077426963e+00
7.398037679411757495e-01
2.590304749153600206e-01
3.250045036709166002e+00
-1.398959194351736990e+00
2.483780943413004039e+00
2.175709914828627856e+00
-4.656364770342896087e+00
-4.226122558360895454e+00
-1.945342730294996381e+00
1.458668172488372328e+00
-1.528402373214255539e+00
-3.434467972087736243e+00
-3.643286157480659426e+00
1.818458842984866930e+00
4.719812463059452234e+00
3.940015988196546193e+00
1.118411907582016918e+00
-1.496236045724814945e+00
-4.859005156169982631e-01
3.970651201093986948e+00
2.072839127113496271e+00
-2.475245527689247549e+00
-2.195754585759680300e+00
-6.425185663342432019e-01
-6.601852401436005824e-01
4.340388276269351309e+00
2.371532916159885485e+00
-1.650882061985582405e-01
5.607274947325102676e-03
1.178825698139583711e+00
3.906256117865822386e+00
4.797777222423345478e+00
-1.693474906835865657e+00
9.175841488736546925e-01
2.514087590687219986e+00
2.836932137680959087e+00
-3.085735589438260984e+00
-6.012393368755195588e-01
3.281557184750071965e+00
-1.880257284906822424e+00
4.650300623927974275e-01
2.649703697497015398e+00
-7.514732537849936334e-01
-3.189194530599901434e+00
1.866138313195787879e-01
-4.192174470788593510e+00
2.782346389007412935e+00
1.600889834138897183e-01
3.981444469086754090e+00
1.290230241874551709e+00
8.259763794587900998e-01
4.353279021188626530e+00
-1.239379145399889026e+00
5.202178053254901791e+00
2.493929413781869275e+00
5.825991498935524149e+00
-1.530880546983898416e+00
6.298184437315178519e-01
-3.226124974426493042e-01
1.149332397170308995e-01
2.108250611316051071e+00
-1.464651033154770632e+00
1.669397543405890971e+00
-4.261695418466485918e+00
-7.928811880496441367e-01
1.916578734634031944e+00
-5.762698314292580282e-01
-4.404038777661361870e+00
3.971338689647046394e+00
-2.004606936198240597e+00
-1.205581396443825115e+00
-2.520961182760090402e+00
3.289344446479709916e+00
-2.617025388941436326e+00
9.195562325489584632e-01
-3.014275697824994715e+00
-9.143626377457403365e-02
