5.049251468779866192e-01
-5.855956511202776937e+00
5.963118984295241454e+00
4.175364051749473226e+00
2.326963492226672425e+00
1.205063728494548458e+00
7.396907207792913219e-01
7.058218831075916411e-01
-2.074035312944535026e+00
1.029086274976754589e-01
-4.325342147437940099e+00
-3.074398022420810062e+00
5.146989765141876561e+00
2.359503120685225497e+00
-2.975195336362337351e+00
-5.136041270621170440e+00
1.400401903785126967e+00
-4.266032165901853190e+00
5.161177467363668114e+00
3.870940132085218810e-01
2.419147552543827739e+00
7.941320302861476499e+00
-3.743401944428666805e+00
-1.006649004021416260e+01
-1.597965028217676053e+00
-4.202421955491184136e+00
2.715294164606886884e+00
-1.664192176180763871e+00
4.834954513110708563e-01
6.973913550579985410e-01
-3.918736266059173357e+00
4.335494407177561960e-01
-1.420198172927308544e+00
-3.655241639930896014e+00
1.655287684157993988e+00
1.845864268156081733e+00
-1.605890137862810541e+00
2.510973580661045368e+00
-3.983549114591666829e+00
4.740008224274186333e+00
-2.528084819309579956e+00
-6.169366088265713977e+00
9.151867384141689765e-01
4.494754775905808186e-01
4.285163533420784709e+00
6.121215978366525867e+00
-2.210415800812691511e+00
6.195694830123724905e+00
1.157738952248696496e+00
-6.429988079638128129e-01
-5.393660434383993341e+00
1.712202241479221509e+00
6.422529722676575403e-01
-1.015523033750166171e+00
9.373642357073990183e-01
-1.899480483343201964e+00
2.029216017020842422e+00
2.014426519250485104e+00
-6.677674296110994723e-01
-3.378028984463270046e+00
-2.953658933625358252e+00
1.079903396578908925e+01
5.406527578250701183e+00
4.875395309831977109e+00
-1.486552455381941140e+00
5.347243934264740428e-01
4.494757425892384362e+00
-5.087027536380842818e+00
5.610665454012089270e+00
-2.185874227423149296e+00
2.859961336366328322e+00
9.750534716868843876e-01
-1.860423841656717592e+00
2.133603637127269970e+00
-2.920156576118827285e+00
1.887256865274826168e-01
-1.643608088657292798e+00
1.773357250995399870e+00
-5.861544574862140422e+00
1.881742261379660386e+00
6.307210234766963630e+00
4.917462748966173969e+00
-1.598509512334399307e+00
3.664142080013570446e+00
4.087034988607400443e+00
2.412610662160606101e-01
5.240705253165951483e+00
-3.187945250963035271e+00
7.847173418582629623e+00
2.516298567683856291e+00
1.757330853338327170e+00
6.070386350950765508e-03
-1.987435033786955962e+00
1.101894778656457019e+00
-3.327731006968618122e+00
2.571344022953653496e+00
-6.728047047081505028e+00
-6.415157868273866804e+00
2.012971365027529380e-01
7.030624657909413378e-01
7.331953891762726938e-02
4.570194889670674776e+00
1.446757682259363964e+00
-4.984455292521696723e-01
2.337310526041808778e+00
-4.602754071996767671e+00
5.086571551569509353e+00
2.732140674032729422e+00
2.377272681365879325e+00
-7.024954286670264114e-01
7.572994484389719005e+00
1.053522597359182189e+00
-2.150333030583684746e+00
-8.225935840422076151e-01
-1.018420297926509477e+01
-6.115293576102033057e+00
-5.501558673400268606e-01
-1.021604789817502690e+00
5.556399850406409158e+00
5.604606906197723504e+00
2.601875340056589714e+00
-1.380998206045486176e+00
5.071609828007049181e+00
2.390107929223659056e-01
5.578732838507248104e+00
-1.953667860145442026e+00
6.333830307840335294e+00
-3.436899630462680211e+00
-4.105782159626005345e+00
1.446869627066250885e+00
-5.111638582399988806e+00
2.953752010321384347e+00
3.410805652143628741e+00
-1.078932464070993857e+00
-1.996232596990561659e+00
-4.760224200331278688e+00
-2.681189750768704805e+00
-2.468565017762153424e+00
-1.144339027240850903e+00
7.645920684463998640e+00
-8.961593915946011180e+00
3.730388995499256843e+00
-1.064177360350912593e+00
-1.232629364210915401e+00
6.038009374125322681e-01
3.071820272679895769e+00
-1.300353368645055241e+01
6.734640492467315331e-01
-5.995866702359295974e-01
-5.045871982256585397e+00
3.684272649400547550e+00
2.061079702807951719e+00
3.553766187943692145e+00
-2.268636486190915846e+00
-2.870171813393780802e+00
1.098808291808476501e+00
-2.684984782051647478e+00
-1.249147480604507976e+00
-3.059083121764046620e+00
-8.900488767063794437e-01
-2.454826712988977810e-02
-4.075087411430465267e-01
-2.703565245451417520e-01
2.668235584228055846e+00
-2.820235141208995433e+00
-3.170005219284279807e-01
-2.205679910269482402e+00
2.213281378564552426e+00
-8.827897859825653004e-01
1.913020119830962207e+00
4.295672030285724308e-01
-2.958985282499394742e+00
-7.913684707771553306e-01
-5.283337936224151044e+00
2.250988022113359133e+00
-1.034329994990796031e+00
-3.236393847984095018e+00
-5.453394794066424023e-01
-2.370957780384201463e+00
-4.972134416961801584e+00
-3.385617232069511040e+00
-1.305369574219494844e-01
-2.831860883756679215e+00
2.006013792541201823e+00
1.000042169798298408e+00
4.373276675786069490e+00
7.805445008337041912e-01
8.096809389073342245e-02
-2.098193347866156078e+00
-2.876301024681703122e+00
-4.911751479092995254e+00
1.015534749965335060e+01
-5.087359042069617310e+00
-5.576573812524710405e+00
-8.665972789426996670e-01
-8.990015155030761651e-02
2.324893683620525842e+00
-7.315308962690417083e+00
1.474642987616060719e+00
1.957929407019227686e+00
1.204925069602099441e+00
-3.646492133595335972e+00
-4.648487098808863349e-01
5.796631284162819142e+00
5.149870430212205363e+00
-9.807393446227412603e-01
-1.496192290350636389e+00
5.316188907794085594e+00
1.296138510607236505e+00
8.771054276843905484e+00
-7.407332201830033824e+00
-1.471489823856080292e+00
-4.191712991112522824e-01
-1.578088827158220797e-01
-1.155068116120884003e+00
-5.055564075259402657e+00
4.869627748285658142e-01
-2.358083557937120212e+00
-2.821723917879294330e+00
1.170255169082538238e+00
-3.365501756874299311e+00
6.476212566183574104e+00
4.879314370852450899e+00
2.650819873136418536e+00
-9.516046950449866815e-01
4.424277042855584874e+00
3.519940004205394324e+00
5.730050161758676985e+00
3.763612256541634338e+00
1.332428416694154016e+00
7.791212257029510369e+00
-1.343183591190598491e+00
1.117333414789861257e+00
-8.553503296039338011e+00
-8.062662719994690974e+00
8.974371104432321555e-01
-3.724595019807023011e+00
1.687619053024466353e+00
-8.508064302489466435e-01
-8.009161949095976452e-01
3.331770121682491315e+00
-2.006992586845338433e+00
8.708623976613009132e-01
4.744385111080529960e+00
1.403632696517962852e+00
3.006163584313408688e+00
-3.369987378612534279e+00
-1.074338936436766145e-01
5.686219825166574093e-01
-1.290770417894392397e-01
6.431947889319570955e+00
6.460337218791154079e+00
5.266214935649289330e+00
-2.620129061317623687e-01
4.094313593643531313e+00
2.503427460259804782e+00
-4.546495930954832509e-01
-3.216130573994517849e+00
3.155514669200787825e+00
-3.642127555047491860e-01
-7.345245210291371230e-01
-2.530254479916036026e+00
-1.864122347344010056e+00
5.431541927936941683e+00
6.606349918331816617e+00
