2.497336727785028021e+00
4.331566900283024601e+00
-6.251849572091347618e+00
4.105124408676719128e+00
-5.412833790108549259e+00
-2.456516078207761300e+00
1.157978298462448929e+00
-3.114873163270097112e-01
-9.654689278901931182e-01
-2.059397496395162785e-01
2.987648184224362513e+00
-3.829958192190478616e+00
-2.970683424156166819e+00
-4.588586449084456120e+00
-2.281435160906574389e+00
-1.343981897752284382e+00
4.755506604629461620e+00
1.961171278489949321e+00
1.937874830188738962e+00
-5.737345127869605932e+00
3.720483064215690749e+00
4.104542507789417982e+00
2.755556121976011408e+00
-5.092966460222551284e+00
-2.129885391888946433e+00
2.695131901947767084e+00
-2.121059275517582776e+00
-2.477364516575299547e+00
1.789645728608146413e+00
4.287958579421638383e+00
-1.652779562040103567e+00
2.417211624110064960e+00
3.427454427620837407e+00
-1.485585762756414629e+00
6.174154218801428673e-01
4.178739412838281098e+00
-3.137326879083910836e+00
-5.592162046984172186e+00
6.430184444903519481e-01
-1.795491928812444682e+00
-1.692733559698451629e-01
-1.045611058235693225e+00
2.549906153679343479e+00
-6.057375854481677813e+00
3.377274164671464796e+00
6.653665368015806436e+00
3.764862144021424717e-01
-3.369036378227980300e-01
-5.404160576881644751e-01
-1.561549951101504963e+00
-1.249191527104499322e+00
-1.066235888524468933e+00
-2.774261334458206774e-01
2.425965834260220610e+00
3.640902669486088428e+00
-4.059651503970227893e+00
-1.587186030186564123e+00
-1.597264940528918764e+00
-3.809958105123233629e+00
3.808101679679645191e+00
5.982998593866031278e-01
-2.581707509958879765e+00
-3.224181131344717066e+00
-6.222663729214321648e+00
-2.099919881395742038e+00
-2.904690610444197407e+00
8.395577902061779341e-01
-5.589486643219054862e-01
3.486056326889168666e-01
1.512866438059460972e+00
4.836616230515016213e+00
3.361663724835842970e+00
2.729119653062433315e+00
7.629791298058935523e-01
2.229794619776425790e+00
-1.220775988543624235e-01
4.079243565682937778e+00
3.452176867588853337e+00
7.859564180180238502e-01
-2.502564255551484429e+00
-1.529831318072440993e+00
2.876379872611142252e-01
-1.629320685359705978e+00
-4.985468341587122154e+00
-5.052977378906599704e+00
3.745331483884416279e+00
-1.519522053145826002e+00
9.064763819708913317e+00
1.137546767686185234e+00
-6.089412746661003739e-01
-1.112098078410865831e+00
7.629244700265193080e-01
-4.421611335877397408e+00
-1.537999818762932458e+00
3.430546598738110076e-01
-1.964530010160829843e+00
-2.741276752412667328e+00
-2.669295721096372809e+00
-2.029758692207114468e+00
1.660840162226300265e+00
-5.458688326333858143e+00
1.415303535655270117e+00
1.758883459202341903e+00
1.994737827625415072e+00
1.493379205762682238e+00
-2.442787193614652796e+00
-6.341923666492641054e+00
2.268950437101378004e-01
-5.841510668630718328e+00
2.985675339294035169e+00
-3.438019945109790143e+00
-1.308028433206776420e+00
4.294544540086263851e+00
-5.191496246615551202e-01
-4.439673749254016144e+00
1.317539435804996328e-01
2.642047500571226504e+00
4.188940271246764269e+00
9.103902385210930204e-01
-1.504996573185648057e+00
-6.805289866907751950e+00
-1.921470602576423214e+00
-2.491674491924048773e+00
2.944134461572546435e+00
-4.807847897946283311e+00
3.551857306373304546e+00
1.489904376782194007e+00
6.937670880839523768e+00
6.047601523545578672e+00
8.877276536822333863e-01
1.172355452065453996e+00
1.552609460798642704e+00
9.668581559509903389e-01
4.801589405598996940e+00
-7.492436551531582722e+00
-2.260877660288437063e+00
1.807058805394707424e+00
4.164908335333382006e+00
-1.160357759712069337e+00
2.481512798345959503e-01
-9.912426824652920132e-01
-2.379140182105621282e+00
2.525185546362680888e+00
2.968052856422633834e+00
1.473952382269739125e+00
3.111673764598533509e+00
-9.107291654555044191e-01
8.463158345976743435e-01
2.282157498175667154e+00
3.330732279044152477e+00
-7.272080852944391438e-01
1.288907018248218073e+00
-1.203019382592745323e+00
4.260104025941727102e+00
-2.361437169960305837e+00
2.859894172990226302e+00
2.792269347267108071e+00
-4.187800124711888117e+00
8.877205608248646129e-01
-4.513625557688003553e+00
2.163357030077118992e+00
3.785230878458525350e+00
-1.320874999380898585e+00
2.212649402636253981e+00
-3.332378870060987097e+00
-3.385918331349014654e+00
-4.911979320768627311e+00
2.398571275160891747e-01
-2.296728990510501500e+00
5.587841728029496746e-02
2.775088924532403301e+00
4.025868009411853521e+00
-2.678372751851696876e+00
-1.857063326145276250e+00
1.439024485157894828e+00
7.926816661885207616e+00
1.835751590075183737e+00
3.273573004608234527e+00
1.036585011793817124e+00
5.294020756228565716e+00
4.260441066443044100e+00
1.773400496804248494e+00
-6.362800488249042985e-02
-1.678404504249515483e+00
-6.260717463405720551e-01
-2.365481442294400605e+00
7.313353705053939002e+00
-8.909813889626043704e-01
6.282517257698300162e-01
-1.553637033949201829e+00
6.857864829207453994e+00
-9.191025065227015345e-01
5.734221586329599774e-01
1.170208806926322342e+00
-1.514001411995387514e+00
-3.915149086645724363e+00
1.522841190127991462e+00
5.256958498056853557e+00
4.186754043326978980e-01
-3.571188896672517377e+00
-9.914771452951646191e-01
1.672636235143347028e+00
5.321855735512118102e+00
3.173922884336092043e+00
1.291527355750106576e+00
-4.545767869871835676e-01
-4.671987560635963987e-01
3.503465884332057634e+00
-2.684085203290936139e+00
-4.101906313040305285e+00
5.756185818361778672e-01
-3.810940493933523410e+00
-1.722808274466090861e+00
3.495325331537446178e+00
3.622821757513564389e+00
-6.716126085535775170e-01
-1.379289249470761147e+00
2.815526341908861863e+00
5.058654835209932976e+00
5.385895471911344323e+00
-2.277929284021771750e+00
-1.979773000805598260e+00
5.709376318101544001e+00
1.948183265654972462e+00
-5.887736434297955235e+00
-2.251417087480860335e+00
3.409191935896948689e+00
-2.330194144980340276e+00
1.674220051337690585e+00
-3.986633952564503369e-01
3.451461054437504616e-02
-4.676936955511612481e+00
-2.473353292463408959e+00
-2.552927701426180196e+00
4.181034556675633063e+00
7.899039941757985961e-01
3.609427200985561690e+00
-4.770089542270621319e-01
4.970407864755904903e+00
4.500900635537982808e+00
-1.156766841650045619e+00
8.318741841285085314e+00
6.457361568820175757e-01
9.974638466500318046e+00
-2.105020976993823290e+00
-6.383085781441031337e-01
8.625090374607090604e-01
-1.555558563428374619e+00
1.956497580733013386e+00
-2.079172741525321833e+00
-1.769151840754785265e+00
-6.113083365386958512e+00
1.193984698162068758e+00
3.408937526965557741e+00
3.082165790961854501e+00
-5.725645825692026847e+00
7.254569419765274141e+00
-3.454523075861332115e-01
-5.958212356225565109e-01
-3.190979335283619100e+00
1.970291587439942038e+00
-3.490718360042449842e+00
5.370291877605755104e+00
-4.396408088536634118e+00
-3.238053105275262133e+00
