9.055261721302757749e+00
-8.828319584910117257e+00
6.167249844283442251e+00
1.964937812871019540e+00
-5.713710302709039679e-01
-1.519642163107032706e+00
-5.715404427398010689e+00
3.156761678151990047e+00
-1.826419925298870872e+00
4.869777224055968912e-01
3.194018681121946202e+00
2.838940100223261709e+00
3.472597796639109280e+00
1.062321916367601204e+00
-7.158906219955571082e+00
-1.174251280143293386e+01
-1.049176746361196733e+00
-3.669532923116521239e+00
6.287433347100546577e+00
1.463723342175081710e+00
4.490574474514329451e-01
1.102780947271786260e+01
-4.518437470951103485e+00
-1.695321994745100369e+01
-2.621712198032644991e+00
-3.675346647398045619e-01
5.130967450850481448e+00
-8.451562175076190897e+00
-6.295026120311102424e+00
-7.069519640683492590e-01
-1.625778335541860464e+00
-7.462343951324591274e+00
1.446905738524284502e+00
2.452441354574883547e+00
7.354923570724276605e-01
4.070479708622324999e+00
5.889334559393106794e-01
-1.862824728860173806e+00
-5.189207382013972136e+00
5.073978060963394654e+00
-9.609840625377360501e-01
-6.507200149046763471e+00
-1.160111862351663081e+00
2.244156408030710370e+00
6.348823162408782750e+00
5.399996322484072131e+00
-1.635042911597774040e+00
2.496456470385602699e+00
3.961208722753590816e+00
4.178901957937670275e+00
-6.081697975250144772e+00
9.013745302166078499e-01
1.701686806049768963e+00
-2.715801946158200586e+00
-1.536499826973826366e+00
-6.756327720555184158e+00
6.444912372314440807e-01
-1.050373510957868239e+00
1.778004113601452385e+00
3.530076972535662883e+00
-5.375254917053926995e+00
1.167206076510226076e+01
8.350803884995922743e+00
7.524832630245011700e+00
-1.893144027892745385e+00
1.464447690854602246e+00
5.176321820324657708e+00
-1.127293430480483494e+01
8.794697943051367872e+00
-1.286419942457061039e+00
5.941747398161922433e+00
3.650487986405929419e+00
-1.029740999524424794e+01
-1.031082629515589932e+00
-9.861856125979592491e+00
4.296907584893034482e+00
-3.177071502011583171e+00
4.462910128189397696e+00
4.883338784871471994e+00
-1.709363980612502942e+00
8.858217946205339643e+00
2.083481452008569601e+00
-1.294961148884794966e+00
9.558556053363252758e+00
-1.678770696876956681e+00
-3.135980012028842356e+00
-6.714841055008555770e-01
-3.284022314067896353e+00
9.095583908900067627e+00
8.586528678704780759e+00
1.079524491810146003e+01
-1.150128535474872260e+00
4.602387458193888392e+00
5.324775951431075072e+00
-7.397664183637148838e+00
4.691799502463256388e+00
-1.867190204471556481e+00
-2.581328703358877874e+00
1.009557397225282482e+00
-3.689627932501497121e+00
-2.291053770083858687e+00
1.178875183533316928e+01
1.397687116154037623e+00
-2.335789504190774135e+00
1.356122103638134790e+00
-1.848233973314377110e-01
1.320298241240644366e+01
-3.417901958961718112e+00
2.702577887959302316e+00
-7.515677603843382570e-01
4.603494267035263654e+00
-1.351758832124014154e+00
2.135059094834154680e-01
3.500688054916632375e+00
-1.317091301063323705e+01
-1.211276311323607580e+01
4.177162101166031150e+00
4.971015078789487340e+00
4.725188880092875188e+00
1.213755497499059866e+00
4.922622565557287722e+00
-3.418638207631933490e+00
7.037403837308700005e+00
-8.521960917913741440e+00
-2.522822600772890222e+00
6.349300754836568750e+00
1.954331249889518229e+00
-2.008715520906680041e+00
-8.867585528974084141e+00
-2.952872183258437921e+00
3.032452456573229593e+00
5.482605577251868922e-01
4.331678706324604278e+00
4.811079192828556117e+00
-1.867639789733756883e+00
-3.328060779194655261e+00
-3.995991778376354997e+00
2.888415339492450329e+00
-2.098744944146953895e+00
1.266966143592250482e+01
-7.320061740185509258e+00
1.901237070275797247e+00
-2.366360609817609539e+00
2.022538898718599043e+00
2.236717736534434842e+00
-4.488988226701456696e+00
-1.221281945275394953e+01
6.587147558757431298e+00
-6.195679699254865724e-01
-7.901587332809553388e+00
5.655440098493181189e+00
-2.112918890707255137e+00
8.052159181729243720e-01
-4.679539668676925501e+00
-2.547749548923409879e+00
2.277935437569551969e+00
-8.747823139739407949e+00
-4.063592112664422551e+00
3.785210853357142469e+00
4.552068569410212540e+00
1.705574768422519538e+00
1.102992879142244143e-01
1.483852738569694685e+00
-2.319145978963041976e+00
-1.229806771959091094e+01
-8.172587433420706038e-01
-3.770185119751585212e+00
1.348054986446006964e+01
4.486369372509468434e+00
-2.451337759260357352e+00
-5.743949243993094811e+00
-9.509487755226487593e+00
-7.401576590846867809e-01
-4.883609243415399703e+00
3.280024733137245629e+00
-3.092639924858954892e+00
1.095900090440201646e+00
-7.176958132350492292e+00
-9.179789873325994165e+00
-7.837712305478715002e+00
-3.381359151352513415e+00
-1.002644438968751217e+01
1.621669295477393469e+00
-5.515449472670344022e+00
5.171230855790295067e+00
5.799479103141655933e+00
-3.056525558026899958e+00
-6.232742272667517458e-01
-7.263070930086435339e+00
-6.436062201989354747e+00
-5.996114556869365231e+00
1.617027143039756609e+01
-1.300083314568639459e+00
-8.907339478958746781e+00
-2.487460247394642110e+00
-6.818663811216441495e+00
3.906210326680711553e+00
-2.729710262368299389e+00
2.522421170298578375e+00
6.066178299698471221e+00
2.753377412804230762e+00
3.545415428383051459e+00
2.751923160094811749e+00
8.826498983184990266e+00
4.895463505631121315e+00
-1.016105625730554518e+00
1.913165620431200864e+00
2.625896459109859471e+00
8.846410986309640734e+00
1.000396068925361170e+01
-5.461290525826979270e+00
-7.989579437744722679e-01
1.453780376550396269e+00
-1.136912403610081723e+00
-7.952028000396417440e+00
-3.783234051554292598e+00
2.656538322563350984e-02
1.457334260541184090e+00
-3.270760315332074342e+00
-2.339696985944550889e+00
-5.339029909851813471e+00
5.830515760544706438e+00
7.857216802358210295e+00
-3.430245786843408862e+00
1.113203232710068269e+00
2.259229053086430294e+00
6.135962848440732031e+00
6.196337213344635941e+00
-3.843678389360071224e-01
1.267495384566693861e+00
7.514139546037996276e+00
4.080809120059512907e+00
-2.251253407037303145e+00
-6.893492644448754092e+00
-1.242344394301864874e+01
-6.309205898444107952e+00
-5.500961811613369612e+00
-3.650900860125444236e+00
-6.523518223638465230e+00
-4.822688708378441547e+00
4.616307039076946062e+00
-9.792052718564907554e-01
3.384823438910910198e+00
4.102932729545826773e-01
-4.399824437628643281e+00
-1.759232238091702705e+00
-3.081504004288451615e+00
4.825700705499532006e+00
2.938623990306531653e+00
3.489048948646377823e+00
7.561294320301232830e+00
7.015125697014452655e+00
7.555123778668711765e+00
-9.349180946311630436e+00
1.516708883318825585e+00
5.472043856902303993e+00
-6.210508305661851303e+00
-6.701500688879657552e+00
-3.526668032765646998e+00
-7.951208687714472756e-02
2.863648329791801395e-02
-1.334807873951691093e+00
-3.783383853390992257e+00
1.492244164370807624e+01
1.245561211315515671e+01
